post_id,split,label,post_iri,feature,module,concept_uri,value,used_downstream
1mug8n6,train,2,http://wfrp.ia/resource/reddit/post/1mug8n6,ont_Datos_Neutro,data,http://wfrp.ia/dominio/ciencia-tecnologia#Datos,1.0,False
1mug8n6,train,2,http://wfrp.ia/resource/reddit/post/1mug8n6,ont_has_ontology_elements,global_counts,,1.0,False
1mug8n6,train,2,http://wfrp.ia/resource/reddit/post/1mug8n6,ont_count_domain_concepts,global_counts,,1.0,False
1mug8n6,train,2,http://wfrp.ia/resource/reddit/post/1mug8n6,ont_total_neutro_mentions,global_counts,,1.0,False
1mug8n6,train,2,http://wfrp.ia/resource/reddit/post/1mug8n6,ont_domain_score,global_counts,,1.0,False
1mug8n6,train,2,http://wfrp.ia/resource/reddit/post/1mug8n6,ont_domain_density,global_counts,,0.041666666666666664,True
1n111of,train,2,http://wfrp.ia/resource/reddit/post/1n111of,ont_InteligenciaArtificial_Neutro,ai,http://wfrp.ia/dominio/ciencia-tecnologia#InteligenciaArtificial,2.0,False
1n111of,train,2,http://wfrp.ia/resource/reddit/post/1n111of,ont_has_ontology_elements,global_counts,,1.0,False
1n111of,train,2,http://wfrp.ia/resource/reddit/post/1n111of,ont_count_domain_concepts,global_counts,,1.0,False
1n111of,train,2,http://wfrp.ia/resource/reddit/post/1n111of,ont_total_neutro_mentions,global_counts,,2.0,False
1n111of,train,2,http://wfrp.ia/resource/reddit/post/1n111of,ont_domain_score,global_counts,,2.0,False
1n111of,train,2,http://wfrp.ia/resource/reddit/post/1n111of,ont_domain_density,global_counts,,0.034482758620689655,True
1n07dr6,train,0,http://wfrp.ia/resource/reddit/post/1n07dr6,ont_has_ontology_elements,global_counts,,1.0,False
1n07zib,train,0,http://wfrp.ia/resource/reddit/post/1n07zib,,,,0.0,False
1mwq1az,train,2,http://wfrp.ia/resource/reddit/post/1mwq1az,ont_Datos_Neutro,data,http://wfrp.ia/dominio/ciencia-tecnologia#Datos,1.0,False
1mwq1az,train,2,http://wfrp.ia/resource/reddit/post/1mwq1az,ont_has_ontology_elements,global_counts,,1.0,False
1mwq1az,train,2,http://wfrp.ia/resource/reddit/post/1mwq1az,ont_count_domain_concepts,global_counts,,1.0,False
1mwq1az,train,2,http://wfrp.ia/resource/reddit/post/1mwq1az,ont_total_neutro_mentions,global_counts,,1.0,False
1mwq1az,train,2,http://wfrp.ia/resource/reddit/post/1mwq1az,ont_domain_score,global_counts,,1.0,False
1mwq1az,train,2,http://wfrp.ia/resource/reddit/post/1mwq1az,ont_domain_density,global_counts,,0.05555555555555555,True
1mxx49c,train,1,http://wfrp.ia/resource/reddit/post/1mxx49c,ont_InteligenciaArtificial_Neutro,ai,http://wfrp.ia/dominio/ciencia-tecnologia#InteligenciaArtificial,1.0,False
1mxx49c,train,1,http://wfrp.ia/resource/reddit/post/1mxx49c,ont_has_ontology_elements,global_counts,,1.0,False
1mxx49c,train,1,http://wfrp.ia/resource/reddit/post/1mxx49c,ont_count_domain_concepts,global_counts,,1.0,False
1mxx49c,train,1,http://wfrp.ia/resource/reddit/post/1mxx49c,ont_total_neutro_mentions,global_counts,,1.0,False
1mxx49c,train,1,http://wfrp.ia/resource/reddit/post/1mxx49c,ont_domain_score,global_counts,,1.0,False
1mxx49c,train,1,http://wfrp.ia/resource/reddit/post/1mxx49c,ont_domain_density,global_counts,,0.08333333333333333,True
1mpccws,train,2,http://wfrp.ia/resource/reddit/post/1mpccws,ont_has_ontology_elements,global_counts,,1.0,False
1n0zrz4,train,2,http://wfrp.ia/resource/reddit/post/1n0zrz4,ont_Datos_Positivo,data,http://wfrp.ia/dominio/ciencia-tecnologia#Datos,1.0,False
1n0zrz4,train,2,http://wfrp.ia/resource/reddit/post/1n0zrz4,ont_has_ontology_elements,global_counts,,1.0,False
1n0zrz4,train,2,http://wfrp.ia/resource/reddit/post/1n0zrz4,ont_count_domain_concepts,global_counts,,1.0,False
1n0zrz4,train,2,http://wfrp.ia/resource/reddit/post/1n0zrz4,ont_total_positivo_mentions,global_counts,,1.0,False
1n0zrz4,train,2,http://wfrp.ia/resource/reddit/post/1n0zrz4,ont_domain_score,global_counts,,1.0,False
1n0zrz4,train,2,http://wfrp.ia/resource/reddit/post/1n0zrz4,ont_domain_density,global_counts,,0.06666666666666667,True
1n0xrbd,train,2,http://wfrp.ia/resource/reddit/post/1n0xrbd,ont_Tecnologia_Neutro,technology,http://wfrp.ia/dominio/ciencia-tecnologia#Tecnologia,1.0,True
1n0xrbd,train,2,http://wfrp.ia/resource/reddit/post/1n0xrbd,ont_has_ontology_elements,global_counts,,1.0,False
1n0xrbd,train,2,http://wfrp.ia/resource/reddit/post/1n0xrbd,ont_count_domain_concepts,global_counts,,1.0,False
1n0xrbd,train,2,http://wfrp.ia/resource/reddit/post/1n0xrbd,ont_total_neutro_mentions,global_counts,,1.0,False
1n0xrbd,train,2,http://wfrp.ia/resource/reddit/post/1n0xrbd,ont_domain_score,global_counts,,1.0,False
1n0xrbd,train,2,http://wfrp.ia/resource/reddit/post/1n0xrbd,ont_domain_density,global_counts,,0.08333333333333333,True
1mwze3i,train,2,http://wfrp.ia/resource/reddit/post/1mwze3i,ont_Futuro_Neutro,future,http://wfrp.ia/dominio/ciencia-tecnologia#Futuro,1.0,False
1mwze3i,train,2,http://wfrp.ia/resource/reddit/post/1mwze3i,ont_has_ontology_elements,global_counts,,1.0,False
1mwze3i,train,2,http://wfrp.ia/resource/reddit/post/1mwze3i,ont_count_domain_concepts,global_counts,,2.0,False
1mwze3i,train,2,http://wfrp.ia/resource/reddit/post/1mwze3i,ont_total_neutro_mentions,global_counts,,1.0,False
1mwze3i,train,2,http://wfrp.ia/resource/reddit/post/1mwze3i,ont_domain_score,global_counts,,2.0,False
1mwze3i,train,2,http://wfrp.ia/resource/reddit/post/1mwze3i,ont_domain_density,global_counts,,0.004651162790697674,True
1mztu7g,train,1,http://wfrp.ia/resource/reddit/post/1mztu7g,ont_InteligenciaArtificial_Neutro,ai,http://wfrp.ia/dominio/ciencia-tecnologia#InteligenciaArtificial,1.0,False
1mztu7g,train,1,http://wfrp.ia/resource/reddit/post/1mztu7g,ont_Robot_Neutro,robot,http://wfrp.ia/dominio/ciencia-tecnologia#Robot,1.0,False
1mztu7g,train,1,http://wfrp.ia/resource/reddit/post/1mztu7g,ont_has_ontology_elements,global_counts,,1.0,False
1mztu7g,train,1,http://wfrp.ia/resource/reddit/post/1mztu7g,ont_count_domain_concepts,global_counts,,2.0,False
1mztu7g,train,1,http://wfrp.ia/resource/reddit/post/1mztu7g,ont_total_neutro_mentions,global_counts,,2.0,False
1mztu7g,train,1,http://wfrp.ia/resource/reddit/post/1mztu7g,ont_domain_score,global_counts,,2.0,False
1mztu7g,train,1,http://wfrp.ia/resource/reddit/post/1mztu7g,ont_domain_density,global_counts,,0.2222222222222222,True
1my0vmx,train,2,http://wfrp.ia/resource/reddit/post/1my0vmx,ont_Innovacion_Neutro,innovation,http://wfrp.ia/dominio/ciencia-tecnologia#Innovacion,2.0,True
1my0vmx,train,2,http://wfrp.ia/resource/reddit/post/1my0vmx,ont_has_ontology_elements,global_counts,,1.0,False
1my0vmx,train,2,http://wfrp.ia/resource/reddit/post/1my0vmx,ont_count_domain_concepts,global_counts,,1.0,False
1my0vmx,train,2,http://wfrp.ia/resource/reddit/post/1my0vmx,ont_total_neutro_mentions,global_counts,,2.0,False
1my0vmx,train,2,http://wfrp.ia/resource/reddit/post/1my0vmx,ont_domain_score,global_counts,,2.0,False
1my0vmx,train,2,http://wfrp.ia/resource/reddit/post/1my0vmx,ont_domain_density,global_counts,,0.07692307692307693,True
1n1sp4y,train,2,http://wfrp.ia/resource/reddit/post/1n1sp4y,ont_Tecnologia_Neutro,technology,http://wfrp.ia/dominio/ciencia-tecnologia#Tecnologia,1.0,True
1n1sp4y,train,2,http://wfrp.ia/resource/reddit/post/1n1sp4y,ont_has_ontology_elements,global_counts,,1.0,False
1n1sp4y,train,2,http://wfrp.ia/resource/reddit/post/1n1sp4y,ont_count_domain_concepts,global_counts,,1.0,False
1n1sp4y,train,2,http://wfrp.ia/resource/reddit/post/1n1sp4y,ont_total_neutro_mentions,global_counts,,1.0,False
1n1sp4y,train,2,http://wfrp.ia/resource/reddit/post/1n1sp4y,ont_domain_score,global_counts,,1.0,False
1n1sp4y,train,2,http://wfrp.ia/resource/reddit/post/1n1sp4y,ont_domain_density,global_counts,,0.08333333333333333,True
1mwdpoy,train,2,http://wfrp.ia/resource/reddit/post/1mwdpoy,ont_InteligenciaArtificial_Neutro,ai,http://wfrp.ia/dominio/ciencia-tecnologia#InteligenciaArtificial,1.0,False
1mwdpoy,train,2,http://wfrp.ia/resource/reddit/post/1mwdpoy,ont_Datos_Neutro,data,http://wfrp.ia/dominio/ciencia-tecnologia#Datos,1.0,False
1mwdpoy,train,2,http://wfrp.ia/resource/reddit/post/1mwdpoy,ont_has_ontology_elements,global_counts,,1.0,False
1mwdpoy,train,2,http://wfrp.ia/resource/reddit/post/1mwdpoy,ont_count_domain_concepts,global_counts,,2.0,False
1mwdpoy,train,2,http://wfrp.ia/resource/reddit/post/1mwdpoy,ont_total_neutro_mentions,global_counts,,2.0,False
1mwdpoy,train,2,http://wfrp.ia/resource/reddit/post/1mwdpoy,ont_domain_score,global_counts,,2.0,False
1mwdpoy,train,2,http://wfrp.ia/resource/reddit/post/1mwdpoy,ont_domain_density,global_counts,,0.13333333333333333,True
1n0joca,train,2,http://wfrp.ia/resource/reddit/post/1n0joca,ont_InteligenciaArtificial_Neutro,ai,http://wfrp.ia/dominio/ciencia-tecnologia#InteligenciaArtificial,1.0,False
1n0joca,train,2,http://wfrp.ia/resource/reddit/post/1n0joca,ont_Robot_Neutro,robot,http://wfrp.ia/dominio/ciencia-tecnologia#Robot,1.0,False
1n0joca,train,2,http://wfrp.ia/resource/reddit/post/1n0joca,ont_has_ontology_elements,global_counts,,1.0,False
1n0joca,train,2,http://wfrp.ia/resource/reddit/post/1n0joca,ont_count_domain_concepts,global_counts,,2.0,False
1n0joca,train,2,http://wfrp.ia/resource/reddit/post/1n0joca,ont_total_neutro_mentions,global_counts,,2.0,False
1n0joca,train,2,http://wfrp.ia/resource/reddit/post/1n0joca,ont_domain_score,global_counts,,2.0,False
1n0joca,train,2,http://wfrp.ia/resource/reddit/post/1n0joca,ont_domain_density,global_counts,,0.09090909090909091,True
1munjuu,train,2,http://wfrp.ia/resource/reddit/post/1munjuu,ont_has_ontology_elements,global_counts,,1.0,False
1my13or,train,1,http://wfrp.ia/resource/reddit/post/1my13or,ont_Tecnologia_Neutro,technology,http://wfrp.ia/dominio/ciencia-tecnologia#Tecnologia,1.0,True
1my13or,train,1,http://wfrp.ia/resource/reddit/post/1my13or,ont_has_ontology_elements,global_counts,,1.0,False
1my13or,train,1,http://wfrp.ia/resource/reddit/post/1my13or,ont_count_domain_concepts,global_counts,,1.0,False
1my13or,train,1,http://wfrp.ia/resource/reddit/post/1my13or,ont_total_neutro_mentions,global_counts,,1.0,False
1my13or,train,1,http://wfrp.ia/resource/reddit/post/1my13or,ont_domain_score,global_counts,,1.0,False
1my13or,train,1,http://wfrp.ia/resource/reddit/post/1my13or,ont_domain_density,global_counts,,0.05263157894736842,True
1my86as,train,1,http://wfrp.ia/resource/reddit/post/1my86as,ont_InteligenciaArtificial_Neutro,ai,http://wfrp.ia/dominio/ciencia-tecnologia#InteligenciaArtificial,1.0,False
1my86as,train,1,http://wfrp.ia/resource/reddit/post/1my86as,ont_has_ontology_elements,global_counts,,1.0,False
1my86as,train,1,http://wfrp.ia/resource/reddit/post/1my86as,ont_count_domain_concepts,global_counts,,1.0,False
1my86as,train,1,http://wfrp.ia/resource/reddit/post/1my86as,ont_total_neutro_mentions,global_counts,,1.0,False
1my86as,train,1,http://wfrp.ia/resource/reddit/post/1my86as,ont_domain_score,global_counts,,1.0,False
1my86as,train,1,http://wfrp.ia/resource/reddit/post/1my86as,ont_domain_density,global_counts,,0.09090909090909091,True
1mue9yv,train,1,http://wfrp.ia/resource/reddit/post/1mue9yv,ont_InteligenciaArtificial_Neutro,ai,http://wfrp.ia/dominio/ciencia-tecnologia#InteligenciaArtificial,1.0,False
1mue9yv,train,1,http://wfrp.ia/resource/reddit/post/1mue9yv,ont_has_ontology_elements,global_counts,,1.0,False
1mue9yv,train,1,http://wfrp.ia/resource/reddit/post/1mue9yv,ont_count_domain_concepts,global_counts,,1.0,False
1mue9yv,train,1,http://wfrp.ia/resource/reddit/post/1mue9yv,ont_total_neutro_mentions,global_counts,,1.0,False
1mue9yv,train,1,http://wfrp.ia/resource/reddit/post/1mue9yv,ont_domain_score,global_counts,,1.0,False
1mue9yv,train,1,http://wfrp.ia/resource/reddit/post/1mue9yv,ont_domain_density,global_counts,,0.07142857142857142,True
1n2vnfd,train,2,http://wfrp.ia/resource/reddit/post/1n2vnfd,ont_InteligenciaArtificial_Neutro,ai,http://wfrp.ia/dominio/ciencia-tecnologia#InteligenciaArtificial,1.0,False
1n2vnfd,train,2,http://wfrp.ia/resource/reddit/post/1n2vnfd,ont_has_ontology_elements,global_counts,,1.0,False
1n2vnfd,train,2,http://wfrp.ia/resource/reddit/post/1n2vnfd,ont_count_domain_concepts,global_counts,,1.0,False
1n2vnfd,train,2,http://wfrp.ia/resource/reddit/post/1n2vnfd,ont_total_neutro_mentions,global_counts,,1.0,False
1n2vnfd,train,2,http://wfrp.ia/resource/reddit/post/1n2vnfd,ont_domain_score,global_counts,,1.0,False
1n2vnfd,train,2,http://wfrp.ia/resource/reddit/post/1n2vnfd,ont_domain_density,global_counts,,0.07142857142857142,True
1n35fvl,train,2,http://wfrp.ia/resource/reddit/post/1n35fvl,ont_InteligenciaArtificial_Neutro,ai,http://wfrp.ia/dominio/ciencia-tecnologia#InteligenciaArtificial,1.0,False
1n35fvl,train,2,http://wfrp.ia/resource/reddit/post/1n35fvl,ont_has_ontology_elements,global_counts,,1.0,False
1n35fvl,train,2,http://wfrp.ia/resource/reddit/post/1n35fvl,ont_count_domain_concepts,global_counts,,1.0,False
1n35fvl,train,2,http://wfrp.ia/resource/reddit/post/1n35fvl,ont_total_neutro_mentions,global_counts,,1.0,False
1n35fvl,train,2,http://wfrp.ia/resource/reddit/post/1n35fvl,ont_domain_score,global_counts,,1.0,False
1n35fvl,train,2,http://wfrp.ia/resource/reddit/post/1n35fvl,ont_domain_density,global_counts,,0.08333333333333333,True
1n1n0xg,train,0,http://wfrp.ia/resource/reddit/post/1n1n0xg,ont_InteligenciaArtificial_Neutro,ai,http://wfrp.ia/dominio/ciencia-tecnologia#InteligenciaArtificial,1.0,False
1n1n0xg,train,0,http://wfrp.ia/resource/reddit/post/1n1n0xg,ont_Datos_Neutro,data,http://wfrp.ia/dominio/ciencia-tecnologia#Datos,1.0,False
1n1n0xg,train,0,http://wfrp.ia/resource/reddit/post/1n1n0xg,ont_has_ontology_elements,global_counts,,1.0,False
1n1n0xg,train,0,http://wfrp.ia/resource/reddit/post/1n1n0xg,ont_count_domain_concepts,global_counts,,2.0,False
1n1n0xg,train,0,http://wfrp.ia/resource/reddit/post/1n1n0xg,ont_total_neutro_mentions,global_counts,,2.0,False
1n1n0xg,train,0,http://wfrp.ia/resource/reddit/post/1n1n0xg,ont_domain_score,global_counts,,2.0,False
1n1n0xg,train,0,http://wfrp.ia/resource/reddit/post/1n1n0xg,ont_domain_density,global_counts,,0.2222222222222222,True
1n1e17v,train,2,http://wfrp.ia/resource/reddit/post/1n1e17v,ont_InteligenciaArtificial_Positivo,ai,http://wfrp.ia/dominio/ciencia-tecnologia#InteligenciaArtificial,1.0,False
1n1e17v,train,2,http://wfrp.ia/resource/reddit/post/1n1e17v,ont_InteligenciaArtificial_Neutro,ai,http://wfrp.ia/dominio/ciencia-tecnologia#InteligenciaArtificial,1.0,False
1n1e17v,train,2,http://wfrp.ia/resource/reddit/post/1n1e17v,ont_has_ontology_elements,global_counts,,1.0,False
1n1e17v,train,2,http://wfrp.ia/resource/reddit/post/1n1e17v,ont_count_domain_concepts,global_counts,,1.0,False
1n1e17v,train,2,http://wfrp.ia/resource/reddit/post/1n1e17v,ont_total_positivo_mentions,global_counts,,1.0,False
1n1e17v,train,2,http://wfrp.ia/resource/reddit/post/1n1e17v,ont_total_neutro_mentions,global_counts,,1.0,False
1n1e17v,train,2,http://wfrp.ia/resource/reddit/post/1n1e17v,ont_domain_score,global_counts,,2.0,False
1n1e17v,train,2,http://wfrp.ia/resource/reddit/post/1n1e17v,ont_domain_density,global_counts,,0.037037037037037035,True
1mx9c6w,train,1,http://wfrp.ia/resource/reddit/post/1mx9c6w,ont_InteligenciaArtificial_Neutro,ai,http://wfrp.ia/dominio/ciencia-tecnologia#InteligenciaArtificial,1.0,False
1mx9c6w,train,1,http://wfrp.ia/resource/reddit/post/1mx9c6w,ont_has_ontology_elements,global_counts,,1.0,False
1mx9c6w,train,1,http://wfrp.ia/resource/reddit/post/1mx9c6w,ont_count_domain_concepts,global_counts,,1.0,False
1mx9c6w,train,1,http://wfrp.ia/resource/reddit/post/1mx9c6w,ont_total_neutro_mentions,global_counts,,1.0,False
1mx9c6w,train,1,http://wfrp.ia/resource/reddit/post/1mx9c6w,ont_domain_score,global_counts,,1.0,False
1mx9c6w,train,1,http://wfrp.ia/resource/reddit/post/1mx9c6w,ont_domain_density,global_counts,,0.14285714285714285,True
1n3gogj,train,0,http://wfrp.ia/resource/reddit/post/1n3gogj,ont_InteligenciaArtificial_Neutro,ai,http://wfrp.ia/dominio/ciencia-tecnologia#InteligenciaArtificial,1.0,False
1n3gogj,train,0,http://wfrp.ia/resource/reddit/post/1n3gogj,ont_has_ontology_elements,global_counts,,1.0,False
1n3gogj,train,0,http://wfrp.ia/resource/reddit/post/1n3gogj,ont_count_domain_concepts,global_counts,,1.0,False
1n3gogj,train,0,http://wfrp.ia/resource/reddit/post/1n3gogj,ont_total_neutro_mentions,global_counts,,1.0,False
1n3gogj,train,0,http://wfrp.ia/resource/reddit/post/1n3gogj,ont_domain_score,global_counts,,1.0,False
1n3gogj,train,0,http://wfrp.ia/resource/reddit/post/1n3gogj,ont_domain_density,global_counts,,0.125,True
1mslmsu,train,2,http://wfrp.ia/resource/reddit/post/1mslmsu,ont_has_ontology_elements,global_counts,,1.0,False
1my67y2,train,1,http://wfrp.ia/resource/reddit/post/1my67y2,ont_InteligenciaArtificial_Neutro,ai,http://wfrp.ia/dominio/ciencia-tecnologia#InteligenciaArtificial,2.0,False
1my67y2,train,1,http://wfrp.ia/resource/reddit/post/1my67y2,ont_has_ontology_elements,global_counts,,1.0,False
1my67y2,train,1,http://wfrp.ia/resource/reddit/post/1my67y2,ont_count_domain_concepts,global_counts,,1.0,False
1my67y2,train,1,http://wfrp.ia/resource/reddit/post/1my67y2,ont_total_neutro_mentions,global_counts,,2.0,False
1my67y2,train,1,http://wfrp.ia/resource/reddit/post/1my67y2,ont_domain_score,global_counts,,1.5,False
1my67y2,train,1,http://wfrp.ia/resource/reddit/post/1my67y2,ont_domain_density,global_counts,,0.0625,True
1n39yai,train,1,http://wfrp.ia/resource/reddit/post/1n39yai,ont_Tecnologia_Neutro,technology,http://wfrp.ia/dominio/ciencia-tecnologia#Tecnologia,1.0,True
1n39yai,train,1,http://wfrp.ia/resource/reddit/post/1n39yai,ont_has_ontology_elements,global_counts,,1.0,False
1n39yai,train,1,http://wfrp.ia/resource/reddit/post/1n39yai,ont_count_domain_concepts,global_counts,,1.0,False
1n39yai,train,1,http://wfrp.ia/resource/reddit/post/1n39yai,ont_total_neutro_mentions,global_counts,,1.0,False
1n39yai,train,1,http://wfrp.ia/resource/reddit/post/1n39yai,ont_domain_score,global_counts,,1.0,False
1n39yai,train,1,http://wfrp.ia/resource/reddit/post/1n39yai,ont_domain_density,global_counts,,0.025,True
1n044bl,train,2,http://wfrp.ia/resource/reddit/post/1n044bl,,,,0.0,False
1n33b7m,train,1,http://wfrp.ia/resource/reddit/post/1n33b7m,ont_InteligenciaArtificial_Neutro,ai,http://wfrp.ia/dominio/ciencia-tecnologia#InteligenciaArtificial,1.0,False
1n33b7m,train,1,http://wfrp.ia/resource/reddit/post/1n33b7m,ont_has_ontology_elements,global_counts,,1.0,False
1n33b7m,train,1,http://wfrp.ia/resource/reddit/post/1n33b7m,ont_count_domain_concepts,global_counts,,1.0,False
1n33b7m,train,1,http://wfrp.ia/resource/reddit/post/1n33b7m,ont_total_neutro_mentions,global_counts,,1.0,False
1n33b7m,train,1,http://wfrp.ia/resource/reddit/post/1n33b7m,ont_domain_score,global_counts,,1.0,False
1n33b7m,train,1,http://wfrp.ia/resource/reddit/post/1n33b7m,ont_domain_density,global_counts,,0.1111111111111111,True
1n1r9xa,train,2,http://wfrp.ia/resource/reddit/post/1n1r9xa,ont_Automatizacion_Neutro,automation,http://wfrp.ia/dominio/ciencia-tecnologia#Automatizacion,2.0,False
1n1r9xa,train,2,http://wfrp.ia/resource/reddit/post/1n1r9xa,ont_has_ontology_elements,global_counts,,1.0,False
1n1r9xa,train,2,http://wfrp.ia/resource/reddit/post/1n1r9xa,ont_count_domain_concepts,global_counts,,2.0,False
1n1r9xa,train,2,http://wfrp.ia/resource/reddit/post/1n1r9xa,ont_total_neutro_mentions,global_counts,,2.0,False
1n1r9xa,train,2,http://wfrp.ia/resource/reddit/post/1n1r9xa,ont_domain_score,global_counts,,2.0,False
1n1r9xa,train,2,http://wfrp.ia/resource/reddit/post/1n1r9xa,ont_domain_density,global_counts,,0.15384615384615385,True
1n0ujim,train,2,http://wfrp.ia/resource/reddit/post/1n0ujim,ont_has_ontology_elements,global_counts,,1.0,False
1n0ujim,train,2,http://wfrp.ia/resource/reddit/post/1n0ujim,ont_count_domain_concepts,global_counts,,1.0,False
1n0ujim,train,2,http://wfrp.ia/resource/reddit/post/1n0ujim,ont_domain_score,global_counts,,1.0,False
1n0ujim,train,2,http://wfrp.ia/resource/reddit/post/1n0ujim,ont_domain_density,global_counts,,0.01639344262295082,True
1n1lz4s,train,1,http://wfrp.ia/resource/reddit/post/1n1lz4s,ont_InteligenciaArtificial_Neutro,ai,http://wfrp.ia/dominio/ciencia-tecnologia#InteligenciaArtificial,1.0,False
1n1lz4s,train,1,http://wfrp.ia/resource/reddit/post/1n1lz4s,ont_has_ontology_elements,global_counts,,1.0,False
1n1lz4s,train,1,http://wfrp.ia/resource/reddit/post/1n1lz4s,ont_count_domain_concepts,global_counts,,1.0,False
1n1lz4s,train,1,http://wfrp.ia/resource/reddit/post/1n1lz4s,ont_total_neutro_mentions,global_counts,,1.0,False
1n1lz4s,train,1,http://wfrp.ia/resource/reddit/post/1n1lz4s,ont_domain_score,global_counts,,1.0,False
1n1lz4s,train,1,http://wfrp.ia/resource/reddit/post/1n1lz4s,ont_domain_density,global_counts,,0.1111111111111111,True
1n1dz6v,train,1,http://wfrp.ia/resource/reddit/post/1n1dz6v,ont_InteligenciaArtificial_Neutro,ai,http://wfrp.ia/dominio/ciencia-tecnologia#InteligenciaArtificial,1.0,False
1n1dz6v,train,1,http://wfrp.ia/resource/reddit/post/1n1dz6v,ont_has_ontology_elements,global_counts,,1.0,False
1n1dz6v,train,1,http://wfrp.ia/resource/reddit/post/1n1dz6v,ont_count_domain_concepts,global_counts,,1.0,False
1n1dz6v,train,1,http://wfrp.ia/resource/reddit/post/1n1dz6v,ont_total_neutro_mentions,global_counts,,1.0,False
1n1dz6v,train,1,http://wfrp.ia/resource/reddit/post/1n1dz6v,ont_domain_score,global_counts,,1.0,False
1n1dz6v,train,1,http://wfrp.ia/resource/reddit/post/1n1dz6v,ont_domain_density,global_counts,,0.07692307692307693,True
1myzfk0,train,2,http://wfrp.ia/resource/reddit/post/1myzfk0,,,,0.0,False
1msqibm,train,1,http://wfrp.ia/resource/reddit/post/1msqibm,ont_InteligenciaArtificial_Neutro,ai,http://wfrp.ia/dominio/ciencia-tecnologia#InteligenciaArtificial,1.0,False
1msqibm,train,1,http://wfrp.ia/resource/reddit/post/1msqibm,ont_has_ontology_elements,global_counts,,1.0,False
1msqibm,train,1,http://wfrp.ia/resource/reddit/post/1msqibm,ont_count_domain_concepts,global_counts,,1.0,False
1msqibm,train,1,http://wfrp.ia/resource/reddit/post/1msqibm,ont_total_neutro_mentions,global_counts,,1.0,False
1msqibm,train,1,http://wfrp.ia/resource/reddit/post/1msqibm,ont_domain_score,global_counts,,1.0,False
1msqibm,train,1,http://wfrp.ia/resource/reddit/post/1msqibm,ont_domain_density,global_counts,,0.041666666666666664,True
1mzusfx,train,2,http://wfrp.ia/resource/reddit/post/1mzusfx,ont_InteligenciaArtificial_Positivo,ai,http://wfrp.ia/dominio/ciencia-tecnologia#InteligenciaArtificial,1.0,False
1mzusfx,train,2,http://wfrp.ia/resource/reddit/post/1mzusfx,ont_InteligenciaArtificial_Neutro,ai,http://wfrp.ia/dominio/ciencia-tecnologia#InteligenciaArtificial,1.0,False
1mzusfx,train,2,http://wfrp.ia/resource/reddit/post/1mzusfx,ont_Tecnologia_Neutro,technology,http://wfrp.ia/dominio/ciencia-tecnologia#Tecnologia,1.0,True
1mzusfx,train,2,http://wfrp.ia/resource/reddit/post/1mzusfx,ont_Robot_Positivo,robot,http://wfrp.ia/dominio/ciencia-tecnologia#Robot,1.0,False
1mzusfx,train,2,http://wfrp.ia/resource/reddit/post/1mzusfx,ont_Robot_Neutro,robot,http://wfrp.ia/dominio/ciencia-tecnologia#Robot,1.0,False
1mzusfx,train,2,http://wfrp.ia/resource/reddit/post/1mzusfx,ont_has_ontology_elements,global_counts,,1.0,False
1mzusfx,train,2,http://wfrp.ia/resource/reddit/post/1mzusfx,ont_count_domain_concepts,global_counts,,3.0,False
1mzusfx,train,2,http://wfrp.ia/resource/reddit/post/1mzusfx,ont_total_positivo_mentions,global_counts,,2.0,False
1mzusfx,train,2,http://wfrp.ia/resource/reddit/post/1mzusfx,ont_total_neutro_mentions,global_counts,,3.0,False
1mzusfx,train,2,http://wfrp.ia/resource/reddit/post/1mzusfx,ont_domain_score,global_counts,,4.0,False
1mzusfx,train,2,http://wfrp.ia/resource/reddit/post/1mzusfx,ont_domain_density,global_counts,,0.125,True
1mw60e1,train,1,http://wfrp.ia/resource/reddit/post/1mw60e1,ont_InteligenciaArtificial_Neutro,ai,http://wfrp.ia/dominio/ciencia-tecnologia#InteligenciaArtificial,1.0,False
1mw60e1,train,1,http://wfrp.ia/resource/reddit/post/1mw60e1,ont_has_ontology_elements,global_counts,,1.0,False
1mw60e1,train,1,http://wfrp.ia/resource/reddit/post/1mw60e1,ont_count_domain_concepts,global_counts,,1.0,False
1mw60e1,train,1,http://wfrp.ia/resource/reddit/post/1mw60e1,ont_total_neutro_mentions,global_counts,,1.0,False
1mw60e1,train,1,http://wfrp.ia/resource/reddit/post/1mw60e1,ont_domain_score,global_counts,,1.0,False
1mw60e1,train,1,http://wfrp.ia/resource/reddit/post/1mw60e1,ont_domain_density,global_counts,,0.1,True
1mzgln9,train,2,http://wfrp.ia/resource/reddit/post/1mzgln9,ont_Tecnologia_Neutro,technology,http://wfrp.ia/dominio/ciencia-tecnologia#Tecnologia,1.0,True
1mzgln9,train,2,http://wfrp.ia/resource/reddit/post/1mzgln9,ont_has_ontology_elements,global_counts,,1.0,False
1mzgln9,train,2,http://wfrp.ia/resource/reddit/post/1mzgln9,ont_count_domain_concepts,global_counts,,1.0,False
1mzgln9,train,2,http://wfrp.ia/resource/reddit/post/1mzgln9,ont_total_neutro_mentions,global_counts,,1.0,False
1mzgln9,train,2,http://wfrp.ia/resource/reddit/post/1mzgln9,ont_domain_score,global_counts,,1.0,False
1mzgln9,train,2,http://wfrp.ia/resource/reddit/post/1mzgln9,ont_domain_density,global_counts,,0.09090909090909091,True
1n3ebr1,train,1,http://wfrp.ia/resource/reddit/post/1n3ebr1,ont_has_ontology_elements,global_counts,,1.0,False
1n3ebr1,train,1,http://wfrp.ia/resource/reddit/post/1n3ebr1,ont_count_domain_concepts,global_counts,,1.0,False
1n3ebr1,train,1,http://wfrp.ia/resource/reddit/post/1n3ebr1,ont_domain_score,global_counts,,1.0,False
1n3ebr1,train,1,http://wfrp.ia/resource/reddit/post/1n3ebr1,ont_domain_density,global_counts,,0.007194244604316547,True
1mwpx1i,train,2,http://wfrp.ia/resource/reddit/post/1mwpx1i,ont_Datos_Neutro,data,http://wfrp.ia/dominio/ciencia-tecnologia#Datos,1.0,False
1mwpx1i,train,2,http://wfrp.ia/resource/reddit/post/1mwpx1i,ont_has_ontology_elements,global_counts,,1.0,False
1mwpx1i,train,2,http://wfrp.ia/resource/reddit/post/1mwpx1i,ont_count_domain_concepts,global_counts,,1.0,False
1mwpx1i,train,2,http://wfrp.ia/resource/reddit/post/1mwpx1i,ont_total_neutro_mentions,global_counts,,1.0,False
1mwpx1i,train,2,http://wfrp.ia/resource/reddit/post/1mwpx1i,ont_domain_score,global_counts,,1.0,False
1mwpx1i,train,2,http://wfrp.ia/resource/reddit/post/1mwpx1i,ont_domain_density,global_counts,,0.08333333333333333,True
1n1m7ek,train,1,http://wfrp.ia/resource/reddit/post/1n1m7ek,ont_InteligenciaArtificial_Neutro,ai,http://wfrp.ia/dominio/ciencia-tecnologia#InteligenciaArtificial,1.0,False
1n1m7ek,train,1,http://wfrp.ia/resource/reddit/post/1n1m7ek,ont_has_ontology_elements,global_counts,,1.0,False
1n1m7ek,train,1,http://wfrp.ia/resource/reddit/post/1n1m7ek,ont_count_domain_concepts,global_counts,,1.0,False
1n1m7ek,train,1,http://wfrp.ia/resource/reddit/post/1n1m7ek,ont_total_neutro_mentions,global_counts,,1.0,False
1n1m7ek,train,1,http://wfrp.ia/resource/reddit/post/1n1m7ek,ont_domain_score,global_counts,,1.0,False
1n1m7ek,train,1,http://wfrp.ia/resource/reddit/post/1n1m7ek,ont_domain_density,global_counts,,0.08333333333333333,True
1n0jkq7,train,0,http://wfrp.ia/resource/reddit/post/1n0jkq7,ont_InteligenciaArtificial_Negativo,ai,http://wfrp.ia/dominio/ciencia-tecnologia#InteligenciaArtificial,1.0,True
1n0jkq7,train,0,http://wfrp.ia/resource/reddit/post/1n0jkq7,ont_has_ontology_elements,global_counts,,1.0,False
1n0jkq7,train,0,http://wfrp.ia/resource/reddit/post/1n0jkq7,ont_count_domain_concepts,global_counts,,1.0,False
1n0jkq7,train,0,http://wfrp.ia/resource/reddit/post/1n0jkq7,ont_total_negativo_mentions,global_counts,,1.0,True
1n0jkq7,train,0,http://wfrp.ia/resource/reddit/post/1n0jkq7,ont_domain_score,global_counts,,1.0,False
1n0jkq7,train,0,http://wfrp.ia/resource/reddit/post/1n0jkq7,ont_domain_density,global_counts,,0.16666666666666666,True
1my9s6j,train,0,http://wfrp.ia/resource/reddit/post/1my9s6j,ont_Datos_Neutro,data,http://wfrp.ia/dominio/ciencia-tecnologia#Datos,1.0,False
1my9s6j,train,0,http://wfrp.ia/resource/reddit/post/1my9s6j,ont_has_ontology_elements,global_counts,,1.0,False
1my9s6j,train,0,http://wfrp.ia/resource/reddit/post/1my9s6j,ont_count_domain_concepts,global_counts,,1.0,False
1my9s6j,train,0,http://wfrp.ia/resource/reddit/post/1my9s6j,ont_total_neutro_mentions,global_counts,,1.0,False
1my9s6j,train,0,http://wfrp.ia/resource/reddit/post/1my9s6j,ont_domain_score,global_counts,,1.0,False
1my9s6j,train,0,http://wfrp.ia/resource/reddit/post/1my9s6j,ont_domain_density,global_counts,,0.058823529411764705,True
1mwbrrx,train,1,http://wfrp.ia/resource/reddit/post/1mwbrrx,ont_InteligenciaArtificial_Neutro,ai,http://wfrp.ia/dominio/ciencia-tecnologia#InteligenciaArtificial,1.0,False
1mwbrrx,train,1,http://wfrp.ia/resource/reddit/post/1mwbrrx,ont_has_ontology_elements,global_counts,,1.0,False
1mwbrrx,train,1,http://wfrp.ia/resource/reddit/post/1mwbrrx,ont_count_domain_concepts,global_counts,,1.0,False
1mwbrrx,train,1,http://wfrp.ia/resource/reddit/post/1mwbrrx,ont_total_neutro_mentions,global_counts,,1.0,False
1mwbrrx,train,1,http://wfrp.ia/resource/reddit/post/1mwbrrx,ont_domain_score,global_counts,,1.0,False
1mwbrrx,train,1,http://wfrp.ia/resource/reddit/post/1mwbrrx,ont_domain_density,global_counts,,0.09090909090909091,True
1mvsvld,train,2,http://wfrp.ia/resource/reddit/post/1mvsvld,ont_Tecnologia_Neutro,technology,http://wfrp.ia/dominio/ciencia-tecnologia#Tecnologia,1.0,True
1mvsvld,train,2,http://wfrp.ia/resource/reddit/post/1mvsvld,ont_has_ontology_elements,global_counts,,1.0,False
1mvsvld,train,2,http://wfrp.ia/resource/reddit/post/1mvsvld,ont_count_domain_concepts,global_counts,,1.0,False
1mvsvld,train,2,http://wfrp.ia/resource/reddit/post/1mvsvld,ont_total_neutro_mentions,global_counts,,1.0,False
1mvsvld,train,2,http://wfrp.ia/resource/reddit/post/1mvsvld,ont_domain_score,global_counts,,1.0,False
1mvsvld,train,2,http://wfrp.ia/resource/reddit/post/1mvsvld,ont_domain_density,global_counts,,0.1,True
1n0jmn0,train,2,http://wfrp.ia/resource/reddit/post/1n0jmn0,ont_Futuro_Neutro,future,http://wfrp.ia/dominio/ciencia-tecnologia#Futuro,1.0,False
1n0jmn0,train,2,http://wfrp.ia/resource/reddit/post/1n0jmn0,ont_has_ontology_elements,global_counts,,1.0,False
1n0jmn0,train,2,http://wfrp.ia/resource/reddit/post/1n0jmn0,ont_count_domain_concepts,global_counts,,1.0,False
1n0jmn0,train,2,http://wfrp.ia/resource/reddit/post/1n0jmn0,ont_total_neutro_mentions,global_counts,,1.0,False
1n0jmn0,train,2,http://wfrp.ia/resource/reddit/post/1n0jmn0,ont_domain_score,global_counts,,1.0,False
1n0jmn0,train,2,http://wfrp.ia/resource/reddit/post/1n0jmn0,ont_domain_density,global_counts,,0.06666666666666667,True
1n0czt9,train,2,http://wfrp.ia/resource/reddit/post/1n0czt9,ont_has_ontology_elements,global_counts,,1.0,False
1mztnyn,train,1,http://wfrp.ia/resource/reddit/post/1mztnyn,ont_InteligenciaArtificial_Neutro,ai,http://wfrp.ia/dominio/ciencia-tecnologia#InteligenciaArtificial,1.0,False
1mztnyn,train,1,http://wfrp.ia/resource/reddit/post/1mztnyn,ont_has_ontology_elements,global_counts,,1.0,False
1mztnyn,train,1,http://wfrp.ia/resource/reddit/post/1mztnyn,ont_count_domain_concepts,global_counts,,1.0,False
1mztnyn,train,1,http://wfrp.ia/resource/reddit/post/1mztnyn,ont_total_neutro_mentions,global_counts,,1.0,False
1mztnyn,train,1,http://wfrp.ia/resource/reddit/post/1mztnyn,ont_domain_score,global_counts,,1.0,False
1mztnyn,train,1,http://wfrp.ia/resource/reddit/post/1mztnyn,ont_domain_density,global_counts,,0.07692307692307693,True
1n1h3yt,train,2,http://wfrp.ia/resource/reddit/post/1n1h3yt,ont_InteligenciaArtificial_Neutro,ai,http://wfrp.ia/dominio/ciencia-tecnologia#InteligenciaArtificial,1.0,False
1n1h3yt,train,2,http://wfrp.ia/resource/reddit/post/1n1h3yt,ont_has_ontology_elements,global_counts,,1.0,False
1n1h3yt,train,2,http://wfrp.ia/resource/reddit/post/1n1h3yt,ont_count_domain_concepts,global_counts,,1.0,False
1n1h3yt,train,2,http://wfrp.ia/resource/reddit/post/1n1h3yt,ont_total_neutro_mentions,global_counts,,1.0,False
1n1h3yt,train,2,http://wfrp.ia/resource/reddit/post/1n1h3yt,ont_domain_score,global_counts,,1.0,False
1n1h3yt,train,2,http://wfrp.ia/resource/reddit/post/1n1h3yt,ont_domain_density,global_counts,,0.07692307692307693,True
1n3bayh,train,1,http://wfrp.ia/resource/reddit/post/1n3bayh,,,,0.0,False
1mvtff1,train,2,http://wfrp.ia/resource/reddit/post/1mvtff1,ont_InteligenciaArtificial_Neutro,ai,http://wfrp.ia/dominio/ciencia-tecnologia#InteligenciaArtificial,1.0,False
1mvtff1,train,2,http://wfrp.ia/resource/reddit/post/1mvtff1,ont_has_ontology_elements,global_counts,,1.0,False
1mvtff1,train,2,http://wfrp.ia/resource/reddit/post/1mvtff1,ont_count_domain_concepts,global_counts,,1.0,False
1mvtff1,train,2,http://wfrp.ia/resource/reddit/post/1mvtff1,ont_total_neutro_mentions,global_counts,,1.0,False
1mvtff1,train,2,http://wfrp.ia/resource/reddit/post/1mvtff1,ont_domain_score,global_counts,,1.0,False
1mvtff1,train,2,http://wfrp.ia/resource/reddit/post/1mvtff1,ont_domain_density,global_counts,,0.004484304932735426,True
1n019i8,train,2,http://wfrp.ia/resource/reddit/post/1n019i8,,,,0.0,False
1n2lala,train,2,http://wfrp.ia/resource/reddit/post/1n2lala,ont_InteligenciaArtificial_Neutro,ai,http://wfrp.ia/dominio/ciencia-tecnologia#InteligenciaArtificial,1.0,False
1n2lala,train,2,http://wfrp.ia/resource/reddit/post/1n2lala,ont_has_ontology_elements,global_counts,,1.0,False
1n2lala,train,2,http://wfrp.ia/resource/reddit/post/1n2lala,ont_count_domain_concepts,global_counts,,1.0,False
1n2lala,train,2,http://wfrp.ia/resource/reddit/post/1n2lala,ont_total_neutro_mentions,global_counts,,1.0,False
1n2lala,train,2,http://wfrp.ia/resource/reddit/post/1n2lala,ont_domain_score,global_counts,,1.0,False
1n2lala,train,2,http://wfrp.ia/resource/reddit/post/1n2lala,ont_domain_density,global_counts,,0.058823529411764705,True
1n2afj1,train,1,http://wfrp.ia/resource/reddit/post/1n2afj1,ont_InteligenciaArtificial_Neutro,ai,http://wfrp.ia/dominio/ciencia-tecnologia#InteligenciaArtificial,1.0,False
1n2afj1,train,1,http://wfrp.ia/resource/reddit/post/1n2afj1,ont_Datos_Neutro,data,http://wfrp.ia/dominio/ciencia-tecnologia#Datos,1.0,False
1n2afj1,train,1,http://wfrp.ia/resource/reddit/post/1n2afj1,ont_has_ontology_elements,global_counts,,1.0,False
1n2afj1,train,1,http://wfrp.ia/resource/reddit/post/1n2afj1,ont_count_domain_concepts,global_counts,,2.0,False
1n2afj1,train,1,http://wfrp.ia/resource/reddit/post/1n2afj1,ont_total_neutro_mentions,global_counts,,2.0,False
1n2afj1,train,1,http://wfrp.ia/resource/reddit/post/1n2afj1,ont_domain_score,global_counts,,2.5,False
1n2afj1,train,1,http://wfrp.ia/resource/reddit/post/1n2afj1,ont_domain_density,global_counts,,0.09523809523809523,True
1n348s3,train,2,http://wfrp.ia/resource/reddit/post/1n348s3,ont_InteligenciaArtificial_Neutro,ai,http://wfrp.ia/dominio/ciencia-tecnologia#InteligenciaArtificial,1.0,False
1n348s3,train,2,http://wfrp.ia/resource/reddit/post/1n348s3,ont_has_ontology_elements,global_counts,,1.0,False
1n348s3,train,2,http://wfrp.ia/resource/reddit/post/1n348s3,ont_count_domain_concepts,global_counts,,1.0,False
1n348s3,train,2,http://wfrp.ia/resource/reddit/post/1n348s3,ont_total_neutro_mentions,global_counts,,1.0,False
1n348s3,train,2,http://wfrp.ia/resource/reddit/post/1n348s3,ont_domain_score,global_counts,,1.0,False
1n348s3,train,2,http://wfrp.ia/resource/reddit/post/1n348s3,ont_domain_density,global_counts,,0.0625,True
1n1cejo,train,1,http://wfrp.ia/resource/reddit/post/1n1cejo,ont_InteligenciaArtificial_Neutro,ai,http://wfrp.ia/dominio/ciencia-tecnologia#InteligenciaArtificial,1.0,False
1n1cejo,train,1,http://wfrp.ia/resource/reddit/post/1n1cejo,ont_has_ontology_elements,global_counts,,1.0,False
1n1cejo,train,1,http://wfrp.ia/resource/reddit/post/1n1cejo,ont_count_domain_concepts,global_counts,,1.0,False
1n1cejo,train,1,http://wfrp.ia/resource/reddit/post/1n1cejo,ont_total_neutro_mentions,global_counts,,1.0,False
1n1cejo,train,1,http://wfrp.ia/resource/reddit/post/1n1cejo,ont_domain_score,global_counts,,1.0,False
1n1cejo,train,1,http://wfrp.ia/resource/reddit/post/1n1cejo,ont_domain_density,global_counts,,0.08333333333333333,True
1mxu739,train,2,http://wfrp.ia/resource/reddit/post/1mxu739,ont_InteligenciaArtificial_Neutro,ai,http://wfrp.ia/dominio/ciencia-tecnologia#InteligenciaArtificial,1.0,False
1mxu739,train,2,http://wfrp.ia/resource/reddit/post/1mxu739,ont_has_ontology_elements,global_counts,,1.0,False
1mxu739,train,2,http://wfrp.ia/resource/reddit/post/1mxu739,ont_count_domain_concepts,global_counts,,1.0,False
1mxu739,train,2,http://wfrp.ia/resource/reddit/post/1mxu739,ont_total_neutro_mentions,global_counts,,1.0,False
1mxu739,train,2,http://wfrp.ia/resource/reddit/post/1mxu739,ont_domain_score,global_counts,,1.0,False
1mxu739,train,2,http://wfrp.ia/resource/reddit/post/1mxu739,ont_domain_density,global_counts,,0.07692307692307693,True
1n352wd,train,1,http://wfrp.ia/resource/reddit/post/1n352wd,ont_InteligenciaArtificial_Neutro,ai,http://wfrp.ia/dominio/ciencia-tecnologia#InteligenciaArtificial,1.0,False
1n352wd,train,1,http://wfrp.ia/resource/reddit/post/1n352wd,ont_Robot_Neutro,robot,http://wfrp.ia/dominio/ciencia-tecnologia#Robot,1.0,False
1n352wd,train,1,http://wfrp.ia/resource/reddit/post/1n352wd,ont_has_ontology_elements,global_counts,,1.0,False
1n352wd,train,1,http://wfrp.ia/resource/reddit/post/1n352wd,ont_count_domain_concepts,global_counts,,2.0,False
1n352wd,train,1,http://wfrp.ia/resource/reddit/post/1n352wd,ont_total_neutro_mentions,global_counts,,2.0,False
1n352wd,train,1,http://wfrp.ia/resource/reddit/post/1n352wd,ont_domain_score,global_counts,,2.0,False
1n352wd,train,1,http://wfrp.ia/resource/reddit/post/1n352wd,ont_domain_density,global_counts,,0.18181818181818182,True
1n0v5y7,train,0,http://wfrp.ia/resource/reddit/post/1n0v5y7,ont_InteligenciaArtificial_Neutro,ai,http://wfrp.ia/dominio/ciencia-tecnologia#InteligenciaArtificial,1.0,False
1n0v5y7,train,0,http://wfrp.ia/resource/reddit/post/1n0v5y7,ont_has_ontology_elements,global_counts,,1.0,False
1n0v5y7,train,0,http://wfrp.ia/resource/reddit/post/1n0v5y7,ont_count_domain_concepts,global_counts,,1.0,False
1n0v5y7,train,0,http://wfrp.ia/resource/reddit/post/1n0v5y7,ont_total_neutro_mentions,global_counts,,1.0,False
1n0v5y7,train,0,http://wfrp.ia/resource/reddit/post/1n0v5y7,ont_domain_score,global_counts,,2.5,False
1n0v5y7,train,0,http://wfrp.ia/resource/reddit/post/1n0v5y7,ont_domain_density,global_counts,,0.07142857142857142,True
1n0864p,train,1,http://wfrp.ia/resource/reddit/post/1n0864p,ont_InteligenciaArtificial_Neutro,ai,http://wfrp.ia/dominio/ciencia-tecnologia#InteligenciaArtificial,1.0,False
1n0864p,train,1,http://wfrp.ia/resource/reddit/post/1n0864p,ont_has_ontology_elements,global_counts,,1.0,False
1n0864p,train,1,http://wfrp.ia/resource/reddit/post/1n0864p,ont_count_domain_concepts,global_counts,,1.0,False
1n0864p,train,1,http://wfrp.ia/resource/reddit/post/1n0864p,ont_total_neutro_mentions,global_counts,,1.0,False
1n0864p,train,1,http://wfrp.ia/resource/reddit/post/1n0864p,ont_domain_score,global_counts,,1.0,False
1n0864p,train,1,http://wfrp.ia/resource/reddit/post/1n0864p,ont_domain_density,global_counts,,0.09090909090909091,True
1myi64u,train,0,http://wfrp.ia/resource/reddit/post/1myi64u,ont_InteligenciaArtificial_Negativo,ai,http://wfrp.ia/dominio/ciencia-tecnologia#InteligenciaArtificial,1.0,True
1myi64u,train,0,http://wfrp.ia/resource/reddit/post/1myi64u,ont_has_ontology_elements,global_counts,,1.0,False
1myi64u,train,0,http://wfrp.ia/resource/reddit/post/1myi64u,ont_count_domain_concepts,global_counts,,1.0,False
1myi64u,train,0,http://wfrp.ia/resource/reddit/post/1myi64u,ont_total_negativo_mentions,global_counts,,1.0,True
1myi64u,train,0,http://wfrp.ia/resource/reddit/post/1myi64u,ont_domain_score,global_counts,,1.0,False
1myi64u,train,0,http://wfrp.ia/resource/reddit/post/1myi64u,ont_domain_density,global_counts,,0.125,True
1n0qr62,train,2,http://wfrp.ia/resource/reddit/post/1n0qr62,ont_has_ontology_elements,global_counts,,1.0,False
1n0qr62,train,2,http://wfrp.ia/resource/reddit/post/1n0qr62,ont_count_domain_concepts,global_counts,,1.0,False
1n0qr62,train,2,http://wfrp.ia/resource/reddit/post/1n0qr62,ont_domain_score,global_counts,,1.0,False
1n0qr62,train,2,http://wfrp.ia/resource/reddit/post/1n0qr62,ont_domain_density,global_counts,,0.004651162790697674,True
1n2nsq6,train,1,http://wfrp.ia/resource/reddit/post/1n2nsq6,ont_Automatizacion_Neutro,automation,http://wfrp.ia/dominio/ciencia-tecnologia#Automatizacion,9.0,False
1n2nsq6,train,1,http://wfrp.ia/resource/reddit/post/1n2nsq6,ont_has_ontology_elements,global_counts,,1.0,False
1n2nsq6,train,1,http://wfrp.ia/resource/reddit/post/1n2nsq6,ont_count_domain_concepts,global_counts,,1.0,False
1n2nsq6,train,1,http://wfrp.ia/resource/reddit/post/1n2nsq6,ont_total_neutro_mentions,global_counts,,9.0,False
1n2nsq6,train,1,http://wfrp.ia/resource/reddit/post/1n2nsq6,ont_domain_score,global_counts,,2.0,False
1n2nsq6,train,1,http://wfrp.ia/resource/reddit/post/1n2nsq6,ont_domain_density,global_counts,,0.002717391304347826,True
1muecog,train,2,http://wfrp.ia/resource/reddit/post/1muecog,ont_InteligenciaArtificial_Neutro,ai,http://wfrp.ia/dominio/ciencia-tecnologia#InteligenciaArtificial,1.0,False
1muecog,train,2,http://wfrp.ia/resource/reddit/post/1muecog,ont_has_ontology_elements,global_counts,,1.0,False
1muecog,train,2,http://wfrp.ia/resource/reddit/post/1muecog,ont_count_domain_concepts,global_counts,,1.0,False
1muecog,train,2,http://wfrp.ia/resource/reddit/post/1muecog,ont_total_neutro_mentions,global_counts,,1.0,False
1muecog,train,2,http://wfrp.ia/resource/reddit/post/1muecog,ont_domain_score,global_counts,,1.5,False
1muecog,train,2,http://wfrp.ia/resource/reddit/post/1muecog,ont_domain_density,global_counts,,0.04,True
1mxxdnh,train,1,http://wfrp.ia/resource/reddit/post/1mxxdnh,ont_Datos_Positivo,data,http://wfrp.ia/dominio/ciencia-tecnologia#Datos,1.0,False
1mxxdnh,train,1,http://wfrp.ia/resource/reddit/post/1mxxdnh,ont_has_ontology_elements,global_counts,,1.0,False
1mxxdnh,train,1,http://wfrp.ia/resource/reddit/post/1mxxdnh,ont_count_domain_concepts,global_counts,,1.0,False
1mxxdnh,train,1,http://wfrp.ia/resource/reddit/post/1mxxdnh,ont_total_positivo_mentions,global_counts,,1.0,False
1mxxdnh,train,1,http://wfrp.ia/resource/reddit/post/1mxxdnh,ont_domain_score,global_counts,,1.0,False
1mxxdnh,train,1,http://wfrp.ia/resource/reddit/post/1mxxdnh,ont_domain_density,global_counts,,0.05,True
1n02jgm,train,0,http://wfrp.ia/resource/reddit/post/1n02jgm,ont_Datos_Neutro,data,http://wfrp.ia/dominio/ciencia-tecnologia#Datos,1.0,False
1n02jgm,train,0,http://wfrp.ia/resource/reddit/post/1n02jgm,ont_has_ontology_elements,global_counts,,1.0,False
1n02jgm,train,0,http://wfrp.ia/resource/reddit/post/1n02jgm,ont_count_domain_concepts,global_counts,,1.0,False
1n02jgm,train,0,http://wfrp.ia/resource/reddit/post/1n02jgm,ont_total_neutro_mentions,global_counts,,1.0,False
1n02jgm,train,0,http://wfrp.ia/resource/reddit/post/1n02jgm,ont_domain_score,global_counts,,1.0,False
1n02jgm,train,0,http://wfrp.ia/resource/reddit/post/1n02jgm,ont_domain_density,global_counts,,0.1,True
1my462y,train,0,http://wfrp.ia/resource/reddit/post/1my462y,ont_InteligenciaArtificial_Neutro,ai,http://wfrp.ia/dominio/ciencia-tecnologia#InteligenciaArtificial,1.0,False
1my462y,train,0,http://wfrp.ia/resource/reddit/post/1my462y,ont_has_ontology_elements,global_counts,,1.0,False
1my462y,train,0,http://wfrp.ia/resource/reddit/post/1my462y,ont_count_domain_concepts,global_counts,,1.0,False
1my462y,train,0,http://wfrp.ia/resource/reddit/post/1my462y,ont_total_neutro_mentions,global_counts,,1.0,False
1my462y,train,0,http://wfrp.ia/resource/reddit/post/1my462y,ont_domain_score,global_counts,,1.0,False
1my462y,train,0,http://wfrp.ia/resource/reddit/post/1my462y,ont_domain_density,global_counts,,0.08333333333333333,True
1mse1hx,train,0,http://wfrp.ia/resource/reddit/post/1mse1hx,ont_InteligenciaArtificial_Neutro,ai,http://wfrp.ia/dominio/ciencia-tecnologia#InteligenciaArtificial,1.0,False
1mse1hx,train,0,http://wfrp.ia/resource/reddit/post/1mse1hx,ont_has_ontology_elements,global_counts,,1.0,False
1mse1hx,train,0,http://wfrp.ia/resource/reddit/post/1mse1hx,ont_count_domain_concepts,global_counts,,1.0,False
1mse1hx,train,0,http://wfrp.ia/resource/reddit/post/1mse1hx,ont_total_neutro_mentions,global_counts,,1.0,False
1mse1hx,train,0,http://wfrp.ia/resource/reddit/post/1mse1hx,ont_domain_score,global_counts,,1.5,False
1mse1hx,train,0,http://wfrp.ia/resource/reddit/post/1mse1hx,ont_domain_density,global_counts,,0.125,True
1mzmial,train,0,http://wfrp.ia/resource/reddit/post/1mzmial,ont_Datos_Neutro,data,http://wfrp.ia/dominio/ciencia-tecnologia#Datos,1.0,False
1mzmial,train,0,http://wfrp.ia/resource/reddit/post/1mzmial,ont_Automatizacion_Neutro,automation,http://wfrp.ia/dominio/ciencia-tecnologia#Automatizacion,1.0,False
1mzmial,train,0,http://wfrp.ia/resource/reddit/post/1mzmial,ont_has_ontology_elements,global_counts,,1.0,False
1mzmial,train,0,http://wfrp.ia/resource/reddit/post/1mzmial,ont_count_domain_concepts,global_counts,,3.0,False
1mzmial,train,0,http://wfrp.ia/resource/reddit/post/1mzmial,ont_total_neutro_mentions,global_counts,,2.0,False
1mzmial,train,0,http://wfrp.ia/resource/reddit/post/1mzmial,ont_domain_score,global_counts,,3.0,False
1mzmial,train,0,http://wfrp.ia/resource/reddit/post/1mzmial,ont_domain_density,global_counts,,0.006607929515418502,True
1n2agds,train,1,http://wfrp.ia/resource/reddit/post/1n2agds,ont_InteligenciaArtificial_Neutro,ai,http://wfrp.ia/dominio/ciencia-tecnologia#InteligenciaArtificial,2.0,False
1n2agds,train,1,http://wfrp.ia/resource/reddit/post/1n2agds,ont_Etica_Neutro,ethics,http://wfrp.ia/dominio/ciencia-tecnologia#Etica,1.0,False
1n2agds,train,1,http://wfrp.ia/resource/reddit/post/1n2agds,ont_has_ontology_elements,global_counts,,1.0,False
1n2agds,train,1,http://wfrp.ia/resource/reddit/post/1n2agds,ont_count_domain_concepts,global_counts,,2.0,False
1n2agds,train,1,http://wfrp.ia/resource/reddit/post/1n2agds,ont_total_neutro_mentions,global_counts,,3.0,False
1n2agds,train,1,http://wfrp.ia/resource/reddit/post/1n2agds,ont_domain_score,global_counts,,2.5,False
1n2agds,train,1,http://wfrp.ia/resource/reddit/post/1n2agds,ont_domain_density,global_counts,,0.2,True
1mzs2pn,train,1,http://wfrp.ia/resource/reddit/post/1mzs2pn,ont_InteligenciaArtificial_Neutro,ai,http://wfrp.ia/dominio/ciencia-tecnologia#InteligenciaArtificial,2.0,False
1mzs2pn,train,1,http://wfrp.ia/resource/reddit/post/1mzs2pn,ont_has_ontology_elements,global_counts,,1.0,False
1mzs2pn,train,1,http://wfrp.ia/resource/reddit/post/1mzs2pn,ont_count_domain_concepts,global_counts,,1.0,False
1mzs2pn,train,1,http://wfrp.ia/resource/reddit/post/1mzs2pn,ont_total_neutro_mentions,global_counts,,2.0,False
1mzs2pn,train,1,http://wfrp.ia/resource/reddit/post/1mzs2pn,ont_domain_score,global_counts,,2.0,False
1mzs2pn,train,1,http://wfrp.ia/resource/reddit/post/1mzs2pn,ont_domain_density,global_counts,,0.045454545454545456,True
1mxx3t0,train,1,http://wfrp.ia/resource/reddit/post/1mxx3t0,ont_InteligenciaArtificial_Neutro,ai,http://wfrp.ia/dominio/ciencia-tecnologia#InteligenciaArtificial,1.0,False
1mxx3t0,train,1,http://wfrp.ia/resource/reddit/post/1mxx3t0,ont_has_ontology_elements,global_counts,,1.0,False
1mxx3t0,train,1,http://wfrp.ia/resource/reddit/post/1mxx3t0,ont_count_domain_concepts,global_counts,,1.0,False
1mxx3t0,train,1,http://wfrp.ia/resource/reddit/post/1mxx3t0,ont_total_neutro_mentions,global_counts,,1.0,False
1mxx3t0,train,1,http://wfrp.ia/resource/reddit/post/1mxx3t0,ont_domain_score,global_counts,,1.0,False
1mxx3t0,train,1,http://wfrp.ia/resource/reddit/post/1mxx3t0,ont_domain_density,global_counts,,0.1,True
1n2c52r,train,1,http://wfrp.ia/resource/reddit/post/1n2c52r,,,,0.0,False
1mzfume,train,1,http://wfrp.ia/resource/reddit/post/1mzfume,ont_has_ontology_elements,global_counts,,1.0,False
1n1xb5q,train,1,http://wfrp.ia/resource/reddit/post/1n1xb5q,ont_InteligenciaArtificial_Neutro,ai,http://wfrp.ia/dominio/ciencia-tecnologia#InteligenciaArtificial,1.0,False
1n1xb5q,train,1,http://wfrp.ia/resource/reddit/post/1n1xb5q,ont_Tecnologia_Neutro,technology,http://wfrp.ia/dominio/ciencia-tecnologia#Tecnologia,1.0,True
1n1xb5q,train,1,http://wfrp.ia/resource/reddit/post/1n1xb5q,ont_Datos_Neutro,data,http://wfrp.ia/dominio/ciencia-tecnologia#Datos,4.0,False
1n1xb5q,train,1,http://wfrp.ia/resource/reddit/post/1n1xb5q,ont_has_ontology_elements,global_counts,,1.0,False
1n1xb5q,train,1,http://wfrp.ia/resource/reddit/post/1n1xb5q,ont_count_domain_concepts,global_counts,,4.0,False
1n1xb5q,train,1,http://wfrp.ia/resource/reddit/post/1n1xb5q,ont_total_neutro_mentions,global_counts,,6.0,False
1n1xb5q,train,1,http://wfrp.ia/resource/reddit/post/1n1xb5q,ont_domain_score,global_counts,,5.5,False
1n1xb5q,train,1,http://wfrp.ia/resource/reddit/post/1n1xb5q,ont_domain_density,global_counts,,0.00881057268722467,True
1mzn4h1,train,2,http://wfrp.ia/resource/reddit/post/1mzn4h1,ont_has_ontology_elements,global_counts,,1.0,False
1mzn4h1,train,2,http://wfrp.ia/resource/reddit/post/1mzn4h1,ont_count_domain_concepts,global_counts,,1.0,False
1mzn4h1,train,2,http://wfrp.ia/resource/reddit/post/1mzn4h1,ont_domain_score,global_counts,,1.0,False
1mzn4h1,train,2,http://wfrp.ia/resource/reddit/post/1mzn4h1,ont_domain_density,global_counts,,0.008333333333333333,True
1n2swc2,train,2,http://wfrp.ia/resource/reddit/post/1n2swc2,ont_InteligenciaArtificial_Neutro,ai,http://wfrp.ia/dominio/ciencia-tecnologia#InteligenciaArtificial,1.0,False
1n2swc2,train,2,http://wfrp.ia/resource/reddit/post/1n2swc2,ont_Datos_Neutro,data,http://wfrp.ia/dominio/ciencia-tecnologia#Datos,2.0,False
1n2swc2,train,2,http://wfrp.ia/resource/reddit/post/1n2swc2,ont_Innovacion_Neutro,innovation,http://wfrp.ia/dominio/ciencia-tecnologia#Innovacion,1.0,True
1n2swc2,train,2,http://wfrp.ia/resource/reddit/post/1n2swc2,ont_has_ontology_elements,global_counts,,1.0,False
1n2swc2,train,2,http://wfrp.ia/resource/reddit/post/1n2swc2,ont_count_domain_concepts,global_counts,,4.0,False
1n2swc2,train,2,http://wfrp.ia/resource/reddit/post/1n2swc2,ont_total_neutro_mentions,global_counts,,4.0,False
1n2swc2,train,2,http://wfrp.ia/resource/reddit/post/1n2swc2,ont_domain_score,global_counts,,5.0,False
1n2swc2,train,2,http://wfrp.ia/resource/reddit/post/1n2swc2,ont_domain_density,global_counts,,0.026143790849673203,True
1mztq0w,train,2,http://wfrp.ia/resource/reddit/post/1mztq0w,ont_InteligenciaArtificial_Neutro,ai,http://wfrp.ia/dominio/ciencia-tecnologia#InteligenciaArtificial,1.0,False
1mztq0w,train,2,http://wfrp.ia/resource/reddit/post/1mztq0w,ont_has_ontology_elements,global_counts,,1.0,False
1mztq0w,train,2,http://wfrp.ia/resource/reddit/post/1mztq0w,ont_count_domain_concepts,global_counts,,1.0,False
1mztq0w,train,2,http://wfrp.ia/resource/reddit/post/1mztq0w,ont_total_neutro_mentions,global_counts,,1.0,False
1mztq0w,train,2,http://wfrp.ia/resource/reddit/post/1mztq0w,ont_domain_score,global_counts,,1.0,False
1mztq0w,train,2,http://wfrp.ia/resource/reddit/post/1mztq0w,ont_domain_density,global_counts,,0.06666666666666667,True
1mxu3oh,train,1,http://wfrp.ia/resource/reddit/post/1mxu3oh,ont_Tecnologia_Neutro,technology,http://wfrp.ia/dominio/ciencia-tecnologia#Tecnologia,1.0,True
1mxu3oh,train,1,http://wfrp.ia/resource/reddit/post/1mxu3oh,ont_Datos_Neutro,data,http://wfrp.ia/dominio/ciencia-tecnologia#Datos,1.0,False
1mxu3oh,train,1,http://wfrp.ia/resource/reddit/post/1mxu3oh,ont_has_ontology_elements,global_counts,,1.0,False
1mxu3oh,train,1,http://wfrp.ia/resource/reddit/post/1mxu3oh,ont_count_domain_concepts,global_counts,,2.0,False
1mxu3oh,train,1,http://wfrp.ia/resource/reddit/post/1mxu3oh,ont_total_neutro_mentions,global_counts,,2.0,False
1mxu3oh,train,1,http://wfrp.ia/resource/reddit/post/1mxu3oh,ont_domain_score,global_counts,,2.0,False
1mxu3oh,train,1,http://wfrp.ia/resource/reddit/post/1mxu3oh,ont_domain_density,global_counts,,0.125,True
1n0z5f0,train,2,http://wfrp.ia/resource/reddit/post/1n0z5f0,ont_InteligenciaArtificial_Neutro,ai,http://wfrp.ia/dominio/ciencia-tecnologia#InteligenciaArtificial,1.0,False
1n0z5f0,train,2,http://wfrp.ia/resource/reddit/post/1n0z5f0,ont_has_ontology_elements,global_counts,,1.0,False
1n0z5f0,train,2,http://wfrp.ia/resource/reddit/post/1n0z5f0,ont_count_domain_concepts,global_counts,,1.0,False
1n0z5f0,train,2,http://wfrp.ia/resource/reddit/post/1n0z5f0,ont_total_neutro_mentions,global_counts,,1.0,False
1n0z5f0,train,2,http://wfrp.ia/resource/reddit/post/1n0z5f0,ont_domain_score,global_counts,,1.0,False
1n0z5f0,train,2,http://wfrp.ia/resource/reddit/post/1n0z5f0,ont_domain_density,global_counts,,0.06666666666666667,True
1my9ip6,train,1,http://wfrp.ia/resource/reddit/post/1my9ip6,ont_InteligenciaArtificial_Neutro,ai,http://wfrp.ia/dominio/ciencia-tecnologia#InteligenciaArtificial,1.0,False
1my9ip6,train,1,http://wfrp.ia/resource/reddit/post/1my9ip6,ont_has_ontology_elements,global_counts,,1.0,False
1my9ip6,train,1,http://wfrp.ia/resource/reddit/post/1my9ip6,ont_count_domain_concepts,global_counts,,1.0,False
1my9ip6,train,1,http://wfrp.ia/resource/reddit/post/1my9ip6,ont_total_neutro_mentions,global_counts,,1.0,False
1my9ip6,train,1,http://wfrp.ia/resource/reddit/post/1my9ip6,ont_domain_score,global_counts,,1.0,False
1my9ip6,train,1,http://wfrp.ia/resource/reddit/post/1my9ip6,ont_domain_density,global_counts,,0.1111111111111111,True
1mxq709,train,1,http://wfrp.ia/resource/reddit/post/1mxq709,ont_InteligenciaArtificial_Neutro,ai,http://wfrp.ia/dominio/ciencia-tecnologia#InteligenciaArtificial,2.0,False
1mxq709,train,1,http://wfrp.ia/resource/reddit/post/1mxq709,ont_has_ontology_elements,global_counts,,1.0,False
1mxq709,train,1,http://wfrp.ia/resource/reddit/post/1mxq709,ont_count_domain_concepts,global_counts,,1.0,False
1mxq709,train,1,http://wfrp.ia/resource/reddit/post/1mxq709,ont_total_neutro_mentions,global_counts,,2.0,False
1mxq709,train,1,http://wfrp.ia/resource/reddit/post/1mxq709,ont_domain_score,global_counts,,2.0,False
1mxq709,train,1,http://wfrp.ia/resource/reddit/post/1mxq709,ont_domain_density,global_counts,,0.037037037037037035,True
1n03up3,train,1,http://wfrp.ia/resource/reddit/post/1n03up3,ont_InteligenciaArtificial_Neutro,ai,http://wfrp.ia/dominio/ciencia-tecnologia#InteligenciaArtificial,1.0,False
1n03up3,train,1,http://wfrp.ia/resource/reddit/post/1n03up3,ont_has_ontology_elements,global_counts,,1.0,False
1n03up3,train,1,http://wfrp.ia/resource/reddit/post/1n03up3,ont_count_domain_concepts,global_counts,,1.0,False
1n03up3,train,1,http://wfrp.ia/resource/reddit/post/1n03up3,ont_total_neutro_mentions,global_counts,,1.0,False
1n03up3,train,1,http://wfrp.ia/resource/reddit/post/1n03up3,ont_domain_score,global_counts,,1.0,False
1n03up3,train,1,http://wfrp.ia/resource/reddit/post/1n03up3,ont_domain_density,global_counts,,0.09090909090909091,True
1mzpoho,train,2,http://wfrp.ia/resource/reddit/post/1mzpoho,ont_Tecnologia_Neutro,technology,http://wfrp.ia/dominio/ciencia-tecnologia#Tecnologia,1.0,True
1mzpoho,train,2,http://wfrp.ia/resource/reddit/post/1mzpoho,ont_has_ontology_elements,global_counts,,1.0,False
1mzpoho,train,2,http://wfrp.ia/resource/reddit/post/1mzpoho,ont_count_domain_concepts,global_counts,,1.0,False
1mzpoho,train,2,http://wfrp.ia/resource/reddit/post/1mzpoho,ont_total_neutro_mentions,global_counts,,1.0,False
1mzpoho,train,2,http://wfrp.ia/resource/reddit/post/1mzpoho,ont_domain_score,global_counts,,1.0,False
1mzpoho,train,2,http://wfrp.ia/resource/reddit/post/1mzpoho,ont_domain_density,global_counts,,0.043478260869565216,True
1n10ulj,train,0,http://wfrp.ia/resource/reddit/post/1n10ulj,ont_InteligenciaArtificial_Neutro,ai,http://wfrp.ia/dominio/ciencia-tecnologia#InteligenciaArtificial,1.0,False
1n10ulj,train,0,http://wfrp.ia/resource/reddit/post/1n10ulj,ont_has_ontology_elements,global_counts,,1.0,False
1n10ulj,train,0,http://wfrp.ia/resource/reddit/post/1n10ulj,ont_count_domain_concepts,global_counts,,1.0,False
1n10ulj,train,0,http://wfrp.ia/resource/reddit/post/1n10ulj,ont_total_neutro_mentions,global_counts,,1.0,False
1n10ulj,train,0,http://wfrp.ia/resource/reddit/post/1n10ulj,ont_domain_score,global_counts,,0.5,False
1n10ulj,train,0,http://wfrp.ia/resource/reddit/post/1n10ulj,ont_domain_density,global_counts,,0.1,True
1n1c3fa,train,1,http://wfrp.ia/resource/reddit/post/1n1c3fa,ont_InteligenciaArtificial_Neutro,ai,http://wfrp.ia/dominio/ciencia-tecnologia#InteligenciaArtificial,1.0,False
1n1c3fa,train,1,http://wfrp.ia/resource/reddit/post/1n1c3fa,ont_Tecnologia_Neutro,technology,http://wfrp.ia/dominio/ciencia-tecnologia#Tecnologia,1.0,True
1n1c3fa,train,1,http://wfrp.ia/resource/reddit/post/1n1c3fa,ont_has_ontology_elements,global_counts,,1.0,False
1n1c3fa,train,1,http://wfrp.ia/resource/reddit/post/1n1c3fa,ont_count_domain_concepts,global_counts,,2.0,False
1n1c3fa,train,1,http://wfrp.ia/resource/reddit/post/1n1c3fa,ont_total_neutro_mentions,global_counts,,2.0,False
1n1c3fa,train,1,http://wfrp.ia/resource/reddit/post/1n1c3fa,ont_domain_score,global_counts,,2.0,False
1n1c3fa,train,1,http://wfrp.ia/resource/reddit/post/1n1c3fa,ont_domain_density,global_counts,,0.18181818181818182,True
1mztbft,train,2,http://wfrp.ia/resource/reddit/post/1mztbft,ont_Robot_Neutro,robot,http://wfrp.ia/dominio/ciencia-tecnologia#Robot,2.0,False
1mztbft,train,2,http://wfrp.ia/resource/reddit/post/1mztbft,ont_has_ontology_elements,global_counts,,1.0,False
1mztbft,train,2,http://wfrp.ia/resource/reddit/post/1mztbft,ont_count_domain_concepts,global_counts,,1.0,False
1mztbft,train,2,http://wfrp.ia/resource/reddit/post/1mztbft,ont_total_neutro_mentions,global_counts,,2.0,False
1mztbft,train,2,http://wfrp.ia/resource/reddit/post/1mztbft,ont_domain_score,global_counts,,2.5,False
1mztbft,train,2,http://wfrp.ia/resource/reddit/post/1mztbft,ont_domain_density,global_counts,,0.06666666666666667,True
1n1tzfi,train,0,http://wfrp.ia/resource/reddit/post/1n1tzfi,ont_InteligenciaArtificial_Neutro,ai,http://wfrp.ia/dominio/ciencia-tecnologia#InteligenciaArtificial,2.0,False
1n1tzfi,train,0,http://wfrp.ia/resource/reddit/post/1n1tzfi,ont_has_ontology_elements,global_counts,,1.0,False
1n1tzfi,train,0,http://wfrp.ia/resource/reddit/post/1n1tzfi,ont_count_domain_concepts,global_counts,,1.0,False
1n1tzfi,train,0,http://wfrp.ia/resource/reddit/post/1n1tzfi,ont_total_neutro_mentions,global_counts,,2.0,False
1n1tzfi,train,0,http://wfrp.ia/resource/reddit/post/1n1tzfi,ont_domain_score,global_counts,,1.0,False
1n1tzfi,train,0,http://wfrp.ia/resource/reddit/post/1n1tzfi,ont_domain_density,global_counts,,0.07692307692307693,True
1n36699,train,2,http://wfrp.ia/resource/reddit/post/1n36699,ont_InteligenciaArtificial_Neutro,ai,http://wfrp.ia/dominio/ciencia-tecnologia#InteligenciaArtificial,1.0,False
1n36699,train,2,http://wfrp.ia/resource/reddit/post/1n36699,ont_Tecnologia_Neutro,technology,http://wfrp.ia/dominio/ciencia-tecnologia#Tecnologia,1.0,True
1n36699,train,2,http://wfrp.ia/resource/reddit/post/1n36699,ont_has_ontology_elements,global_counts,,1.0,False
1n36699,train,2,http://wfrp.ia/resource/reddit/post/1n36699,ont_count_domain_concepts,global_counts,,2.0,False
1n36699,train,2,http://wfrp.ia/resource/reddit/post/1n36699,ont_total_neutro_mentions,global_counts,,2.0,False
1n36699,train,2,http://wfrp.ia/resource/reddit/post/1n36699,ont_domain_score,global_counts,,2.0,False
1n36699,train,2,http://wfrp.ia/resource/reddit/post/1n36699,ont_domain_density,global_counts,,0.18181818181818182,True
1mzzyof,train,1,http://wfrp.ia/resource/reddit/post/1mzzyof,ont_InteligenciaArtificial_Positivo,ai,http://wfrp.ia/dominio/ciencia-tecnologia#InteligenciaArtificial,1.0,False
1mzzyof,train,1,http://wfrp.ia/resource/reddit/post/1mzzyof,ont_has_ontology_elements,global_counts,,1.0,False
1mzzyof,train,1,http://wfrp.ia/resource/reddit/post/1mzzyof,ont_count_domain_concepts,global_counts,,1.0,False
1mzzyof,train,1,http://wfrp.ia/resource/reddit/post/1mzzyof,ont_total_positivo_mentions,global_counts,,1.0,False
1mzzyof,train,1,http://wfrp.ia/resource/reddit/post/1mzzyof,ont_domain_score,global_counts,,1.0,False
1mzzyof,train,1,http://wfrp.ia/resource/reddit/post/1mzzyof,ont_domain_density,global_counts,,0.14285714285714285,True
1n2aiec,train,2,http://wfrp.ia/resource/reddit/post/1n2aiec,ont_InteligenciaArtificial_Neutro,ai,http://wfrp.ia/dominio/ciencia-tecnologia#InteligenciaArtificial,1.0,False
1n2aiec,train,2,http://wfrp.ia/resource/reddit/post/1n2aiec,ont_Robot_Neutro,robot,http://wfrp.ia/dominio/ciencia-tecnologia#Robot,2.0,False
1n2aiec,train,2,http://wfrp.ia/resource/reddit/post/1n2aiec,ont_Automatizacion_Neutro,automation,http://wfrp.ia/dominio/ciencia-tecnologia#Automatizacion,1.0,False
1n2aiec,train,2,http://wfrp.ia/resource/reddit/post/1n2aiec,ont_has_ontology_elements,global_counts,,1.0,False
1n2aiec,train,2,http://wfrp.ia/resource/reddit/post/1n2aiec,ont_count_domain_concepts,global_counts,,3.0,False
1n2aiec,train,2,http://wfrp.ia/resource/reddit/post/1n2aiec,ont_total_neutro_mentions,global_counts,,4.0,False
1n2aiec,train,2,http://wfrp.ia/resource/reddit/post/1n2aiec,ont_domain_score,global_counts,,3.0,False
1n2aiec,train,2,http://wfrp.ia/resource/reddit/post/1n2aiec,ont_domain_density,global_counts,,0.08333333333333333,True
1n121ip,train,2,http://wfrp.ia/resource/reddit/post/1n121ip,ont_Tecnologia_Neutro,technology,http://wfrp.ia/dominio/ciencia-tecnologia#Tecnologia,1.0,True
1n121ip,train,2,http://wfrp.ia/resource/reddit/post/1n121ip,ont_has_ontology_elements,global_counts,,1.0,False
1n121ip,train,2,http://wfrp.ia/resource/reddit/post/1n121ip,ont_count_domain_concepts,global_counts,,1.0,False
1n121ip,train,2,http://wfrp.ia/resource/reddit/post/1n121ip,ont_total_neutro_mentions,global_counts,,1.0,False
1n121ip,train,2,http://wfrp.ia/resource/reddit/post/1n121ip,ont_domain_score,global_counts,,1.0,False
1n121ip,train,2,http://wfrp.ia/resource/reddit/post/1n121ip,ont_domain_density,global_counts,,0.1,True
1n2km6j,train,0,http://wfrp.ia/resource/reddit/post/1n2km6j,ont_Datos_Neutro,data,http://wfrp.ia/dominio/ciencia-tecnologia#Datos,1.0,False
1n2km6j,train,0,http://wfrp.ia/resource/reddit/post/1n2km6j,ont_has_ontology_elements,global_counts,,1.0,False
1n2km6j,train,0,http://wfrp.ia/resource/reddit/post/1n2km6j,ont_count_domain_concepts,global_counts,,1.0,False
1n2km6j,train,0,http://wfrp.ia/resource/reddit/post/1n2km6j,ont_total_neutro_mentions,global_counts,,1.0,False
1n2km6j,train,0,http://wfrp.ia/resource/reddit/post/1n2km6j,ont_domain_score,global_counts,,1.0,False
1n2km6j,train,0,http://wfrp.ia/resource/reddit/post/1n2km6j,ont_domain_density,global_counts,,0.1111111111111111,True
1n0ji0c,train,2,http://wfrp.ia/resource/reddit/post/1n0ji0c,ont_Datos_Neutro,data,http://wfrp.ia/dominio/ciencia-tecnologia#Datos,2.0,False
1n0ji0c,train,2,http://wfrp.ia/resource/reddit/post/1n0ji0c,ont_has_ontology_elements,global_counts,,1.0,False
1n0ji0c,train,2,http://wfrp.ia/resource/reddit/post/1n0ji0c,ont_count_domain_concepts,global_counts,,2.0,False
1n0ji0c,train,2,http://wfrp.ia/resource/reddit/post/1n0ji0c,ont_total_neutro_mentions,global_counts,,2.0,False
1n0ji0c,train,2,http://wfrp.ia/resource/reddit/post/1n0ji0c,ont_domain_score,global_counts,,2.0,False
1n0ji0c,train,2,http://wfrp.ia/resource/reddit/post/1n0ji0c,ont_domain_density,global_counts,,0.025974025974025976,True
1n159ci,train,1,http://wfrp.ia/resource/reddit/post/1n159ci,ont_InteligenciaArtificial_Neutro,ai,http://wfrp.ia/dominio/ciencia-tecnologia#InteligenciaArtificial,1.0,False
1n159ci,train,1,http://wfrp.ia/resource/reddit/post/1n159ci,ont_has_ontology_elements,global_counts,,1.0,False
1n159ci,train,1,http://wfrp.ia/resource/reddit/post/1n159ci,ont_count_domain_concepts,global_counts,,1.0,False
1n159ci,train,1,http://wfrp.ia/resource/reddit/post/1n159ci,ont_total_neutro_mentions,global_counts,,1.0,False
1n159ci,train,1,http://wfrp.ia/resource/reddit/post/1n159ci,ont_domain_score,global_counts,,1.0,False
1n159ci,train,1,http://wfrp.ia/resource/reddit/post/1n159ci,ont_domain_density,global_counts,,0.047619047619047616,True
1n0oyx9,train,1,http://wfrp.ia/resource/reddit/post/1n0oyx9,ont_InteligenciaArtificial_Neutro,ai,http://wfrp.ia/dominio/ciencia-tecnologia#InteligenciaArtificial,1.0,False
1n0oyx9,train,1,http://wfrp.ia/resource/reddit/post/1n0oyx9,ont_has_ontology_elements,global_counts,,1.0,False
1n0oyx9,train,1,http://wfrp.ia/resource/reddit/post/1n0oyx9,ont_count_domain_concepts,global_counts,,1.0,False
1n0oyx9,train,1,http://wfrp.ia/resource/reddit/post/1n0oyx9,ont_total_neutro_mentions,global_counts,,1.0,False
1n0oyx9,train,1,http://wfrp.ia/resource/reddit/post/1n0oyx9,ont_domain_score,global_counts,,1.0,False
1n0oyx9,train,1,http://wfrp.ia/resource/reddit/post/1n0oyx9,ont_domain_density,global_counts,,0.14285714285714285,True
1n0vr5r,train,0,http://wfrp.ia/resource/reddit/post/1n0vr5r,ont_InteligenciaArtificial_Neutro,ai,http://wfrp.ia/dominio/ciencia-tecnologia#InteligenciaArtificial,1.0,False
1n0vr5r,train,0,http://wfrp.ia/resource/reddit/post/1n0vr5r,ont_has_ontology_elements,global_counts,,1.0,False
1n0vr5r,train,0,http://wfrp.ia/resource/reddit/post/1n0vr5r,ont_count_domain_concepts,global_counts,,1.0,False
1n0vr5r,train,0,http://wfrp.ia/resource/reddit/post/1n0vr5r,ont_total_neutro_mentions,global_counts,,1.0,False
1n0vr5r,train,0,http://wfrp.ia/resource/reddit/post/1n0vr5r,ont_domain_score,global_counts,,1.0,False
1n0vr5r,train,0,http://wfrp.ia/resource/reddit/post/1n0vr5r,ont_domain_density,global_counts,,0.1,True
1n0xt7u,train,1,http://wfrp.ia/resource/reddit/post/1n0xt7u,ont_has_ontology_elements,global_counts,,1.0,False
1n0xt7u,train,1,http://wfrp.ia/resource/reddit/post/1n0xt7u,ont_count_domain_concepts,global_counts,,1.0,False
1n0xt7u,train,1,http://wfrp.ia/resource/reddit/post/1n0xt7u,ont_domain_score,global_counts,,1.0,False
1n0xt7u,train,1,http://wfrp.ia/resource/reddit/post/1n0xt7u,ont_domain_density,global_counts,,0.0021929824561403508,True
1n11kag,train,0,http://wfrp.ia/resource/reddit/post/1n11kag,ont_InteligenciaArtificial_Neutro,ai,http://wfrp.ia/dominio/ciencia-tecnologia#InteligenciaArtificial,2.0,False
1n11kag,train,0,http://wfrp.ia/resource/reddit/post/1n11kag,ont_Robot_Neutro,robot,http://wfrp.ia/dominio/ciencia-tecnologia#Robot,1.0,False
1n11kag,train,0,http://wfrp.ia/resource/reddit/post/1n11kag,ont_has_ontology_elements,global_counts,,1.0,False
1n11kag,train,0,http://wfrp.ia/resource/reddit/post/1n11kag,ont_count_domain_concepts,global_counts,,2.0,False
1n11kag,train,0,http://wfrp.ia/resource/reddit/post/1n11kag,ont_total_neutro_mentions,global_counts,,3.0,False
1n11kag,train,0,http://wfrp.ia/resource/reddit/post/1n11kag,ont_domain_score,global_counts,,2.0,False
1n11kag,train,0,http://wfrp.ia/resource/reddit/post/1n11kag,ont_domain_density,global_counts,,0.15384615384615385,True
1myz4xe,train,2,http://wfrp.ia/resource/reddit/post/1myz4xe,ont_InteligenciaArtificial_Neutro,ai,http://wfrp.ia/dominio/ciencia-tecnologia#InteligenciaArtificial,1.0,False
1myz4xe,train,2,http://wfrp.ia/resource/reddit/post/1myz4xe,ont_has_ontology_elements,global_counts,,1.0,False
1myz4xe,train,2,http://wfrp.ia/resource/reddit/post/1myz4xe,ont_count_domain_concepts,global_counts,,1.0,False
1myz4xe,train,2,http://wfrp.ia/resource/reddit/post/1myz4xe,ont_total_neutro_mentions,global_counts,,1.0,False
1myz4xe,train,2,http://wfrp.ia/resource/reddit/post/1myz4xe,ont_domain_score,global_counts,,1.0,False
1myz4xe,train,2,http://wfrp.ia/resource/reddit/post/1myz4xe,ont_domain_density,global_counts,,0.08333333333333333,True
1my03yt,train,1,http://wfrp.ia/resource/reddit/post/1my03yt,ont_InteligenciaArtificial_Neutro,ai,http://wfrp.ia/dominio/ciencia-tecnologia#InteligenciaArtificial,1.0,False
1my03yt,train,1,http://wfrp.ia/resource/reddit/post/1my03yt,ont_has_ontology_elements,global_counts,,1.0,False
1my03yt,train,1,http://wfrp.ia/resource/reddit/post/1my03yt,ont_count_domain_concepts,global_counts,,1.0,False
1my03yt,train,1,http://wfrp.ia/resource/reddit/post/1my03yt,ont_total_neutro_mentions,global_counts,,1.0,False
1my03yt,train,1,http://wfrp.ia/resource/reddit/post/1my03yt,ont_domain_score,global_counts,,1.0,False
1my03yt,train,1,http://wfrp.ia/resource/reddit/post/1my03yt,ont_domain_density,global_counts,,0.1111111111111111,True
1mr28q4,train,2,http://wfrp.ia/resource/reddit/post/1mr28q4,ont_has_ontology_elements,global_counts,,1.0,False
1n0ka3u,train,2,http://wfrp.ia/resource/reddit/post/1n0ka3u,ont_has_ontology_elements,global_counts,,1.0,False
1myamol,train,2,http://wfrp.ia/resource/reddit/post/1myamol,ont_has_ontology_elements,global_counts,,1.0,False
1mzh08i,train,2,http://wfrp.ia/resource/reddit/post/1mzh08i,ont_Automatizacion_Neutro,automation,http://wfrp.ia/dominio/ciencia-tecnologia#Automatizacion,1.0,False
1mzh08i,train,2,http://wfrp.ia/resource/reddit/post/1mzh08i,ont_has_ontology_elements,global_counts,,1.0,False
1mzh08i,train,2,http://wfrp.ia/resource/reddit/post/1mzh08i,ont_count_domain_concepts,global_counts,,1.0,False
1mzh08i,train,2,http://wfrp.ia/resource/reddit/post/1mzh08i,ont_total_neutro_mentions,global_counts,,1.0,False
1mzh08i,train,2,http://wfrp.ia/resource/reddit/post/1mzh08i,ont_domain_score,global_counts,,1.0,False
1mzh08i,train,2,http://wfrp.ia/resource/reddit/post/1mzh08i,ont_domain_density,global_counts,,0.00558659217877095,True
1n0f2vc,train,2,http://wfrp.ia/resource/reddit/post/1n0f2vc,ont_InteligenciaArtificial_Positivo,ai,http://wfrp.ia/dominio/ciencia-tecnologia#InteligenciaArtificial,1.0,False
1n0f2vc,train,2,http://wfrp.ia/resource/reddit/post/1n0f2vc,ont_InteligenciaArtificial_Neutro,ai,http://wfrp.ia/dominio/ciencia-tecnologia#InteligenciaArtificial,1.0,False
1n0f2vc,train,2,http://wfrp.ia/resource/reddit/post/1n0f2vc,ont_Tecnologia_Neutro,technology,http://wfrp.ia/dominio/ciencia-tecnologia#Tecnologia,1.0,True
1n0f2vc,train,2,http://wfrp.ia/resource/reddit/post/1n0f2vc,ont_Robot_Positivo,robot,http://wfrp.ia/dominio/ciencia-tecnologia#Robot,1.0,False
1n0f2vc,train,2,http://wfrp.ia/resource/reddit/post/1n0f2vc,ont_Robot_Neutro,robot,http://wfrp.ia/dominio/ciencia-tecnologia#Robot,1.0,False
1n0f2vc,train,2,http://wfrp.ia/resource/reddit/post/1n0f2vc,ont_has_ontology_elements,global_counts,,1.0,False
1n0f2vc,train,2,http://wfrp.ia/resource/reddit/post/1n0f2vc,ont_count_domain_concepts,global_counts,,3.0,False
1n0f2vc,train,2,http://wfrp.ia/resource/reddit/post/1n0f2vc,ont_total_positivo_mentions,global_counts,,2.0,False
1n0f2vc,train,2,http://wfrp.ia/resource/reddit/post/1n0f2vc,ont_total_neutro_mentions,global_counts,,3.0,False
1n0f2vc,train,2,http://wfrp.ia/resource/reddit/post/1n0f2vc,ont_domain_score,global_counts,,4.0,False
1n0f2vc,train,2,http://wfrp.ia/resource/reddit/post/1n0f2vc,ont_domain_density,global_counts,,0.125,True
1mueakf,train,2,http://wfrp.ia/resource/reddit/post/1mueakf,ont_InteligenciaArtificial_Neutro,ai,http://wfrp.ia/dominio/ciencia-tecnologia#InteligenciaArtificial,1.0,False
1mueakf,train,2,http://wfrp.ia/resource/reddit/post/1mueakf,ont_has_ontology_elements,global_counts,,1.0,False
1mueakf,train,2,http://wfrp.ia/resource/reddit/post/1mueakf,ont_count_domain_concepts,global_counts,,1.0,False
1mueakf,train,2,http://wfrp.ia/resource/reddit/post/1mueakf,ont_total_neutro_mentions,global_counts,,1.0,False
1mueakf,train,2,http://wfrp.ia/resource/reddit/post/1mueakf,ont_domain_score,global_counts,,1.0,False
1mueakf,train,2,http://wfrp.ia/resource/reddit/post/1mueakf,ont_domain_density,global_counts,,0.05263157894736842,True
1n161bd,train,1,http://wfrp.ia/resource/reddit/post/1n161bd,,,,0.0,False
1mxdgjd,train,2,http://wfrp.ia/resource/reddit/post/1mxdgjd,ont_InteligenciaArtificial_Neutro,ai,http://wfrp.ia/dominio/ciencia-tecnologia#InteligenciaArtificial,2.0,False
1mxdgjd,train,2,http://wfrp.ia/resource/reddit/post/1mxdgjd,ont_has_ontology_elements,global_counts,,1.0,False
1mxdgjd,train,2,http://wfrp.ia/resource/reddit/post/1mxdgjd,ont_count_domain_concepts,global_counts,,1.0,False
1mxdgjd,train,2,http://wfrp.ia/resource/reddit/post/1mxdgjd,ont_total_neutro_mentions,global_counts,,2.0,False
1mxdgjd,train,2,http://wfrp.ia/resource/reddit/post/1mxdgjd,ont_domain_score,global_counts,,2.0,False
1mxdgjd,train,2,http://wfrp.ia/resource/reddit/post/1mxdgjd,ont_domain_density,global_counts,,0.017241379310344827,True
1muh982,train,2,http://wfrp.ia/resource/reddit/post/1muh982,ont_Datos_Neutro,data,http://wfrp.ia/dominio/ciencia-tecnologia#Datos,1.0,False
1muh982,train,2,http://wfrp.ia/resource/reddit/post/1muh982,ont_has_ontology_elements,global_counts,,1.0,False
1muh982,train,2,http://wfrp.ia/resource/reddit/post/1muh982,ont_count_domain_concepts,global_counts,,1.0,False
1muh982,train,2,http://wfrp.ia/resource/reddit/post/1muh982,ont_total_neutro_mentions,global_counts,,1.0,False
1muh982,train,2,http://wfrp.ia/resource/reddit/post/1muh982,ont_domain_score,global_counts,,1.0,False
1muh982,train,2,http://wfrp.ia/resource/reddit/post/1muh982,ont_domain_density,global_counts,,0.05555555555555555,True
1mvc93a,train,2,http://wfrp.ia/resource/reddit/post/1mvc93a,,,,0.0,False
1n1e8yb,train,2,http://wfrp.ia/resource/reddit/post/1n1e8yb,ont_Datos_Neutro,data,http://wfrp.ia/dominio/ciencia-tecnologia#Datos,2.0,False
1n1e8yb,train,2,http://wfrp.ia/resource/reddit/post/1n1e8yb,ont_has_ontology_elements,global_counts,,1.0,False
1n1e8yb,train,2,http://wfrp.ia/resource/reddit/post/1n1e8yb,ont_count_domain_concepts,global_counts,,1.0,False
1n1e8yb,train,2,http://wfrp.ia/resource/reddit/post/1n1e8yb,ont_total_neutro_mentions,global_counts,,2.0,False
1n1e8yb,train,2,http://wfrp.ia/resource/reddit/post/1n1e8yb,ont_domain_score,global_counts,,1.0,False
1n1e8yb,train,2,http://wfrp.ia/resource/reddit/post/1n1e8yb,ont_domain_density,global_counts,,0.0136986301369863,True
1n17rgw,train,1,http://wfrp.ia/resource/reddit/post/1n17rgw,ont_InteligenciaArtificial_Neutro,ai,http://wfrp.ia/dominio/ciencia-tecnologia#InteligenciaArtificial,1.0,False
1n17rgw,train,1,http://wfrp.ia/resource/reddit/post/1n17rgw,ont_has_ontology_elements,global_counts,,1.0,False
1n17rgw,train,1,http://wfrp.ia/resource/reddit/post/1n17rgw,ont_count_domain_concepts,global_counts,,1.0,False
1n17rgw,train,1,http://wfrp.ia/resource/reddit/post/1n17rgw,ont_total_neutro_mentions,global_counts,,1.0,False
1n17rgw,train,1,http://wfrp.ia/resource/reddit/post/1n17rgw,ont_domain_score,global_counts,,1.0,False
1n17rgw,train,1,http://wfrp.ia/resource/reddit/post/1n17rgw,ont_domain_density,global_counts,,0.07142857142857142,True
1n2e639,train,2,http://wfrp.ia/resource/reddit/post/1n2e639,ont_Innovacion_Neutro,innovation,http://wfrp.ia/dominio/ciencia-tecnologia#Innovacion,1.0,True
1n2e639,train,2,http://wfrp.ia/resource/reddit/post/1n2e639,ont_has_ontology_elements,global_counts,,1.0,False
1n2e639,train,2,http://wfrp.ia/resource/reddit/post/1n2e639,ont_count_domain_concepts,global_counts,,2.0,False
1n2e639,train,2,http://wfrp.ia/resource/reddit/post/1n2e639,ont_total_neutro_mentions,global_counts,,1.0,False
1n2e639,train,2,http://wfrp.ia/resource/reddit/post/1n2e639,ont_domain_score,global_counts,,2.0,False
1n2e639,train,2,http://wfrp.ia/resource/reddit/post/1n2e639,ont_domain_density,global_counts,,0.014388489208633094,True
1n0cj6b,train,2,http://wfrp.ia/resource/reddit/post/1n0cj6b,ont_Innovacion_Neutro,innovation,http://wfrp.ia/dominio/ciencia-tecnologia#Innovacion,1.0,True
1n0cj6b,train,2,http://wfrp.ia/resource/reddit/post/1n0cj6b,ont_has_ontology_elements,global_counts,,1.0,False
1n0cj6b,train,2,http://wfrp.ia/resource/reddit/post/1n0cj6b,ont_count_domain_concepts,global_counts,,1.0,False
1n0cj6b,train,2,http://wfrp.ia/resource/reddit/post/1n0cj6b,ont_total_neutro_mentions,global_counts,,1.0,False
1n0cj6b,train,2,http://wfrp.ia/resource/reddit/post/1n0cj6b,ont_domain_score,global_counts,,1.0,False
1n0cj6b,train,2,http://wfrp.ia/resource/reddit/post/1n0cj6b,ont_domain_density,global_counts,,0.16666666666666666,True
1mxgy4w,train,2,http://wfrp.ia/resource/reddit/post/1mxgy4w,ont_Datos_Neutro,data,http://wfrp.ia/dominio/ciencia-tecnologia#Datos,1.0,False
1mxgy4w,train,2,http://wfrp.ia/resource/reddit/post/1mxgy4w,ont_has_ontology_elements,global_counts,,1.0,False
1mxgy4w,train,2,http://wfrp.ia/resource/reddit/post/1mxgy4w,ont_count_domain_concepts,global_counts,,1.0,False
1mxgy4w,train,2,http://wfrp.ia/resource/reddit/post/1mxgy4w,ont_total_neutro_mentions,global_counts,,1.0,False
1mxgy4w,train,2,http://wfrp.ia/resource/reddit/post/1mxgy4w,ont_domain_score,global_counts,,1.0,False
1mxgy4w,train,2,http://wfrp.ia/resource/reddit/post/1mxgy4w,ont_domain_density,global_counts,,0.05263157894736842,True
1n3g91a,train,0,http://wfrp.ia/resource/reddit/post/1n3g91a,ont_InteligenciaArtificial_Neutro,ai,http://wfrp.ia/dominio/ciencia-tecnologia#InteligenciaArtificial,1.0,False
1n3g91a,train,0,http://wfrp.ia/resource/reddit/post/1n3g91a,ont_has_ontology_elements,global_counts,,1.0,False
1n3g91a,train,0,http://wfrp.ia/resource/reddit/post/1n3g91a,ont_count_domain_concepts,global_counts,,1.0,False
1n3g91a,train,0,http://wfrp.ia/resource/reddit/post/1n3g91a,ont_total_neutro_mentions,global_counts,,1.0,False
1n3g91a,train,0,http://wfrp.ia/resource/reddit/post/1n3g91a,ont_domain_score,global_counts,,1.0,False
1n3g91a,train,0,http://wfrp.ia/resource/reddit/post/1n3g91a,ont_domain_density,global_counts,,0.1,True
1mvr7lg,train,2,http://wfrp.ia/resource/reddit/post/1mvr7lg,ont_has_ontology_elements,global_counts,,1.0,False
1mvde2o,train,0,http://wfrp.ia/resource/reddit/post/1mvde2o,ont_InteligenciaArtificial_Neutro,ai,http://wfrp.ia/dominio/ciencia-tecnologia#InteligenciaArtificial,2.0,False
1mvde2o,train,0,http://wfrp.ia/resource/reddit/post/1mvde2o,ont_has_ontology_elements,global_counts,,1.0,False
1mvde2o,train,0,http://wfrp.ia/resource/reddit/post/1mvde2o,ont_count_domain_concepts,global_counts,,1.0,False
1mvde2o,train,0,http://wfrp.ia/resource/reddit/post/1mvde2o,ont_total_neutro_mentions,global_counts,,2.0,False
1mvde2o,train,0,http://wfrp.ia/resource/reddit/post/1mvde2o,ont_domain_score,global_counts,,2.5,False
1mvde2o,train,0,http://wfrp.ia/resource/reddit/post/1mvde2o,ont_domain_density,global_counts,,0.07692307692307693,True
1n20u8s,train,2,http://wfrp.ia/resource/reddit/post/1n20u8s,ont_Datos_Neutro,data,http://wfrp.ia/dominio/ciencia-tecnologia#Datos,1.0,False
1n20u8s,train,2,http://wfrp.ia/resource/reddit/post/1n20u8s,ont_has_ontology_elements,global_counts,,1.0,False
1n20u8s,train,2,http://wfrp.ia/resource/reddit/post/1n20u8s,ont_count_domain_concepts,global_counts,,1.0,False
1n20u8s,train,2,http://wfrp.ia/resource/reddit/post/1n20u8s,ont_total_neutro_mentions,global_counts,,1.0,False
1n20u8s,train,2,http://wfrp.ia/resource/reddit/post/1n20u8s,ont_domain_score,global_counts,,1.0,False
1n20u8s,train,2,http://wfrp.ia/resource/reddit/post/1n20u8s,ont_domain_density,global_counts,,0.1,True
1my1sda,train,2,http://wfrp.ia/resource/reddit/post/1my1sda,ont_InteligenciaArtificial_Neutro,ai,http://wfrp.ia/dominio/ciencia-tecnologia#InteligenciaArtificial,1.0,False
1my1sda,train,2,http://wfrp.ia/resource/reddit/post/1my1sda,ont_has_ontology_elements,global_counts,,1.0,False
1my1sda,train,2,http://wfrp.ia/resource/reddit/post/1my1sda,ont_count_domain_concepts,global_counts,,1.0,False
1my1sda,train,2,http://wfrp.ia/resource/reddit/post/1my1sda,ont_total_neutro_mentions,global_counts,,1.0,False
1my1sda,train,2,http://wfrp.ia/resource/reddit/post/1my1sda,ont_domain_score,global_counts,,0.5,False
1my1sda,train,2,http://wfrp.ia/resource/reddit/post/1my1sda,ont_domain_density,global_counts,,0.09090909090909091,True
1mzshd4,train,1,http://wfrp.ia/resource/reddit/post/1mzshd4,ont_InteligenciaArtificial_Neutro,ai,http://wfrp.ia/dominio/ciencia-tecnologia#InteligenciaArtificial,1.0,False
1mzshd4,train,1,http://wfrp.ia/resource/reddit/post/1mzshd4,ont_Tecnologia_Neutro,technology,http://wfrp.ia/dominio/ciencia-tecnologia#Tecnologia,1.0,True
1mzshd4,train,1,http://wfrp.ia/resource/reddit/post/1mzshd4,ont_has_ontology_elements,global_counts,,1.0,False
1mzshd4,train,1,http://wfrp.ia/resource/reddit/post/1mzshd4,ont_count_domain_concepts,global_counts,,2.0,False
1mzshd4,train,1,http://wfrp.ia/resource/reddit/post/1mzshd4,ont_total_neutro_mentions,global_counts,,2.0,False
1mzshd4,train,1,http://wfrp.ia/resource/reddit/post/1mzshd4,ont_domain_score,global_counts,,2.0,False
1mzshd4,train,1,http://wfrp.ia/resource/reddit/post/1mzshd4,ont_domain_density,global_counts,,0.10526315789473684,True
1n3cpkl,train,0,http://wfrp.ia/resource/reddit/post/1n3cpkl,ont_Datos_Neutro,data,http://wfrp.ia/dominio/ciencia-tecnologia#Datos,1.0,False
1n3cpkl,train,0,http://wfrp.ia/resource/reddit/post/1n3cpkl,ont_has_ontology_elements,global_counts,,1.0,False
1n3cpkl,train,0,http://wfrp.ia/resource/reddit/post/1n3cpkl,ont_count_domain_concepts,global_counts,,1.0,False
1n3cpkl,train,0,http://wfrp.ia/resource/reddit/post/1n3cpkl,ont_total_neutro_mentions,global_counts,,1.0,False
1n3cpkl,train,0,http://wfrp.ia/resource/reddit/post/1n3cpkl,ont_domain_score,global_counts,,1.0,False
1n3cpkl,train,0,http://wfrp.ia/resource/reddit/post/1n3cpkl,ont_domain_density,global_counts,,0.08333333333333333,True
1n18tj5,train,1,http://wfrp.ia/resource/reddit/post/1n18tj5,ont_InteligenciaArtificial_Neutro,ai,http://wfrp.ia/dominio/ciencia-tecnologia#InteligenciaArtificial,1.0,False
1n18tj5,train,1,http://wfrp.ia/resource/reddit/post/1n18tj5,ont_has_ontology_elements,global_counts,,1.0,False
1n18tj5,train,1,http://wfrp.ia/resource/reddit/post/1n18tj5,ont_count_domain_concepts,global_counts,,1.0,False
1n18tj5,train,1,http://wfrp.ia/resource/reddit/post/1n18tj5,ont_total_neutro_mentions,global_counts,,1.0,False
1n18tj5,train,1,http://wfrp.ia/resource/reddit/post/1n18tj5,ont_domain_score,global_counts,,1.0,False
1n18tj5,train,1,http://wfrp.ia/resource/reddit/post/1n18tj5,ont_domain_density,global_counts,,0.07692307692307693,True
1n202hx,train,2,http://wfrp.ia/resource/reddit/post/1n202hx,ont_Futuro_Neutro,future,http://wfrp.ia/dominio/ciencia-tecnologia#Futuro,1.0,False
1n202hx,train,2,http://wfrp.ia/resource/reddit/post/1n202hx,ont_has_ontology_elements,global_counts,,1.0,False
1n202hx,train,2,http://wfrp.ia/resource/reddit/post/1n202hx,ont_count_domain_concepts,global_counts,,2.0,False
1n202hx,train,2,http://wfrp.ia/resource/reddit/post/1n202hx,ont_total_neutro_mentions,global_counts,,1.0,False
1n202hx,train,2,http://wfrp.ia/resource/reddit/post/1n202hx,ont_domain_score,global_counts,,2.0,False
1n202hx,train,2,http://wfrp.ia/resource/reddit/post/1n202hx,ont_domain_density,global_counts,,0.006153846153846154,True
1mztd48,train,2,http://wfrp.ia/resource/reddit/post/1mztd48,ont_Futuro_Neutro,future,http://wfrp.ia/dominio/ciencia-tecnologia#Futuro,1.0,False
1mztd48,train,2,http://wfrp.ia/resource/reddit/post/1mztd48,ont_has_ontology_elements,global_counts,,1.0,False
1mztd48,train,2,http://wfrp.ia/resource/reddit/post/1mztd48,ont_count_domain_concepts,global_counts,,1.0,False
1mztd48,train,2,http://wfrp.ia/resource/reddit/post/1mztd48,ont_total_neutro_mentions,global_counts,,1.0,False
1mztd48,train,2,http://wfrp.ia/resource/reddit/post/1mztd48,ont_domain_score,global_counts,,1.0,False
1mztd48,train,2,http://wfrp.ia/resource/reddit/post/1mztd48,ont_domain_density,global_counts,,0.1,True
1n08941,train,2,http://wfrp.ia/resource/reddit/post/1n08941,ont_InteligenciaArtificial_Neutro,ai,http://wfrp.ia/dominio/ciencia-tecnologia#InteligenciaArtificial,1.0,False
1n08941,train,2,http://wfrp.ia/resource/reddit/post/1n08941,ont_has_ontology_elements,global_counts,,1.0,False
1n08941,train,2,http://wfrp.ia/resource/reddit/post/1n08941,ont_count_domain_concepts,global_counts,,1.0,False
1n08941,train,2,http://wfrp.ia/resource/reddit/post/1n08941,ont_total_neutro_mentions,global_counts,,1.0,False
1n08941,train,2,http://wfrp.ia/resource/reddit/post/1n08941,ont_domain_score,global_counts,,0.5,False
1n08941,train,2,http://wfrp.ia/resource/reddit/post/1n08941,ont_domain_density,global_counts,,0.08333333333333333,True
1mzm79r,train,1,http://wfrp.ia/resource/reddit/post/1mzm79r,ont_InteligenciaArtificial_Neutro,ai,http://wfrp.ia/dominio/ciencia-tecnologia#InteligenciaArtificial,1.0,False
1mzm79r,train,1,http://wfrp.ia/resource/reddit/post/1mzm79r,ont_has_ontology_elements,global_counts,,1.0,False
1mzm79r,train,1,http://wfrp.ia/resource/reddit/post/1mzm79r,ont_count_domain_concepts,global_counts,,1.0,False
1mzm79r,train,1,http://wfrp.ia/resource/reddit/post/1mzm79r,ont_total_neutro_mentions,global_counts,,1.0,False
1mzm79r,train,1,http://wfrp.ia/resource/reddit/post/1mzm79r,ont_domain_score,global_counts,,1.0,False
1mzm79r,train,1,http://wfrp.ia/resource/reddit/post/1mzm79r,ont_domain_density,global_counts,,0.041666666666666664,True
1mujn7k,train,1,http://wfrp.ia/resource/reddit/post/1mujn7k,ont_Datos_Neutro,data,http://wfrp.ia/dominio/ciencia-tecnologia#Datos,1.0,False
1mujn7k,train,1,http://wfrp.ia/resource/reddit/post/1mujn7k,ont_has_ontology_elements,global_counts,,1.0,False
1mujn7k,train,1,http://wfrp.ia/resource/reddit/post/1mujn7k,ont_count_domain_concepts,global_counts,,1.0,False
1mujn7k,train,1,http://wfrp.ia/resource/reddit/post/1mujn7k,ont_total_neutro_mentions,global_counts,,1.0,False
1mujn7k,train,1,http://wfrp.ia/resource/reddit/post/1mujn7k,ont_domain_score,global_counts,,1.0,False
1mujn7k,train,1,http://wfrp.ia/resource/reddit/post/1mujn7k,ont_domain_density,global_counts,,0.05,True
1n2jcbi,train,1,http://wfrp.ia/resource/reddit/post/1n2jcbi,ont_InteligenciaArtificial_Neutro,ai,http://wfrp.ia/dominio/ciencia-tecnologia#InteligenciaArtificial,1.0,False
1n2jcbi,train,1,http://wfrp.ia/resource/reddit/post/1n2jcbi,ont_has_ontology_elements,global_counts,,1.0,False
1n2jcbi,train,1,http://wfrp.ia/resource/reddit/post/1n2jcbi,ont_count_domain_concepts,global_counts,,1.0,False
1n2jcbi,train,1,http://wfrp.ia/resource/reddit/post/1n2jcbi,ont_total_neutro_mentions,global_counts,,1.0,False
1n2jcbi,train,1,http://wfrp.ia/resource/reddit/post/1n2jcbi,ont_domain_score,global_counts,,1.0,False
1n2jcbi,train,1,http://wfrp.ia/resource/reddit/post/1n2jcbi,ont_domain_density,global_counts,,0.1111111111111111,True
1n2bslr,train,1,http://wfrp.ia/resource/reddit/post/1n2bslr,ont_Datos_Neutro,data,http://wfrp.ia/dominio/ciencia-tecnologia#Datos,1.0,False
1n2bslr,train,1,http://wfrp.ia/resource/reddit/post/1n2bslr,ont_has_ontology_elements,global_counts,,1.0,False
1n2bslr,train,1,http://wfrp.ia/resource/reddit/post/1n2bslr,ont_count_domain_concepts,global_counts,,1.0,False
1n2bslr,train,1,http://wfrp.ia/resource/reddit/post/1n2bslr,ont_total_neutro_mentions,global_counts,,1.0,False
1n2bslr,train,1,http://wfrp.ia/resource/reddit/post/1n2bslr,ont_domain_score,global_counts,,1.0,False
1n2bslr,train,1,http://wfrp.ia/resource/reddit/post/1n2bslr,ont_domain_density,global_counts,,0.004739336492890996,True
1mvgxl4,train,2,http://wfrp.ia/resource/reddit/post/1mvgxl4,ont_has_ontology_elements,global_counts,,1.0,False
1mvgxl4,train,2,http://wfrp.ia/resource/reddit/post/1mvgxl4,ont_count_domain_concepts,global_counts,,1.0,False
1mvgxl4,train,2,http://wfrp.ia/resource/reddit/post/1mvgxl4,ont_domain_score,global_counts,,1.0,False
1mvgxl4,train,2,http://wfrp.ia/resource/reddit/post/1mvgxl4,ont_domain_density,global_counts,,0.007142857142857143,True
1n18yvw,train,2,http://wfrp.ia/resource/reddit/post/1n18yvw,ont_Futuro_Neutro,future,http://wfrp.ia/dominio/ciencia-tecnologia#Futuro,1.0,False
1n18yvw,train,2,http://wfrp.ia/resource/reddit/post/1n18yvw,ont_has_ontology_elements,global_counts,,1.0,False
1n18yvw,train,2,http://wfrp.ia/resource/reddit/post/1n18yvw,ont_count_domain_concepts,global_counts,,2.0,False
1n18yvw,train,2,http://wfrp.ia/resource/reddit/post/1n18yvw,ont_total_neutro_mentions,global_counts,,1.0,False
1n18yvw,train,2,http://wfrp.ia/resource/reddit/post/1n18yvw,ont_domain_score,global_counts,,2.0,False
1n18yvw,train,2,http://wfrp.ia/resource/reddit/post/1n18yvw,ont_domain_density,global_counts,,0.001949317738791423,True
1n3f9uz,train,2,http://wfrp.ia/resource/reddit/post/1n3f9uz,ont_Tecnologia_Neutro,technology,http://wfrp.ia/dominio/ciencia-tecnologia#Tecnologia,1.0,True
1n3f9uz,train,2,http://wfrp.ia/resource/reddit/post/1n3f9uz,ont_has_ontology_elements,global_counts,,1.0,False
1n3f9uz,train,2,http://wfrp.ia/resource/reddit/post/1n3f9uz,ont_count_domain_concepts,global_counts,,2.0,False
1n3f9uz,train,2,http://wfrp.ia/resource/reddit/post/1n3f9uz,ont_total_neutro_mentions,global_counts,,1.0,False
1n3f9uz,train,2,http://wfrp.ia/resource/reddit/post/1n3f9uz,ont_domain_score,global_counts,,2.0,False
1n3f9uz,train,2,http://wfrp.ia/resource/reddit/post/1n3f9uz,ont_domain_density,global_counts,,0.15384615384615385,True
1n1m8v6,train,1,http://wfrp.ia/resource/reddit/post/1n1m8v6,ont_InteligenciaArtificial_Neutro,ai,http://wfrp.ia/dominio/ciencia-tecnologia#InteligenciaArtificial,1.0,False
1n1m8v6,train,1,http://wfrp.ia/resource/reddit/post/1n1m8v6,ont_has_ontology_elements,global_counts,,1.0,False
1n1m8v6,train,1,http://wfrp.ia/resource/reddit/post/1n1m8v6,ont_count_domain_concepts,global_counts,,1.0,False
1n1m8v6,train,1,http://wfrp.ia/resource/reddit/post/1n1m8v6,ont_total_neutro_mentions,global_counts,,1.0,False
1n1m8v6,train,1,http://wfrp.ia/resource/reddit/post/1n1m8v6,ont_domain_score,global_counts,,1.0,False
1n1m8v6,train,1,http://wfrp.ia/resource/reddit/post/1n1m8v6,ont_domain_density,global_counts,,0.125,True
1my127l,train,2,http://wfrp.ia/resource/reddit/post/1my127l,,,,0.0,False
1n0d4mu,train,1,http://wfrp.ia/resource/reddit/post/1n0d4mu,ont_has_ontology_elements,global_counts,,1.0,False
1n37iw0,train,0,http://wfrp.ia/resource/reddit/post/1n37iw0,ont_Datos_Neutro,data,http://wfrp.ia/dominio/ciencia-tecnologia#Datos,1.0,False
1n37iw0,train,0,http://wfrp.ia/resource/reddit/post/1n37iw0,ont_has_ontology_elements,global_counts,,1.0,False
1n37iw0,train,0,http://wfrp.ia/resource/reddit/post/1n37iw0,ont_count_domain_concepts,global_counts,,1.0,False
1n37iw0,train,0,http://wfrp.ia/resource/reddit/post/1n37iw0,ont_total_neutro_mentions,global_counts,,1.0,False
1n37iw0,train,0,http://wfrp.ia/resource/reddit/post/1n37iw0,ont_domain_score,global_counts,,1.0,False
1n37iw0,train,0,http://wfrp.ia/resource/reddit/post/1n37iw0,ont_domain_density,global_counts,,0.0625,True
1myamaa,train,2,http://wfrp.ia/resource/reddit/post/1myamaa,,,,0.0,False
1n37lqc,train,2,http://wfrp.ia/resource/reddit/post/1n37lqc,ont_Tecnologia_Neutro,technology,http://wfrp.ia/dominio/ciencia-tecnologia#Tecnologia,1.0,True
1n37lqc,train,2,http://wfrp.ia/resource/reddit/post/1n37lqc,ont_has_ontology_elements,global_counts,,1.0,False
1n37lqc,train,2,http://wfrp.ia/resource/reddit/post/1n37lqc,ont_count_domain_concepts,global_counts,,1.0,False
1n37lqc,train,2,http://wfrp.ia/resource/reddit/post/1n37lqc,ont_total_neutro_mentions,global_counts,,1.0,False
1n37lqc,train,2,http://wfrp.ia/resource/reddit/post/1n37lqc,ont_domain_score,global_counts,,1.0,False
1n37lqc,train,2,http://wfrp.ia/resource/reddit/post/1n37lqc,ont_domain_density,global_counts,,0.047619047619047616,True
1n0oidd,train,1,http://wfrp.ia/resource/reddit/post/1n0oidd,ont_InteligenciaArtificial_Neutro,ai,http://wfrp.ia/dominio/ciencia-tecnologia#InteligenciaArtificial,1.0,False
1n0oidd,train,1,http://wfrp.ia/resource/reddit/post/1n0oidd,ont_has_ontology_elements,global_counts,,1.0,False
1n0oidd,train,1,http://wfrp.ia/resource/reddit/post/1n0oidd,ont_count_domain_concepts,global_counts,,1.0,False
1n0oidd,train,1,http://wfrp.ia/resource/reddit/post/1n0oidd,ont_total_neutro_mentions,global_counts,,1.0,False
1n0oidd,train,1,http://wfrp.ia/resource/reddit/post/1n0oidd,ont_domain_score,global_counts,,1.0,False
1n0oidd,train,1,http://wfrp.ia/resource/reddit/post/1n0oidd,ont_domain_density,global_counts,,0.08333333333333333,True
1n1qqft,train,2,http://wfrp.ia/resource/reddit/post/1n1qqft,ont_Tecnologia_Neutro,technology,http://wfrp.ia/dominio/ciencia-tecnologia#Tecnologia,1.0,True
1n1qqft,train,2,http://wfrp.ia/resource/reddit/post/1n1qqft,ont_has_ontology_elements,global_counts,,1.0,False
1n1qqft,train,2,http://wfrp.ia/resource/reddit/post/1n1qqft,ont_count_domain_concepts,global_counts,,1.0,False
1n1qqft,train,2,http://wfrp.ia/resource/reddit/post/1n1qqft,ont_total_neutro_mentions,global_counts,,1.0,False
1n1qqft,train,2,http://wfrp.ia/resource/reddit/post/1n1qqft,ont_domain_score,global_counts,,1.0,False
1n1qqft,train,2,http://wfrp.ia/resource/reddit/post/1n1qqft,ont_domain_density,global_counts,,0.07142857142857142,True
1myl71n,train,2,http://wfrp.ia/resource/reddit/post/1myl71n,ont_InteligenciaArtificial_Positivo,ai,http://wfrp.ia/dominio/ciencia-tecnologia#InteligenciaArtificial,1.0,False
1myl71n,train,2,http://wfrp.ia/resource/reddit/post/1myl71n,ont_has_ontology_elements,global_counts,,1.0,False
1myl71n,train,2,http://wfrp.ia/resource/reddit/post/1myl71n,ont_count_domain_concepts,global_counts,,2.0,False
1myl71n,train,2,http://wfrp.ia/resource/reddit/post/1myl71n,ont_total_positivo_mentions,global_counts,,1.0,False
1myl71n,train,2,http://wfrp.ia/resource/reddit/post/1myl71n,ont_domain_score,global_counts,,3.0,False
1myl71n,train,2,http://wfrp.ia/resource/reddit/post/1myl71n,ont_domain_density,global_counts,,0.05555555555555555,True
1mx640e,train,2,http://wfrp.ia/resource/reddit/post/1mx640e,ont_Tecnologia_Neutro,technology,http://wfrp.ia/dominio/ciencia-tecnologia#Tecnologia,1.0,True
1mx640e,train,2,http://wfrp.ia/resource/reddit/post/1mx640e,ont_has_ontology_elements,global_counts,,1.0,False
1mx640e,train,2,http://wfrp.ia/resource/reddit/post/1mx640e,ont_count_domain_concepts,global_counts,,1.0,False
1mx640e,train,2,http://wfrp.ia/resource/reddit/post/1mx640e,ont_total_neutro_mentions,global_counts,,1.0,False
1mx640e,train,2,http://wfrp.ia/resource/reddit/post/1mx640e,ont_domain_score,global_counts,,1.0,False
1mx640e,train,2,http://wfrp.ia/resource/reddit/post/1mx640e,ont_domain_density,global_counts,,0.007246376811594203,True
1mybhcd,train,2,http://wfrp.ia/resource/reddit/post/1mybhcd,ont_InteligenciaArtificial_Neutro,ai,http://wfrp.ia/dominio/ciencia-tecnologia#InteligenciaArtificial,1.0,False
1mybhcd,train,2,http://wfrp.ia/resource/reddit/post/1mybhcd,ont_Tecnologia_Neutro,technology,http://wfrp.ia/dominio/ciencia-tecnologia#Tecnologia,1.0,True
1mybhcd,train,2,http://wfrp.ia/resource/reddit/post/1mybhcd,ont_has_ontology_elements,global_counts,,1.0,False
1mybhcd,train,2,http://wfrp.ia/resource/reddit/post/1mybhcd,ont_count_domain_concepts,global_counts,,2.0,False
1mybhcd,train,2,http://wfrp.ia/resource/reddit/post/1mybhcd,ont_total_neutro_mentions,global_counts,,2.0,False
1mybhcd,train,2,http://wfrp.ia/resource/reddit/post/1mybhcd,ont_domain_score,global_counts,,2.0,False
1mybhcd,train,2,http://wfrp.ia/resource/reddit/post/1mybhcd,ont_domain_density,global_counts,,0.16666666666666666,True
1n07idm,train,1,http://wfrp.ia/resource/reddit/post/1n07idm,ont_has_ontology_elements,global_counts,,1.0,False
1n2c85w,train,1,http://wfrp.ia/resource/reddit/post/1n2c85w,ont_Robot_Neutro,robot,http://wfrp.ia/dominio/ciencia-tecnologia#Robot,1.0,False
1n2c85w,train,1,http://wfrp.ia/resource/reddit/post/1n2c85w,ont_has_ontology_elements,global_counts,,1.0,False
1n2c85w,train,1,http://wfrp.ia/resource/reddit/post/1n2c85w,ont_count_domain_concepts,global_counts,,1.0,False
1n2c85w,train,1,http://wfrp.ia/resource/reddit/post/1n2c85w,ont_total_neutro_mentions,global_counts,,1.0,False
1n2c85w,train,1,http://wfrp.ia/resource/reddit/post/1n2c85w,ont_domain_score,global_counts,,1.0,False
1n2c85w,train,1,http://wfrp.ia/resource/reddit/post/1n2c85w,ont_domain_density,global_counts,,0.08333333333333333,True
1n2vlxc,train,1,http://wfrp.ia/resource/reddit/post/1n2vlxc,ont_InteligenciaArtificial_Neutro,ai,http://wfrp.ia/dominio/ciencia-tecnologia#InteligenciaArtificial,1.0,False
1n2vlxc,train,1,http://wfrp.ia/resource/reddit/post/1n2vlxc,ont_has_ontology_elements,global_counts,,1.0,False
1n2vlxc,train,1,http://wfrp.ia/resource/reddit/post/1n2vlxc,ont_count_domain_concepts,global_counts,,1.0,False
1n2vlxc,train,1,http://wfrp.ia/resource/reddit/post/1n2vlxc,ont_total_neutro_mentions,global_counts,,1.0,False
1n2vlxc,train,1,http://wfrp.ia/resource/reddit/post/1n2vlxc,ont_domain_score,global_counts,,1.0,False
1n2vlxc,train,1,http://wfrp.ia/resource/reddit/post/1n2vlxc,ont_domain_density,global_counts,,0.14285714285714285,True
1n1c5co,train,2,http://wfrp.ia/resource/reddit/post/1n1c5co,ont_InteligenciaArtificial_Neutro,ai,http://wfrp.ia/dominio/ciencia-tecnologia#InteligenciaArtificial,1.0,False
1n1c5co,train,2,http://wfrp.ia/resource/reddit/post/1n1c5co,ont_has_ontology_elements,global_counts,,1.0,False
1n1c5co,train,2,http://wfrp.ia/resource/reddit/post/1n1c5co,ont_count_domain_concepts,global_counts,,1.0,False
1n1c5co,train,2,http://wfrp.ia/resource/reddit/post/1n1c5co,ont_total_neutro_mentions,global_counts,,1.0,False
1n1c5co,train,2,http://wfrp.ia/resource/reddit/post/1n1c5co,ont_domain_score,global_counts,,1.0,False
1n1c5co,train,2,http://wfrp.ia/resource/reddit/post/1n1c5co,ont_domain_density,global_counts,,0.043478260869565216,True
1n0veo8,train,2,http://wfrp.ia/resource/reddit/post/1n0veo8,ont_Datos_Neutro,data,http://wfrp.ia/dominio/ciencia-tecnologia#Datos,1.0,False
1n0veo8,train,2,http://wfrp.ia/resource/reddit/post/1n0veo8,ont_has_ontology_elements,global_counts,,1.0,False
1n0veo8,train,2,http://wfrp.ia/resource/reddit/post/1n0veo8,ont_count_domain_concepts,global_counts,,1.0,False
1n0veo8,train,2,http://wfrp.ia/resource/reddit/post/1n0veo8,ont_total_neutro_mentions,global_counts,,1.0,False
1n0veo8,train,2,http://wfrp.ia/resource/reddit/post/1n0veo8,ont_domain_score,global_counts,,1.0,False
1n0veo8,train,2,http://wfrp.ia/resource/reddit/post/1n0veo8,ont_domain_density,global_counts,,0.0036231884057971015,True
1mym2k0,train,2,http://wfrp.ia/resource/reddit/post/1mym2k0,ont_Futuro_Neutro,future,http://wfrp.ia/dominio/ciencia-tecnologia#Futuro,1.0,False
1mym2k0,train,2,http://wfrp.ia/resource/reddit/post/1mym2k0,ont_has_ontology_elements,global_counts,,1.0,False
1mym2k0,train,2,http://wfrp.ia/resource/reddit/post/1mym2k0,ont_count_domain_concepts,global_counts,,1.0,False
1mym2k0,train,2,http://wfrp.ia/resource/reddit/post/1mym2k0,ont_total_neutro_mentions,global_counts,,1.0,False
1mym2k0,train,2,http://wfrp.ia/resource/reddit/post/1mym2k0,ont_domain_score,global_counts,,1.0,False
1mym2k0,train,2,http://wfrp.ia/resource/reddit/post/1mym2k0,ont_domain_density,global_counts,,0.14285714285714285,True
1n0vknx,train,1,http://wfrp.ia/resource/reddit/post/1n0vknx,ont_InteligenciaArtificial_Neutro,ai,http://wfrp.ia/dominio/ciencia-tecnologia#InteligenciaArtificial,1.0,False
1n0vknx,train,1,http://wfrp.ia/resource/reddit/post/1n0vknx,ont_has_ontology_elements,global_counts,,1.0,False
1n0vknx,train,1,http://wfrp.ia/resource/reddit/post/1n0vknx,ont_count_domain_concepts,global_counts,,1.0,False
1n0vknx,train,1,http://wfrp.ia/resource/reddit/post/1n0vknx,ont_total_neutro_mentions,global_counts,,1.0,False
1n0vknx,train,1,http://wfrp.ia/resource/reddit/post/1n0vknx,ont_domain_score,global_counts,,1.0,False
1n0vknx,train,1,http://wfrp.ia/resource/reddit/post/1n0vknx,ont_domain_density,global_counts,,0.06666666666666667,True
1n1esxc,train,2,http://wfrp.ia/resource/reddit/post/1n1esxc,ont_Tecnologia_Neutro,technology,http://wfrp.ia/dominio/ciencia-tecnologia#Tecnologia,2.0,True
1n1esxc,train,2,http://wfrp.ia/resource/reddit/post/1n1esxc,ont_has_ontology_elements,global_counts,,1.0,False
1n1esxc,train,2,http://wfrp.ia/resource/reddit/post/1n1esxc,ont_count_domain_concepts,global_counts,,1.0,False
1n1esxc,train,2,http://wfrp.ia/resource/reddit/post/1n1esxc,ont_total_neutro_mentions,global_counts,,2.0,False
1n1esxc,train,2,http://wfrp.ia/resource/reddit/post/1n1esxc,ont_domain_score,global_counts,,1.0,False
1n1esxc,train,2,http://wfrp.ia/resource/reddit/post/1n1esxc,ont_domain_density,global_counts,,0.023255813953488372,True
1mzlh7p,train,2,http://wfrp.ia/resource/reddit/post/1mzlh7p,ont_has_ontology_elements,global_counts,,1.0,False
1mzlh7p,train,2,http://wfrp.ia/resource/reddit/post/1mzlh7p,ont_count_domain_concepts,global_counts,,1.0,False
1mzlh7p,train,2,http://wfrp.ia/resource/reddit/post/1mzlh7p,ont_domain_score,global_counts,,1.0,False
1mzlh7p,train,2,http://wfrp.ia/resource/reddit/post/1mzlh7p,ont_domain_density,global_counts,,0.06666666666666667,True
1n3bxtu,train,2,http://wfrp.ia/resource/reddit/post/1n3bxtu,ont_Tecnologia_Neutro,technology,http://wfrp.ia/dominio/ciencia-tecnologia#Tecnologia,1.0,True
1n3bxtu,train,2,http://wfrp.ia/resource/reddit/post/1n3bxtu,ont_has_ontology_elements,global_counts,,1.0,False
1n3bxtu,train,2,http://wfrp.ia/resource/reddit/post/1n3bxtu,ont_count_domain_concepts,global_counts,,1.0,False
1n3bxtu,train,2,http://wfrp.ia/resource/reddit/post/1n3bxtu,ont_total_neutro_mentions,global_counts,,1.0,False
1n3bxtu,train,2,http://wfrp.ia/resource/reddit/post/1n3bxtu,ont_domain_score,global_counts,,1.0,False
1n3bxtu,train,2,http://wfrp.ia/resource/reddit/post/1n3bxtu,ont_domain_density,global_counts,,0.08333333333333333,True
1n3dyg2,train,2,http://wfrp.ia/resource/reddit/post/1n3dyg2,,,,0.0,False
1mza5gm,train,1,http://wfrp.ia/resource/reddit/post/1mza5gm,ont_InteligenciaArtificial_Neutro,ai,http://wfrp.ia/dominio/ciencia-tecnologia#InteligenciaArtificial,1.0,False
1mza5gm,train,1,http://wfrp.ia/resource/reddit/post/1mza5gm,ont_has_ontology_elements,global_counts,,1.0,False
1mza5gm,train,1,http://wfrp.ia/resource/reddit/post/1mza5gm,ont_count_domain_concepts,global_counts,,1.0,False
1mza5gm,train,1,http://wfrp.ia/resource/reddit/post/1mza5gm,ont_total_neutro_mentions,global_counts,,1.0,False
1mza5gm,train,1,http://wfrp.ia/resource/reddit/post/1mza5gm,ont_domain_score,global_counts,,1.0,False
1mza5gm,train,1,http://wfrp.ia/resource/reddit/post/1mza5gm,ont_domain_density,global_counts,,0.07692307692307693,True
1myteou,train,1,http://wfrp.ia/resource/reddit/post/1myteou,ont_InteligenciaArtificial_Neutro,ai,http://wfrp.ia/dominio/ciencia-tecnologia#InteligenciaArtificial,2.0,False
1myteou,train,1,http://wfrp.ia/resource/reddit/post/1myteou,ont_Robot_Neutro,robot,http://wfrp.ia/dominio/ciencia-tecnologia#Robot,1.0,False
1myteou,train,1,http://wfrp.ia/resource/reddit/post/1myteou,ont_has_ontology_elements,global_counts,,1.0,False
1myteou,train,1,http://wfrp.ia/resource/reddit/post/1myteou,ont_count_domain_concepts,global_counts,,3.0,False
1myteou,train,1,http://wfrp.ia/resource/reddit/post/1myteou,ont_total_neutro_mentions,global_counts,,3.0,False
1myteou,train,1,http://wfrp.ia/resource/reddit/post/1myteou,ont_domain_score,global_counts,,4.0,False
1myteou,train,1,http://wfrp.ia/resource/reddit/post/1myteou,ont_domain_density,global_counts,,0.07142857142857142,True
1mvxrps,train,2,http://wfrp.ia/resource/reddit/post/1mvxrps,ont_InteligenciaArtificial_Positivo,ai,http://wfrp.ia/dominio/ciencia-tecnologia#InteligenciaArtificial,2.0,False
1mvxrps,train,2,http://wfrp.ia/resource/reddit/post/1mvxrps,ont_InteligenciaArtificial_Neutro,ai,http://wfrp.ia/dominio/ciencia-tecnologia#InteligenciaArtificial,3.0,False
1mvxrps,train,2,http://wfrp.ia/resource/reddit/post/1mvxrps,ont_has_ontology_elements,global_counts,,1.0,False
1mvxrps,train,2,http://wfrp.ia/resource/reddit/post/1mvxrps,ont_count_domain_concepts,global_counts,,1.0,False
1mvxrps,train,2,http://wfrp.ia/resource/reddit/post/1mvxrps,ont_total_positivo_mentions,global_counts,,2.0,False
1mvxrps,train,2,http://wfrp.ia/resource/reddit/post/1mvxrps,ont_total_neutro_mentions,global_counts,,3.0,False
1mvxrps,train,2,http://wfrp.ia/resource/reddit/post/1mvxrps,ont_domain_score,global_counts,,5.0,False
1mvxrps,train,2,http://wfrp.ia/resource/reddit/post/1mvxrps,ont_domain_density,global_counts,,0.006097560975609756,True
1mzqv6x,train,1,http://wfrp.ia/resource/reddit/post/1mzqv6x,ont_Automatizacion_Neutro,automation,http://wfrp.ia/dominio/ciencia-tecnologia#Automatizacion,3.0,False
1mzqv6x,train,1,http://wfrp.ia/resource/reddit/post/1mzqv6x,ont_has_ontology_elements,global_counts,,1.0,False
1mzqv6x,train,1,http://wfrp.ia/resource/reddit/post/1mzqv6x,ont_count_domain_concepts,global_counts,,1.0,False
1mzqv6x,train,1,http://wfrp.ia/resource/reddit/post/1mzqv6x,ont_total_neutro_mentions,global_counts,,3.0,False
1mzqv6x,train,1,http://wfrp.ia/resource/reddit/post/1mzqv6x,ont_domain_score,global_counts,,1.0,False
1mzqv6x,train,1,http://wfrp.ia/resource/reddit/post/1mzqv6x,ont_domain_density,global_counts,,0.006666666666666667,True
1mzu9qo,train,1,http://wfrp.ia/resource/reddit/post/1mzu9qo,ont_Futuro_Neutro,future,http://wfrp.ia/dominio/ciencia-tecnologia#Futuro,1.0,False
1mzu9qo,train,1,http://wfrp.ia/resource/reddit/post/1mzu9qo,ont_has_ontology_elements,global_counts,,1.0,False
1mzu9qo,train,1,http://wfrp.ia/resource/reddit/post/1mzu9qo,ont_count_domain_concepts,global_counts,,1.0,False
1mzu9qo,train,1,http://wfrp.ia/resource/reddit/post/1mzu9qo,ont_total_neutro_mentions,global_counts,,1.0,False
1mzu9qo,train,1,http://wfrp.ia/resource/reddit/post/1mzu9qo,ont_domain_score,global_counts,,1.0,False
1mzu9qo,train,1,http://wfrp.ia/resource/reddit/post/1mzu9qo,ont_domain_density,global_counts,,0.08333333333333333,True
1n2dymo,train,1,http://wfrp.ia/resource/reddit/post/1n2dymo,ont_InteligenciaArtificial_Positivo,ai,http://wfrp.ia/dominio/ciencia-tecnologia#InteligenciaArtificial,1.0,False
1n2dymo,train,1,http://wfrp.ia/resource/reddit/post/1n2dymo,ont_Datos_Neutro,data,http://wfrp.ia/dominio/ciencia-tecnologia#Datos,1.0,False
1n2dymo,train,1,http://wfrp.ia/resource/reddit/post/1n2dymo,ont_has_ontology_elements,global_counts,,1.0,False
1n2dymo,train,1,http://wfrp.ia/resource/reddit/post/1n2dymo,ont_count_domain_concepts,global_counts,,2.0,False
1n2dymo,train,1,http://wfrp.ia/resource/reddit/post/1n2dymo,ont_total_positivo_mentions,global_counts,,1.0,False
1n2dymo,train,1,http://wfrp.ia/resource/reddit/post/1n2dymo,ont_total_neutro_mentions,global_counts,,1.0,False
1n2dymo,train,1,http://wfrp.ia/resource/reddit/post/1n2dymo,ont_domain_score,global_counts,,2.0,False
1n2dymo,train,1,http://wfrp.ia/resource/reddit/post/1n2dymo,ont_domain_density,global_counts,,0.2,True
1n0szva,train,2,http://wfrp.ia/resource/reddit/post/1n0szva,ont_InteligenciaArtificial_Neutro,ai,http://wfrp.ia/dominio/ciencia-tecnologia#InteligenciaArtificial,1.0,False
1n0szva,train,2,http://wfrp.ia/resource/reddit/post/1n0szva,ont_has_ontology_elements,global_counts,,1.0,False
1n0szva,train,2,http://wfrp.ia/resource/reddit/post/1n0szva,ont_count_domain_concepts,global_counts,,1.0,False
1n0szva,train,2,http://wfrp.ia/resource/reddit/post/1n0szva,ont_total_neutro_mentions,global_counts,,1.0,False
1n0szva,train,2,http://wfrp.ia/resource/reddit/post/1n0szva,ont_domain_score,global_counts,,1.0,False
1n0szva,train,2,http://wfrp.ia/resource/reddit/post/1n0szva,ont_domain_density,global_counts,,0.09090909090909091,True
1n2ui46,train,2,http://wfrp.ia/resource/reddit/post/1n2ui46,ont_Tecnologia_Neutro,technology,http://wfrp.ia/dominio/ciencia-tecnologia#Tecnologia,1.0,True
1n2ui46,train,2,http://wfrp.ia/resource/reddit/post/1n2ui46,ont_Datos_Neutro,data,http://wfrp.ia/dominio/ciencia-tecnologia#Datos,1.0,False
1n2ui46,train,2,http://wfrp.ia/resource/reddit/post/1n2ui46,ont_has_ontology_elements,global_counts,,1.0,False
1n2ui46,train,2,http://wfrp.ia/resource/reddit/post/1n2ui46,ont_count_domain_concepts,global_counts,,2.0,False
1n2ui46,train,2,http://wfrp.ia/resource/reddit/post/1n2ui46,ont_total_neutro_mentions,global_counts,,2.0,False
1n2ui46,train,2,http://wfrp.ia/resource/reddit/post/1n2ui46,ont_domain_score,global_counts,,2.0,False
1n2ui46,train,2,http://wfrp.ia/resource/reddit/post/1n2ui46,ont_domain_density,global_counts,,0.16666666666666666,True
1mylm2m,train,2,http://wfrp.ia/resource/reddit/post/1mylm2m,ont_Futuro_Neutro,future,http://wfrp.ia/dominio/ciencia-tecnologia#Futuro,1.0,False
1mylm2m,train,2,http://wfrp.ia/resource/reddit/post/1mylm2m,ont_has_ontology_elements,global_counts,,1.0,False
1mylm2m,train,2,http://wfrp.ia/resource/reddit/post/1mylm2m,ont_count_domain_concepts,global_counts,,1.0,False
1mylm2m,train,2,http://wfrp.ia/resource/reddit/post/1mylm2m,ont_total_neutro_mentions,global_counts,,1.0,False
1mylm2m,train,2,http://wfrp.ia/resource/reddit/post/1mylm2m,ont_domain_score,global_counts,,1.0,False
1mylm2m,train,2,http://wfrp.ia/resource/reddit/post/1mylm2m,ont_domain_density,global_counts,,0.012987012987012988,True
1mtm6hn,train,0,http://wfrp.ia/resource/reddit/post/1mtm6hn,ont_InteligenciaArtificial_Neutro,ai,http://wfrp.ia/dominio/ciencia-tecnologia#InteligenciaArtificial,1.0,False
1mtm6hn,train,0,http://wfrp.ia/resource/reddit/post/1mtm6hn,ont_Futuro_Neutro,future,http://wfrp.ia/dominio/ciencia-tecnologia#Futuro,1.0,False
1mtm6hn,train,0,http://wfrp.ia/resource/reddit/post/1mtm6hn,ont_Datos_Neutro,data,http://wfrp.ia/dominio/ciencia-tecnologia#Datos,1.0,False
1mtm6hn,train,0,http://wfrp.ia/resource/reddit/post/1mtm6hn,ont_has_ontology_elements,global_counts,,1.0,False
1mtm6hn,train,0,http://wfrp.ia/resource/reddit/post/1mtm6hn,ont_count_domain_concepts,global_counts,,3.0,False
1mtm6hn,train,0,http://wfrp.ia/resource/reddit/post/1mtm6hn,ont_total_neutro_mentions,global_counts,,3.0,False
1mtm6hn,train,0,http://wfrp.ia/resource/reddit/post/1mtm6hn,ont_domain_score,global_counts,,3.0,False
1mtm6hn,train,0,http://wfrp.ia/resource/reddit/post/1mtm6hn,ont_domain_density,global_counts,,0.375,True
1n0ngg7,train,2,http://wfrp.ia/resource/reddit/post/1n0ngg7,ont_InteligenciaArtificial_Neutro,ai,http://wfrp.ia/dominio/ciencia-tecnologia#InteligenciaArtificial,1.0,False
1n0ngg7,train,2,http://wfrp.ia/resource/reddit/post/1n0ngg7,ont_Tecnologia_Neutro,technology,http://wfrp.ia/dominio/ciencia-tecnologia#Tecnologia,1.0,True
1n0ngg7,train,2,http://wfrp.ia/resource/reddit/post/1n0ngg7,ont_has_ontology_elements,global_counts,,1.0,False
1n0ngg7,train,2,http://wfrp.ia/resource/reddit/post/1n0ngg7,ont_count_domain_concepts,global_counts,,2.0,False
1n0ngg7,train,2,http://wfrp.ia/resource/reddit/post/1n0ngg7,ont_total_neutro_mentions,global_counts,,2.0,False
1n0ngg7,train,2,http://wfrp.ia/resource/reddit/post/1n0ngg7,ont_domain_score,global_counts,,2.0,False
1n0ngg7,train,2,http://wfrp.ia/resource/reddit/post/1n0ngg7,ont_domain_density,global_counts,,0.05405405405405406,True
1mz6c28,train,1,http://wfrp.ia/resource/reddit/post/1mz6c28,ont_InteligenciaArtificial_Neutro,ai,http://wfrp.ia/dominio/ciencia-tecnologia#InteligenciaArtificial,1.0,False
1mz6c28,train,1,http://wfrp.ia/resource/reddit/post/1mz6c28,ont_has_ontology_elements,global_counts,,1.0,False
1mz6c28,train,1,http://wfrp.ia/resource/reddit/post/1mz6c28,ont_count_domain_concepts,global_counts,,1.0,False
1mz6c28,train,1,http://wfrp.ia/resource/reddit/post/1mz6c28,ont_total_neutro_mentions,global_counts,,1.0,False
1mz6c28,train,1,http://wfrp.ia/resource/reddit/post/1mz6c28,ont_domain_score,global_counts,,1.0,False
1mz6c28,train,1,http://wfrp.ia/resource/reddit/post/1mz6c28,ont_domain_density,global_counts,,0.09090909090909091,True
1n0voej,train,1,http://wfrp.ia/resource/reddit/post/1n0voej,ont_InteligenciaArtificial_Neutro,ai,http://wfrp.ia/dominio/ciencia-tecnologia#InteligenciaArtificial,2.0,False
1n0voej,train,1,http://wfrp.ia/resource/reddit/post/1n0voej,ont_has_ontology_elements,global_counts,,1.0,False
1n0voej,train,1,http://wfrp.ia/resource/reddit/post/1n0voej,ont_count_domain_concepts,global_counts,,1.0,False
1n0voej,train,1,http://wfrp.ia/resource/reddit/post/1n0voej,ont_total_neutro_mentions,global_counts,,2.0,False
1n0voej,train,1,http://wfrp.ia/resource/reddit/post/1n0voej,ont_domain_score,global_counts,,2.5,False
1n0voej,train,1,http://wfrp.ia/resource/reddit/post/1n0voej,ont_domain_density,global_counts,,0.05,True
1mvw2lb,train,2,http://wfrp.ia/resource/reddit/post/1mvw2lb,ont_Futuro_Neutro,future,http://wfrp.ia/dominio/ciencia-tecnologia#Futuro,1.0,False
1mvw2lb,train,2,http://wfrp.ia/resource/reddit/post/1mvw2lb,ont_Etica_Positivo,ethics,http://wfrp.ia/dominio/ciencia-tecnologia#Etica,1.0,False
1mvw2lb,train,2,http://wfrp.ia/resource/reddit/post/1mvw2lb,ont_Innovacion_Neutro,innovation,http://wfrp.ia/dominio/ciencia-tecnologia#Innovacion,1.0,True
1mvw2lb,train,2,http://wfrp.ia/resource/reddit/post/1mvw2lb,ont_has_ontology_elements,global_counts,,1.0,False
1mvw2lb,train,2,http://wfrp.ia/resource/reddit/post/1mvw2lb,ont_count_domain_concepts,global_counts,,3.0,False
1mvw2lb,train,2,http://wfrp.ia/resource/reddit/post/1mvw2lb,ont_total_positivo_mentions,global_counts,,1.0,False
1mvw2lb,train,2,http://wfrp.ia/resource/reddit/post/1mvw2lb,ont_total_neutro_mentions,global_counts,,2.0,False
1mvw2lb,train,2,http://wfrp.ia/resource/reddit/post/1mvw2lb,ont_domain_score,global_counts,,3.0,False
1mvw2lb,train,2,http://wfrp.ia/resource/reddit/post/1mvw2lb,ont_domain_density,global_counts,,0.021739130434782608,True
1n0sz0f,train,2,http://wfrp.ia/resource/reddit/post/1n0sz0f,ont_has_ontology_elements,global_counts,,1.0,False
1n0sz5a,train,2,http://wfrp.ia/resource/reddit/post/1n0sz5a,ont_InteligenciaArtificial_Neutro,ai,http://wfrp.ia/dominio/ciencia-tecnologia#InteligenciaArtificial,1.0,False
1n0sz5a,train,2,http://wfrp.ia/resource/reddit/post/1n0sz5a,ont_has_ontology_elements,global_counts,,1.0,False
1n0sz5a,train,2,http://wfrp.ia/resource/reddit/post/1n0sz5a,ont_count_domain_concepts,global_counts,,1.0,False
1n0sz5a,train,2,http://wfrp.ia/resource/reddit/post/1n0sz5a,ont_total_neutro_mentions,global_counts,,1.0,False
1n0sz5a,train,2,http://wfrp.ia/resource/reddit/post/1n0sz5a,ont_domain_score,global_counts,,1.0,False
1n0sz5a,train,2,http://wfrp.ia/resource/reddit/post/1n0sz5a,ont_domain_density,global_counts,,0.09090909090909091,True
1n2a9k7,train,0,http://wfrp.ia/resource/reddit/post/1n2a9k7,ont_InteligenciaArtificial_Neutro,ai,http://wfrp.ia/dominio/ciencia-tecnologia#InteligenciaArtificial,1.0,False
1n2a9k7,train,0,http://wfrp.ia/resource/reddit/post/1n2a9k7,ont_Robot_Neutro,robot,http://wfrp.ia/dominio/ciencia-tecnologia#Robot,2.0,False
1n2a9k7,train,0,http://wfrp.ia/resource/reddit/post/1n2a9k7,ont_has_ontology_elements,global_counts,,1.0,False
1n2a9k7,train,0,http://wfrp.ia/resource/reddit/post/1n2a9k7,ont_count_domain_concepts,global_counts,,2.0,False
1n2a9k7,train,0,http://wfrp.ia/resource/reddit/post/1n2a9k7,ont_total_neutro_mentions,global_counts,,3.0,False
1n2a9k7,train,0,http://wfrp.ia/resource/reddit/post/1n2a9k7,ont_domain_score,global_counts,,2.0,False
1n2a9k7,train,0,http://wfrp.ia/resource/reddit/post/1n2a9k7,ont_domain_density,global_counts,,0.07142857142857142,True
1n0c3fh,train,2,http://wfrp.ia/resource/reddit/post/1n0c3fh,ont_Datos_Neutro,data,http://wfrp.ia/dominio/ciencia-tecnologia#Datos,1.0,False
1n0c3fh,train,2,http://wfrp.ia/resource/reddit/post/1n0c3fh,ont_has_ontology_elements,global_counts,,1.0,False
1n0c3fh,train,2,http://wfrp.ia/resource/reddit/post/1n0c3fh,ont_count_domain_concepts,global_counts,,1.0,False
1n0c3fh,train,2,http://wfrp.ia/resource/reddit/post/1n0c3fh,ont_total_neutro_mentions,global_counts,,1.0,False
1n0c3fh,train,2,http://wfrp.ia/resource/reddit/post/1n0c3fh,ont_domain_score,global_counts,,1.0,False
1n0c3fh,train,2,http://wfrp.ia/resource/reddit/post/1n0c3fh,ont_domain_density,global_counts,,0.07142857142857142,True
1n0c2ru,train,2,http://wfrp.ia/resource/reddit/post/1n0c2ru,,,,0.0,False
1mp5y9w,train,2,http://wfrp.ia/resource/reddit/post/1mp5y9w,ont_Tecnologia_Neutro,technology,http://wfrp.ia/dominio/ciencia-tecnologia#Tecnologia,1.0,True
1mp5y9w,train,2,http://wfrp.ia/resource/reddit/post/1mp5y9w,ont_Futuro_Neutro,future,http://wfrp.ia/dominio/ciencia-tecnologia#Futuro,1.0,False
1mp5y9w,train,2,http://wfrp.ia/resource/reddit/post/1mp5y9w,ont_has_ontology_elements,global_counts,,1.0,False
1mp5y9w,train,2,http://wfrp.ia/resource/reddit/post/1mp5y9w,ont_count_domain_concepts,global_counts,,2.0,False
1mp5y9w,train,2,http://wfrp.ia/resource/reddit/post/1mp5y9w,ont_total_neutro_mentions,global_counts,,2.0,False
1mp5y9w,train,2,http://wfrp.ia/resource/reddit/post/1mp5y9w,ont_domain_score,global_counts,,2.0,False
1mp5y9w,train,2,http://wfrp.ia/resource/reddit/post/1mp5y9w,ont_domain_density,global_counts,,0.125,True
1n1l4or,train,1,http://wfrp.ia/resource/reddit/post/1n1l4or,ont_InteligenciaArtificial_Neutro,ai,http://wfrp.ia/dominio/ciencia-tecnologia#InteligenciaArtificial,1.0,False
1n1l4or,train,1,http://wfrp.ia/resource/reddit/post/1n1l4or,ont_has_ontology_elements,global_counts,,1.0,False
1n1l4or,train,1,http://wfrp.ia/resource/reddit/post/1n1l4or,ont_count_domain_concepts,global_counts,,1.0,False
1n1l4or,train,1,http://wfrp.ia/resource/reddit/post/1n1l4or,ont_total_neutro_mentions,global_counts,,1.0,False
1n1l4or,train,1,http://wfrp.ia/resource/reddit/post/1n1l4or,ont_domain_score,global_counts,,1.0,False
1n1l4or,train,1,http://wfrp.ia/resource/reddit/post/1n1l4or,ont_domain_density,global_counts,,0.08333333333333333,True
1n2poke,train,0,http://wfrp.ia/resource/reddit/post/1n2poke,ont_Futuro_Neutro,future,http://wfrp.ia/dominio/ciencia-tecnologia#Futuro,1.0,False
1n2poke,train,0,http://wfrp.ia/resource/reddit/post/1n2poke,ont_has_ontology_elements,global_counts,,1.0,False
1n2poke,train,0,http://wfrp.ia/resource/reddit/post/1n2poke,ont_count_domain_concepts,global_counts,,1.0,False
1n2poke,train,0,http://wfrp.ia/resource/reddit/post/1n2poke,ont_total_neutro_mentions,global_counts,,1.0,False
1n2poke,train,0,http://wfrp.ia/resource/reddit/post/1n2poke,ont_domain_score,global_counts,,1.0,False
1n2poke,train,0,http://wfrp.ia/resource/reddit/post/1n2poke,ont_domain_density,global_counts,,0.006711409395973154,True
1n0oaa5,train,1,http://wfrp.ia/resource/reddit/post/1n0oaa5,ont_InteligenciaArtificial_Neutro,ai,http://wfrp.ia/dominio/ciencia-tecnologia#InteligenciaArtificial,1.0,False
1n0oaa5,train,1,http://wfrp.ia/resource/reddit/post/1n0oaa5,ont_has_ontology_elements,global_counts,,1.0,False
1n0oaa5,train,1,http://wfrp.ia/resource/reddit/post/1n0oaa5,ont_count_domain_concepts,global_counts,,1.0,False
1n0oaa5,train,1,http://wfrp.ia/resource/reddit/post/1n0oaa5,ont_total_neutro_mentions,global_counts,,1.0,False
1n0oaa5,train,1,http://wfrp.ia/resource/reddit/post/1n0oaa5,ont_domain_score,global_counts,,1.0,False
1n0oaa5,train,1,http://wfrp.ia/resource/reddit/post/1n0oaa5,ont_domain_density,global_counts,,0.08333333333333333,True
1n1a64f,train,1,http://wfrp.ia/resource/reddit/post/1n1a64f,ont_InteligenciaArtificial_Neutro,ai,http://wfrp.ia/dominio/ciencia-tecnologia#InteligenciaArtificial,1.0,False
1n1a64f,train,1,http://wfrp.ia/resource/reddit/post/1n1a64f,ont_has_ontology_elements,global_counts,,1.0,False
1n1a64f,train,1,http://wfrp.ia/resource/reddit/post/1n1a64f,ont_count_domain_concepts,global_counts,,1.0,False
1n1a64f,train,1,http://wfrp.ia/resource/reddit/post/1n1a64f,ont_total_neutro_mentions,global_counts,,1.0,False
1n1a64f,train,1,http://wfrp.ia/resource/reddit/post/1n1a64f,ont_domain_score,global_counts,,1.0,False
1n1a64f,train,1,http://wfrp.ia/resource/reddit/post/1n1a64f,ont_domain_density,global_counts,,0.08333333333333333,True
1n08h7w,train,1,http://wfrp.ia/resource/reddit/post/1n08h7w,ont_has_ontology_elements,global_counts,,1.0,False
1n08h7w,train,1,http://wfrp.ia/resource/reddit/post/1n08h7w,ont_count_domain_concepts,global_counts,,1.0,False
1n08h7w,train,1,http://wfrp.ia/resource/reddit/post/1n08h7w,ont_domain_score,global_counts,,1.0,False
1n08h7w,train,1,http://wfrp.ia/resource/reddit/post/1n08h7w,ont_domain_density,global_counts,,0.007936507936507936,True
1n1i7rb,train,1,http://wfrp.ia/resource/reddit/post/1n1i7rb,ont_InteligenciaArtificial_Neutro,ai,http://wfrp.ia/dominio/ciencia-tecnologia#InteligenciaArtificial,1.0,False
1n1i7rb,train,1,http://wfrp.ia/resource/reddit/post/1n1i7rb,ont_has_ontology_elements,global_counts,,1.0,False
1n1i7rb,train,1,http://wfrp.ia/resource/reddit/post/1n1i7rb,ont_count_domain_concepts,global_counts,,1.0,False
1n1i7rb,train,1,http://wfrp.ia/resource/reddit/post/1n1i7rb,ont_total_neutro_mentions,global_counts,,1.0,False
1n1i7rb,train,1,http://wfrp.ia/resource/reddit/post/1n1i7rb,ont_domain_score,global_counts,,1.0,False
1n1i7rb,train,1,http://wfrp.ia/resource/reddit/post/1n1i7rb,ont_domain_density,global_counts,,0.1111111111111111,True
1n00mg5,train,1,http://wfrp.ia/resource/reddit/post/1n00mg5,ont_InteligenciaArtificial_Neutro,ai,http://wfrp.ia/dominio/ciencia-tecnologia#InteligenciaArtificial,1.0,False
1n00mg5,train,1,http://wfrp.ia/resource/reddit/post/1n00mg5,ont_has_ontology_elements,global_counts,,1.0,False
1n00mg5,train,1,http://wfrp.ia/resource/reddit/post/1n00mg5,ont_count_domain_concepts,global_counts,,1.0,False
1n00mg5,train,1,http://wfrp.ia/resource/reddit/post/1n00mg5,ont_total_neutro_mentions,global_counts,,1.0,False
1n00mg5,train,1,http://wfrp.ia/resource/reddit/post/1n00mg5,ont_domain_score,global_counts,,1.0,False
1n00mg5,train,1,http://wfrp.ia/resource/reddit/post/1n00mg5,ont_domain_density,global_counts,,0.08333333333333333,True
1n1hw26,train,2,http://wfrp.ia/resource/reddit/post/1n1hw26,,,,0.0,False
1n0ppmv,train,2,http://wfrp.ia/resource/reddit/post/1n0ppmv,ont_InteligenciaArtificial_Neutro,ai,http://wfrp.ia/dominio/ciencia-tecnologia#InteligenciaArtificial,1.0,False
1n0ppmv,train,2,http://wfrp.ia/resource/reddit/post/1n0ppmv,ont_has_ontology_elements,global_counts,,1.0,False
1n0ppmv,train,2,http://wfrp.ia/resource/reddit/post/1n0ppmv,ont_count_domain_concepts,global_counts,,1.0,False
1n0ppmv,train,2,http://wfrp.ia/resource/reddit/post/1n0ppmv,ont_total_neutro_mentions,global_counts,,1.0,False
1n0ppmv,train,2,http://wfrp.ia/resource/reddit/post/1n0ppmv,ont_domain_score,global_counts,,1.0,False
1n0ppmv,train,2,http://wfrp.ia/resource/reddit/post/1n0ppmv,ont_domain_density,global_counts,,0.09090909090909091,True
1n0aa7u,train,1,http://wfrp.ia/resource/reddit/post/1n0aa7u,ont_InteligenciaArtificial_Neutro,ai,http://wfrp.ia/dominio/ciencia-tecnologia#InteligenciaArtificial,2.0,False
1n0aa7u,train,1,http://wfrp.ia/resource/reddit/post/1n0aa7u,ont_has_ontology_elements,global_counts,,1.0,False
1n0aa7u,train,1,http://wfrp.ia/resource/reddit/post/1n0aa7u,ont_count_domain_concepts,global_counts,,1.0,False
1n0aa7u,train,1,http://wfrp.ia/resource/reddit/post/1n0aa7u,ont_total_neutro_mentions,global_counts,,2.0,False
1n0aa7u,train,1,http://wfrp.ia/resource/reddit/post/1n0aa7u,ont_domain_score,global_counts,,2.0,False
1n0aa7u,train,1,http://wfrp.ia/resource/reddit/post/1n0aa7u,ont_domain_density,global_counts,,0.034482758620689655,True
1mzpurn,train,2,http://wfrp.ia/resource/reddit/post/1mzpurn,ont_has_ontology_elements,global_counts,,1.0,False
1mzvip3,train,2,http://wfrp.ia/resource/reddit/post/1mzvip3,ont_Datos_Neutro,data,http://wfrp.ia/dominio/ciencia-tecnologia#Datos,1.0,False
1mzvip3,train,2,http://wfrp.ia/resource/reddit/post/1mzvip3,ont_Innovacion_Neutro,innovation,http://wfrp.ia/dominio/ciencia-tecnologia#Innovacion,1.0,True
1mzvip3,train,2,http://wfrp.ia/resource/reddit/post/1mzvip3,ont_has_ontology_elements,global_counts,,1.0,False
1mzvip3,train,2,http://wfrp.ia/resource/reddit/post/1mzvip3,ont_count_domain_concepts,global_counts,,4.0,False
1mzvip3,train,2,http://wfrp.ia/resource/reddit/post/1mzvip3,ont_total_neutro_mentions,global_counts,,2.0,False
1mzvip3,train,2,http://wfrp.ia/resource/reddit/post/1mzvip3,ont_domain_score,global_counts,,4.0,False
1mzvip3,train,2,http://wfrp.ia/resource/reddit/post/1mzvip3,ont_domain_density,global_counts,,0.003568242640499554,True
1n1rxe8,train,1,http://wfrp.ia/resource/reddit/post/1n1rxe8,ont_InteligenciaArtificial_Neutro,ai,http://wfrp.ia/dominio/ciencia-tecnologia#InteligenciaArtificial,1.0,False
1n1rxe8,train,1,http://wfrp.ia/resource/reddit/post/1n1rxe8,ont_has_ontology_elements,global_counts,,1.0,False
1n1rxe8,train,1,http://wfrp.ia/resource/reddit/post/1n1rxe8,ont_count_domain_concepts,global_counts,,1.0,False
1n1rxe8,train,1,http://wfrp.ia/resource/reddit/post/1n1rxe8,ont_total_neutro_mentions,global_counts,,1.0,False
1n1rxe8,train,1,http://wfrp.ia/resource/reddit/post/1n1rxe8,ont_domain_score,global_counts,,0.5,False
1n1rxe8,train,1,http://wfrp.ia/resource/reddit/post/1n1rxe8,ont_domain_density,global_counts,,0.034482758620689655,True
1n1furf,train,1,http://wfrp.ia/resource/reddit/post/1n1furf,ont_InteligenciaArtificial_Neutro,ai,http://wfrp.ia/dominio/ciencia-tecnologia#InteligenciaArtificial,1.0,False
1n1furf,train,1,http://wfrp.ia/resource/reddit/post/1n1furf,ont_has_ontology_elements,global_counts,,1.0,False
1n1furf,train,1,http://wfrp.ia/resource/reddit/post/1n1furf,ont_count_domain_concepts,global_counts,,1.0,False
1n1furf,train,1,http://wfrp.ia/resource/reddit/post/1n1furf,ont_total_neutro_mentions,global_counts,,1.0,False
1n1furf,train,1,http://wfrp.ia/resource/reddit/post/1n1furf,ont_domain_score,global_counts,,1.5,False
1n1furf,train,1,http://wfrp.ia/resource/reddit/post/1n1furf,ont_domain_density,global_counts,,0.125,True
1mzajzp,train,1,http://wfrp.ia/resource/reddit/post/1mzajzp,ont_InteligenciaArtificial_Neutro,ai,http://wfrp.ia/dominio/ciencia-tecnologia#InteligenciaArtificial,2.0,False
1mzajzp,train,1,http://wfrp.ia/resource/reddit/post/1mzajzp,ont_Datos_Neutro,data,http://wfrp.ia/dominio/ciencia-tecnologia#Datos,1.0,False
1mzajzp,train,1,http://wfrp.ia/resource/reddit/post/1mzajzp,ont_has_ontology_elements,global_counts,,1.0,False
1mzajzp,train,1,http://wfrp.ia/resource/reddit/post/1mzajzp,ont_count_domain_concepts,global_counts,,2.0,False
1mzajzp,train,1,http://wfrp.ia/resource/reddit/post/1mzajzp,ont_total_neutro_mentions,global_counts,,3.0,False
1mzajzp,train,1,http://wfrp.ia/resource/reddit/post/1mzajzp,ont_domain_score,global_counts,,3.0,False
1mzajzp,train,1,http://wfrp.ia/resource/reddit/post/1mzajzp,ont_domain_density,global_counts,,0.07407407407407407,True
1myzo6w,train,2,http://wfrp.ia/resource/reddit/post/1myzo6w,ont_InteligenciaArtificial_Negativo,ai,http://wfrp.ia/dominio/ciencia-tecnologia#InteligenciaArtificial,1.0,True
1myzo6w,train,2,http://wfrp.ia/resource/reddit/post/1myzo6w,ont_Innovacion_Neutro,innovation,http://wfrp.ia/dominio/ciencia-tecnologia#Innovacion,1.0,True
1myzo6w,train,2,http://wfrp.ia/resource/reddit/post/1myzo6w,ont_has_ontology_elements,global_counts,,1.0,False
1myzo6w,train,2,http://wfrp.ia/resource/reddit/post/1myzo6w,ont_count_domain_concepts,global_counts,,2.0,False
1myzo6w,train,2,http://wfrp.ia/resource/reddit/post/1myzo6w,ont_total_negativo_mentions,global_counts,,1.0,True
1myzo6w,train,2,http://wfrp.ia/resource/reddit/post/1myzo6w,ont_total_neutro_mentions,global_counts,,1.0,False
1myzo6w,train,2,http://wfrp.ia/resource/reddit/post/1myzo6w,ont_domain_score,global_counts,,2.5,False
1myzo6w,train,2,http://wfrp.ia/resource/reddit/post/1myzo6w,ont_domain_density,global_counts,,0.25,True
1mpx1x2,train,2,http://wfrp.ia/resource/reddit/post/1mpx1x2,ont_InteligenciaArtificial_Neutro,ai,http://wfrp.ia/dominio/ciencia-tecnologia#InteligenciaArtificial,1.0,False
1mpx1x2,train,2,http://wfrp.ia/resource/reddit/post/1mpx1x2,ont_has_ontology_elements,global_counts,,1.0,False
1mpx1x2,train,2,http://wfrp.ia/resource/reddit/post/1mpx1x2,ont_count_domain_concepts,global_counts,,1.0,False
1mpx1x2,train,2,http://wfrp.ia/resource/reddit/post/1mpx1x2,ont_total_neutro_mentions,global_counts,,1.0,False
1mpx1x2,train,2,http://wfrp.ia/resource/reddit/post/1mpx1x2,ont_domain_score,global_counts,,1.0,False
1mpx1x2,train,2,http://wfrp.ia/resource/reddit/post/1mpx1x2,ont_domain_density,global_counts,,0.02631578947368421,True
1n3cza3,train,2,http://wfrp.ia/resource/reddit/post/1n3cza3,ont_Tecnologia_Neutro,technology,http://wfrp.ia/dominio/ciencia-tecnologia#Tecnologia,1.0,True
1n3cza3,train,2,http://wfrp.ia/resource/reddit/post/1n3cza3,ont_has_ontology_elements,global_counts,,1.0,False
1n3cza3,train,2,http://wfrp.ia/resource/reddit/post/1n3cza3,ont_count_domain_concepts,global_counts,,1.0,False
1n3cza3,train,2,http://wfrp.ia/resource/reddit/post/1n3cza3,ont_total_neutro_mentions,global_counts,,1.0,False
1n3cza3,train,2,http://wfrp.ia/resource/reddit/post/1n3cza3,ont_domain_score,global_counts,,1.0,False
1n3cza3,train,2,http://wfrp.ia/resource/reddit/post/1n3cza3,ont_domain_density,global_counts,,0.1,True
1mzocny,train,1,http://wfrp.ia/resource/reddit/post/1mzocny,ont_InteligenciaArtificial_Neutro,ai,http://wfrp.ia/dominio/ciencia-tecnologia#InteligenciaArtificial,1.0,False
1mzocny,train,1,http://wfrp.ia/resource/reddit/post/1mzocny,ont_has_ontology_elements,global_counts,,1.0,False
1mzocny,train,1,http://wfrp.ia/resource/reddit/post/1mzocny,ont_count_domain_concepts,global_counts,,1.0,False
1mzocny,train,1,http://wfrp.ia/resource/reddit/post/1mzocny,ont_total_neutro_mentions,global_counts,,1.0,False
1mzocny,train,1,http://wfrp.ia/resource/reddit/post/1mzocny,ont_domain_score,global_counts,,1.0,False
1mzocny,train,1,http://wfrp.ia/resource/reddit/post/1mzocny,ont_domain_density,global_counts,,0.05555555555555555,True
1mzrgre,train,2,http://wfrp.ia/resource/reddit/post/1mzrgre,ont_Datos_Neutro,data,http://wfrp.ia/dominio/ciencia-tecnologia#Datos,1.0,False
1mzrgre,train,2,http://wfrp.ia/resource/reddit/post/1mzrgre,ont_has_ontology_elements,global_counts,,1.0,False
1mzrgre,train,2,http://wfrp.ia/resource/reddit/post/1mzrgre,ont_count_domain_concepts,global_counts,,1.0,False
1mzrgre,train,2,http://wfrp.ia/resource/reddit/post/1mzrgre,ont_total_neutro_mentions,global_counts,,1.0,False
1mzrgre,train,2,http://wfrp.ia/resource/reddit/post/1mzrgre,ont_domain_score,global_counts,,1.0,False
1mzrgre,train,2,http://wfrp.ia/resource/reddit/post/1mzrgre,ont_domain_density,global_counts,,0.058823529411764705,True
1mzperx,train,1,http://wfrp.ia/resource/reddit/post/1mzperx,ont_InteligenciaArtificial_Neutro,ai,http://wfrp.ia/dominio/ciencia-tecnologia#InteligenciaArtificial,1.0,False
1mzperx,train,1,http://wfrp.ia/resource/reddit/post/1mzperx,ont_has_ontology_elements,global_counts,,1.0,False
1mzperx,train,1,http://wfrp.ia/resource/reddit/post/1mzperx,ont_count_domain_concepts,global_counts,,1.0,False
1mzperx,train,1,http://wfrp.ia/resource/reddit/post/1mzperx,ont_total_neutro_mentions,global_counts,,1.0,False
1mzperx,train,1,http://wfrp.ia/resource/reddit/post/1mzperx,ont_domain_score,global_counts,,1.0,False
1mzperx,train,1,http://wfrp.ia/resource/reddit/post/1mzperx,ont_domain_density,global_counts,,0.1111111111111111,True
1mxqcg8,train,1,http://wfrp.ia/resource/reddit/post/1mxqcg8,,,,0.0,False
1mzqfil,train,2,http://wfrp.ia/resource/reddit/post/1mzqfil,ont_Datos_Neutro,data,http://wfrp.ia/dominio/ciencia-tecnologia#Datos,1.0,False
1mzqfil,train,2,http://wfrp.ia/resource/reddit/post/1mzqfil,ont_has_ontology_elements,global_counts,,1.0,False
1mzqfil,train,2,http://wfrp.ia/resource/reddit/post/1mzqfil,ont_count_domain_concepts,global_counts,,1.0,False
1mzqfil,train,2,http://wfrp.ia/resource/reddit/post/1mzqfil,ont_total_neutro_mentions,global_counts,,1.0,False
1mzqfil,train,2,http://wfrp.ia/resource/reddit/post/1mzqfil,ont_domain_score,global_counts,,1.0,False
1mzqfil,train,2,http://wfrp.ia/resource/reddit/post/1mzqfil,ont_domain_density,global_counts,,0.07692307692307693,True
1mzqkts,train,1,http://wfrp.ia/resource/reddit/post/1mzqkts,ont_InteligenciaArtificial_Neutro,ai,http://wfrp.ia/dominio/ciencia-tecnologia#InteligenciaArtificial,1.0,False
1mzqkts,train,1,http://wfrp.ia/resource/reddit/post/1mzqkts,ont_has_ontology_elements,global_counts,,1.0,False
1mzqkts,train,1,http://wfrp.ia/resource/reddit/post/1mzqkts,ont_count_domain_concepts,global_counts,,1.0,False
1mzqkts,train,1,http://wfrp.ia/resource/reddit/post/1mzqkts,ont_total_neutro_mentions,global_counts,,1.0,False
1mzqkts,train,1,http://wfrp.ia/resource/reddit/post/1mzqkts,ont_domain_score,global_counts,,1.0,False
1mzqkts,train,1,http://wfrp.ia/resource/reddit/post/1mzqkts,ont_domain_density,global_counts,,0.05,True
1mxh4oo,train,1,http://wfrp.ia/resource/reddit/post/1mxh4oo,ont_InteligenciaArtificial_Neutro,ai,http://wfrp.ia/dominio/ciencia-tecnologia#InteligenciaArtificial,1.0,False
1mxh4oo,train,1,http://wfrp.ia/resource/reddit/post/1mxh4oo,ont_has_ontology_elements,global_counts,,1.0,False
1mxh4oo,train,1,http://wfrp.ia/resource/reddit/post/1mxh4oo,ont_count_domain_concepts,global_counts,,1.0,False
1mxh4oo,train,1,http://wfrp.ia/resource/reddit/post/1mxh4oo,ont_total_neutro_mentions,global_counts,,1.0,False
1mxh4oo,train,1,http://wfrp.ia/resource/reddit/post/1mxh4oo,ont_domain_score,global_counts,,1.0,False
1mxh4oo,train,1,http://wfrp.ia/resource/reddit/post/1mxh4oo,ont_domain_density,global_counts,,0.047619047619047616,True
1n2ra88,train,2,http://wfrp.ia/resource/reddit/post/1n2ra88,ont_Datos_Neutro,data,http://wfrp.ia/dominio/ciencia-tecnologia#Datos,1.0,False
1n2ra88,train,2,http://wfrp.ia/resource/reddit/post/1n2ra88,ont_has_ontology_elements,global_counts,,1.0,False
1n2ra88,train,2,http://wfrp.ia/resource/reddit/post/1n2ra88,ont_count_domain_concepts,global_counts,,1.0,False
1n2ra88,train,2,http://wfrp.ia/resource/reddit/post/1n2ra88,ont_total_neutro_mentions,global_counts,,1.0,False
1n2ra88,train,2,http://wfrp.ia/resource/reddit/post/1n2ra88,ont_domain_score,global_counts,,1.0,False
1n2ra88,train,2,http://wfrp.ia/resource/reddit/post/1n2ra88,ont_domain_density,global_counts,,0.09090909090909091,True
1mxx55t,train,0,http://wfrp.ia/resource/reddit/post/1mxx55t,ont_InteligenciaArtificial_Neutro,ai,http://wfrp.ia/dominio/ciencia-tecnologia#InteligenciaArtificial,1.0,False
1mxx55t,train,0,http://wfrp.ia/resource/reddit/post/1mxx55t,ont_has_ontology_elements,global_counts,,1.0,False
1mxx55t,train,0,http://wfrp.ia/resource/reddit/post/1mxx55t,ont_count_domain_concepts,global_counts,,1.0,False
1mxx55t,train,0,http://wfrp.ia/resource/reddit/post/1mxx55t,ont_total_neutro_mentions,global_counts,,1.0,False
1mxx55t,train,0,http://wfrp.ia/resource/reddit/post/1mxx55t,ont_domain_score,global_counts,,1.0,False
1mxx55t,train,0,http://wfrp.ia/resource/reddit/post/1mxx55t,ont_domain_density,global_counts,,0.09090909090909091,True
1n1vq3j,train,1,http://wfrp.ia/resource/reddit/post/1n1vq3j,ont_has_ontology_elements,global_counts,,1.0,False
1n0cog7,train,2,http://wfrp.ia/resource/reddit/post/1n0cog7,ont_InteligenciaArtificial_Neutro,ai,http://wfrp.ia/dominio/ciencia-tecnologia#InteligenciaArtificial,1.0,False
1n0cog7,train,2,http://wfrp.ia/resource/reddit/post/1n0cog7,ont_has_ontology_elements,global_counts,,1.0,False
1n0cog7,train,2,http://wfrp.ia/resource/reddit/post/1n0cog7,ont_count_domain_concepts,global_counts,,1.0,False
1n0cog7,train,2,http://wfrp.ia/resource/reddit/post/1n0cog7,ont_total_neutro_mentions,global_counts,,1.0,False
1n0cog7,train,2,http://wfrp.ia/resource/reddit/post/1n0cog7,ont_domain_score,global_counts,,1.0,False
1n0cog7,train,2,http://wfrp.ia/resource/reddit/post/1n0cog7,ont_domain_density,global_counts,,0.1,True
1mzfvgn,train,2,http://wfrp.ia/resource/reddit/post/1mzfvgn,ont_Datos_Neutro,data,http://wfrp.ia/dominio/ciencia-tecnologia#Datos,1.0,False
1mzfvgn,train,2,http://wfrp.ia/resource/reddit/post/1mzfvgn,ont_has_ontology_elements,global_counts,,1.0,False
1mzfvgn,train,2,http://wfrp.ia/resource/reddit/post/1mzfvgn,ont_count_domain_concepts,global_counts,,1.0,False
1mzfvgn,train,2,http://wfrp.ia/resource/reddit/post/1mzfvgn,ont_total_neutro_mentions,global_counts,,1.0,False
1mzfvgn,train,2,http://wfrp.ia/resource/reddit/post/1mzfvgn,ont_domain_score,global_counts,,1.0,False
1mzfvgn,train,2,http://wfrp.ia/resource/reddit/post/1mzfvgn,ont_domain_density,global_counts,,0.005649717514124294,True
1mz67tu,train,2,http://wfrp.ia/resource/reddit/post/1mz67tu,ont_Datos_Neutro,data,http://wfrp.ia/dominio/ciencia-tecnologia#Datos,1.0,False
1mz67tu,train,2,http://wfrp.ia/resource/reddit/post/1mz67tu,ont_has_ontology_elements,global_counts,,1.0,False
1mz67tu,train,2,http://wfrp.ia/resource/reddit/post/1mz67tu,ont_count_domain_concepts,global_counts,,1.0,False
1mz67tu,train,2,http://wfrp.ia/resource/reddit/post/1mz67tu,ont_total_neutro_mentions,global_counts,,1.0,False
1mz67tu,train,2,http://wfrp.ia/resource/reddit/post/1mz67tu,ont_domain_score,global_counts,,1.0,False
1mz67tu,train,2,http://wfrp.ia/resource/reddit/post/1mz67tu,ont_domain_density,global_counts,,0.1,True
1n0ai5w,train,1,http://wfrp.ia/resource/reddit/post/1n0ai5w,ont_Datos_Neutro,data,http://wfrp.ia/dominio/ciencia-tecnologia#Datos,1.0,False
1n0ai5w,train,1,http://wfrp.ia/resource/reddit/post/1n0ai5w,ont_has_ontology_elements,global_counts,,1.0,False
1n0ai5w,train,1,http://wfrp.ia/resource/reddit/post/1n0ai5w,ont_count_domain_concepts,global_counts,,1.0,False
1n0ai5w,train,1,http://wfrp.ia/resource/reddit/post/1n0ai5w,ont_total_neutro_mentions,global_counts,,1.0,False
1n0ai5w,train,1,http://wfrp.ia/resource/reddit/post/1n0ai5w,ont_domain_score,global_counts,,1.0,False
1n0ai5w,train,1,http://wfrp.ia/resource/reddit/post/1n0ai5w,ont_domain_density,global_counts,,0.1111111111111111,True
1n1mvtq,train,1,http://wfrp.ia/resource/reddit/post/1n1mvtq,ont_Datos_Neutro,data,http://wfrp.ia/dominio/ciencia-tecnologia#Datos,1.0,False
1n1mvtq,train,1,http://wfrp.ia/resource/reddit/post/1n1mvtq,ont_has_ontology_elements,global_counts,,1.0,False
1n1mvtq,train,1,http://wfrp.ia/resource/reddit/post/1n1mvtq,ont_count_domain_concepts,global_counts,,1.0,False
1n1mvtq,train,1,http://wfrp.ia/resource/reddit/post/1n1mvtq,ont_total_neutro_mentions,global_counts,,1.0,False
1n1mvtq,train,1,http://wfrp.ia/resource/reddit/post/1n1mvtq,ont_domain_score,global_counts,,1.0,False
1n1mvtq,train,1,http://wfrp.ia/resource/reddit/post/1n1mvtq,ont_domain_density,global_counts,,0.058823529411764705,True
1mzeit2,train,2,http://wfrp.ia/resource/reddit/post/1mzeit2,,,,0.0,False
1n3v6y5,train,2,http://wfrp.ia/resource/reddit/post/1n3v6y5,ont_has_ontology_elements,global_counts,,1.0,False
1n3v6y5,train,2,http://wfrp.ia/resource/reddit/post/1n3v6y5,ont_count_domain_concepts,global_counts,,1.0,False
1n3v6y5,train,2,http://wfrp.ia/resource/reddit/post/1n3v6y5,ont_domain_score,global_counts,,1.0,False
1n3v6y5,train,2,http://wfrp.ia/resource/reddit/post/1n3v6y5,ont_domain_density,global_counts,,0.006289308176100629,True
1n3lh27,train,2,http://wfrp.ia/resource/reddit/post/1n3lh27,ont_InteligenciaArtificial_Neutro,ai,http://wfrp.ia/dominio/ciencia-tecnologia#InteligenciaArtificial,1.0,False
1n3lh27,train,2,http://wfrp.ia/resource/reddit/post/1n3lh27,ont_has_ontology_elements,global_counts,,1.0,False
1n3lh27,train,2,http://wfrp.ia/resource/reddit/post/1n3lh27,ont_count_domain_concepts,global_counts,,1.0,False
1n3lh27,train,2,http://wfrp.ia/resource/reddit/post/1n3lh27,ont_total_neutro_mentions,global_counts,,1.0,False
1n3lh27,train,2,http://wfrp.ia/resource/reddit/post/1n3lh27,ont_domain_score,global_counts,,1.0,False
1n3lh27,train,2,http://wfrp.ia/resource/reddit/post/1n3lh27,ont_domain_density,global_counts,,0.09090909090909091,True
1n296fm,train,2,http://wfrp.ia/resource/reddit/post/1n296fm,ont_InteligenciaArtificial_Neutro,ai,http://wfrp.ia/dominio/ciencia-tecnologia#InteligenciaArtificial,1.0,False
1n296fm,train,2,http://wfrp.ia/resource/reddit/post/1n296fm,ont_has_ontology_elements,global_counts,,1.0,False
1n296fm,train,2,http://wfrp.ia/resource/reddit/post/1n296fm,ont_count_domain_concepts,global_counts,,1.0,False
1n296fm,train,2,http://wfrp.ia/resource/reddit/post/1n296fm,ont_total_neutro_mentions,global_counts,,1.0,False
1n296fm,train,2,http://wfrp.ia/resource/reddit/post/1n296fm,ont_domain_score,global_counts,,1.0,False
1n296fm,train,2,http://wfrp.ia/resource/reddit/post/1n296fm,ont_domain_density,global_counts,,0.08333333333333333,True
1n3k9cs,train,2,http://wfrp.ia/resource/reddit/post/1n3k9cs,ont_InteligenciaArtificial_Neutro,ai,http://wfrp.ia/dominio/ciencia-tecnologia#InteligenciaArtificial,1.0,False
1n3k9cs,train,2,http://wfrp.ia/resource/reddit/post/1n3k9cs,ont_has_ontology_elements,global_counts,,1.0,False
1n3k9cs,train,2,http://wfrp.ia/resource/reddit/post/1n3k9cs,ont_count_domain_concepts,global_counts,,1.0,False
1n3k9cs,train,2,http://wfrp.ia/resource/reddit/post/1n3k9cs,ont_total_neutro_mentions,global_counts,,1.0,False
1n3k9cs,train,2,http://wfrp.ia/resource/reddit/post/1n3k9cs,ont_domain_score,global_counts,,1.0,False
1n3k9cs,train,2,http://wfrp.ia/resource/reddit/post/1n3k9cs,ont_domain_density,global_counts,,0.05555555555555555,True
1n3y76g,train,0,http://wfrp.ia/resource/reddit/post/1n3y76g,ont_Datos_Neutro,data,http://wfrp.ia/dominio/ciencia-tecnologia#Datos,2.0,False
1n3y76g,train,0,http://wfrp.ia/resource/reddit/post/1n3y76g,ont_has_ontology_elements,global_counts,,1.0,False
1n3y76g,train,0,http://wfrp.ia/resource/reddit/post/1n3y76g,ont_count_domain_concepts,global_counts,,1.0,False
1n3y76g,train,0,http://wfrp.ia/resource/reddit/post/1n3y76g,ont_total_neutro_mentions,global_counts,,2.0,False
1n3y76g,train,0,http://wfrp.ia/resource/reddit/post/1n3y76g,ont_domain_score,global_counts,,1.0,False
1n3y76g,train,0,http://wfrp.ia/resource/reddit/post/1n3y76g,ont_domain_density,global_counts,,0.04,True
1n0ay8f,train,1,http://wfrp.ia/resource/reddit/post/1n0ay8f,ont_InteligenciaArtificial_Neutro,ai,http://wfrp.ia/dominio/ciencia-tecnologia#InteligenciaArtificial,3.0,False
1n0ay8f,train,1,http://wfrp.ia/resource/reddit/post/1n0ay8f,ont_Datos_Neutro,data,http://wfrp.ia/dominio/ciencia-tecnologia#Datos,1.0,False
1n0ay8f,train,1,http://wfrp.ia/resource/reddit/post/1n0ay8f,ont_Robot_Neutro,robot,http://wfrp.ia/dominio/ciencia-tecnologia#Robot,1.0,False
1n0ay8f,train,1,http://wfrp.ia/resource/reddit/post/1n0ay8f,ont_Automatizacion_Neutro,automation,http://wfrp.ia/dominio/ciencia-tecnologia#Automatizacion,1.0,False
1n0ay8f,train,1,http://wfrp.ia/resource/reddit/post/1n0ay8f,ont_has_ontology_elements,global_counts,,1.0,False
1n0ay8f,train,1,http://wfrp.ia/resource/reddit/post/1n0ay8f,ont_count_domain_concepts,global_counts,,5.0,False
1n0ay8f,train,1,http://wfrp.ia/resource/reddit/post/1n0ay8f,ont_total_neutro_mentions,global_counts,,6.0,False
1n0ay8f,train,1,http://wfrp.ia/resource/reddit/post/1n0ay8f,ont_domain_score,global_counts,,7.0,False
1n0ay8f,train,1,http://wfrp.ia/resource/reddit/post/1n0ay8f,ont_domain_density,global_counts,,0.03731343283582089,True
1n2lfsk,train,1,http://wfrp.ia/resource/reddit/post/1n2lfsk,ont_InteligenciaArtificial_Neutro,ai,http://wfrp.ia/dominio/ciencia-tecnologia#InteligenciaArtificial,1.0,False
1n2lfsk,train,1,http://wfrp.ia/resource/reddit/post/1n2lfsk,ont_has_ontology_elements,global_counts,,1.0,False
1n2lfsk,train,1,http://wfrp.ia/resource/reddit/post/1n2lfsk,ont_count_domain_concepts,global_counts,,1.0,False
1n2lfsk,train,1,http://wfrp.ia/resource/reddit/post/1n2lfsk,ont_total_neutro_mentions,global_counts,,1.0,False
1n2lfsk,train,1,http://wfrp.ia/resource/reddit/post/1n2lfsk,ont_domain_score,global_counts,,1.0,False
1n2lfsk,train,1,http://wfrp.ia/resource/reddit/post/1n2lfsk,ont_domain_density,global_counts,,0.06666666666666667,True
1n3yg8y,train,1,http://wfrp.ia/resource/reddit/post/1n3yg8y,ont_Robot_Neutro,robot,http://wfrp.ia/dominio/ciencia-tecnologia#Robot,2.0,False
1n3yg8y,train,1,http://wfrp.ia/resource/reddit/post/1n3yg8y,ont_has_ontology_elements,global_counts,,1.0,False
1n3yg8y,train,1,http://wfrp.ia/resource/reddit/post/1n3yg8y,ont_count_domain_concepts,global_counts,,2.0,False
1n3yg8y,train,1,http://wfrp.ia/resource/reddit/post/1n3yg8y,ont_total_neutro_mentions,global_counts,,2.0,False
1n3yg8y,train,1,http://wfrp.ia/resource/reddit/post/1n3yg8y,ont_domain_score,global_counts,,3.0,False
1n3yg8y,train,1,http://wfrp.ia/resource/reddit/post/1n3yg8y,ont_domain_density,global_counts,,0.11764705882352941,True
1n1y4kd,train,2,http://wfrp.ia/resource/reddit/post/1n1y4kd,ont_InteligenciaArtificial_Neutro,ai,http://wfrp.ia/dominio/ciencia-tecnologia#InteligenciaArtificial,1.0,False
1n1y4kd,train,2,http://wfrp.ia/resource/reddit/post/1n1y4kd,ont_has_ontology_elements,global_counts,,1.0,False
1n1y4kd,train,2,http://wfrp.ia/resource/reddit/post/1n1y4kd,ont_count_domain_concepts,global_counts,,1.0,False
1n1y4kd,train,2,http://wfrp.ia/resource/reddit/post/1n1y4kd,ont_total_neutro_mentions,global_counts,,1.0,False
1n1y4kd,train,2,http://wfrp.ia/resource/reddit/post/1n1y4kd,ont_domain_score,global_counts,,1.0,False
1n1y4kd,train,2,http://wfrp.ia/resource/reddit/post/1n1y4kd,ont_domain_density,global_counts,,0.07142857142857142,True
1n3px41,train,2,http://wfrp.ia/resource/reddit/post/1n3px41,ont_InteligenciaArtificial_Neutro,ai,http://wfrp.ia/dominio/ciencia-tecnologia#InteligenciaArtificial,1.0,False
1n3px41,train,2,http://wfrp.ia/resource/reddit/post/1n3px41,ont_Robot_Neutro,robot,http://wfrp.ia/dominio/ciencia-tecnologia#Robot,1.0,False
1n3px41,train,2,http://wfrp.ia/resource/reddit/post/1n3px41,ont_has_ontology_elements,global_counts,,1.0,False
1n3px41,train,2,http://wfrp.ia/resource/reddit/post/1n3px41,ont_count_domain_concepts,global_counts,,2.0,False
1n3px41,train,2,http://wfrp.ia/resource/reddit/post/1n3px41,ont_total_neutro_mentions,global_counts,,2.0,False
1n3px41,train,2,http://wfrp.ia/resource/reddit/post/1n3px41,ont_domain_score,global_counts,,1.5,False
1n3px41,train,2,http://wfrp.ia/resource/reddit/post/1n3px41,ont_domain_density,global_counts,,0.06666666666666667,True
1n3kf5u,train,1,http://wfrp.ia/resource/reddit/post/1n3kf5u,ont_InteligenciaArtificial_Neutro,ai,http://wfrp.ia/dominio/ciencia-tecnologia#InteligenciaArtificial,2.0,False
1n3kf5u,train,1,http://wfrp.ia/resource/reddit/post/1n3kf5u,ont_has_ontology_elements,global_counts,,1.0,False
1n3kf5u,train,1,http://wfrp.ia/resource/reddit/post/1n3kf5u,ont_count_domain_concepts,global_counts,,1.0,False
1n3kf5u,train,1,http://wfrp.ia/resource/reddit/post/1n3kf5u,ont_total_neutro_mentions,global_counts,,2.0,False
1n3kf5u,train,1,http://wfrp.ia/resource/reddit/post/1n3kf5u,ont_domain_score,global_counts,,2.0,False
1n3kf5u,train,1,http://wfrp.ia/resource/reddit/post/1n3kf5u,ont_domain_density,global_counts,,0.06666666666666667,True
1n2ez3k,train,1,http://wfrp.ia/resource/reddit/post/1n2ez3k,ont_Tecnologia_Neutro,technology,http://wfrp.ia/dominio/ciencia-tecnologia#Tecnologia,1.0,True
1n2ez3k,train,1,http://wfrp.ia/resource/reddit/post/1n2ez3k,ont_has_ontology_elements,global_counts,,1.0,False
1n2ez3k,train,1,http://wfrp.ia/resource/reddit/post/1n2ez3k,ont_count_domain_concepts,global_counts,,1.0,False
1n2ez3k,train,1,http://wfrp.ia/resource/reddit/post/1n2ez3k,ont_total_neutro_mentions,global_counts,,1.0,False
1n2ez3k,train,1,http://wfrp.ia/resource/reddit/post/1n2ez3k,ont_domain_score,global_counts,,1.0,False
1n2ez3k,train,1,http://wfrp.ia/resource/reddit/post/1n2ez3k,ont_domain_density,global_counts,,0.0625,True
1n2n1ft,train,1,http://wfrp.ia/resource/reddit/post/1n2n1ft,ont_Datos_Neutro,data,http://wfrp.ia/dominio/ciencia-tecnologia#Datos,1.0,False
1n2n1ft,train,1,http://wfrp.ia/resource/reddit/post/1n2n1ft,ont_has_ontology_elements,global_counts,,1.0,False
1n2n1ft,train,1,http://wfrp.ia/resource/reddit/post/1n2n1ft,ont_count_domain_concepts,global_counts,,1.0,False
1n2n1ft,train,1,http://wfrp.ia/resource/reddit/post/1n2n1ft,ont_total_neutro_mentions,global_counts,,1.0,False
1n2n1ft,train,1,http://wfrp.ia/resource/reddit/post/1n2n1ft,ont_domain_score,global_counts,,1.0,False
1n2n1ft,train,1,http://wfrp.ia/resource/reddit/post/1n2n1ft,ont_domain_density,global_counts,,0.08333333333333333,True
1n1c3zp,train,1,http://wfrp.ia/resource/reddit/post/1n1c3zp,ont_InteligenciaArtificial_Positivo,ai,http://wfrp.ia/dominio/ciencia-tecnologia#InteligenciaArtificial,1.0,False
1n1c3zp,train,1,http://wfrp.ia/resource/reddit/post/1n1c3zp,ont_has_ontology_elements,global_counts,,1.0,False
1n1c3zp,train,1,http://wfrp.ia/resource/reddit/post/1n1c3zp,ont_count_domain_concepts,global_counts,,1.0,False
1n1c3zp,train,1,http://wfrp.ia/resource/reddit/post/1n1c3zp,ont_total_positivo_mentions,global_counts,,1.0,False
1n1c3zp,train,1,http://wfrp.ia/resource/reddit/post/1n1c3zp,ont_domain_score,global_counts,,1.0,False
1n1c3zp,train,1,http://wfrp.ia/resource/reddit/post/1n1c3zp,ont_domain_density,global_counts,,0.1,True
1n3s7c8,train,1,http://wfrp.ia/resource/reddit/post/1n3s7c8,ont_InteligenciaArtificial_Neutro,ai,http://wfrp.ia/dominio/ciencia-tecnologia#InteligenciaArtificial,1.0,False
1n3s7c8,train,1,http://wfrp.ia/resource/reddit/post/1n3s7c8,ont_has_ontology_elements,global_counts,,1.0,False
1n3s7c8,train,1,http://wfrp.ia/resource/reddit/post/1n3s7c8,ont_count_domain_concepts,global_counts,,1.0,False
1n3s7c8,train,1,http://wfrp.ia/resource/reddit/post/1n3s7c8,ont_total_neutro_mentions,global_counts,,1.0,False
1n3s7c8,train,1,http://wfrp.ia/resource/reddit/post/1n3s7c8,ont_domain_score,global_counts,,1.0,False
1n3s7c8,train,1,http://wfrp.ia/resource/reddit/post/1n3s7c8,ont_domain_density,global_counts,,0.14285714285714285,True
1n25x6e,train,2,http://wfrp.ia/resource/reddit/post/1n25x6e,ont_InteligenciaArtificial_Neutro,ai,http://wfrp.ia/dominio/ciencia-tecnologia#InteligenciaArtificial,1.0,False
1n25x6e,train,2,http://wfrp.ia/resource/reddit/post/1n25x6e,ont_has_ontology_elements,global_counts,,1.0,False
1n25x6e,train,2,http://wfrp.ia/resource/reddit/post/1n25x6e,ont_count_domain_concepts,global_counts,,1.0,False
1n25x6e,train,2,http://wfrp.ia/resource/reddit/post/1n25x6e,ont_total_neutro_mentions,global_counts,,1.0,False
1n25x6e,train,2,http://wfrp.ia/resource/reddit/post/1n25x6e,ont_domain_score,global_counts,,1.0,False
1n25x6e,train,2,http://wfrp.ia/resource/reddit/post/1n25x6e,ont_domain_density,global_counts,,0.043478260869565216,True
1mxsee0,train,1,http://wfrp.ia/resource/reddit/post/1mxsee0,ont_has_ontology_elements,global_counts,,1.0,False
1mxf5us,train,0,http://wfrp.ia/resource/reddit/post/1mxf5us,ont_has_ontology_elements,global_counts,,1.0,False
1n3mxi6,train,2,http://wfrp.ia/resource/reddit/post/1n3mxi6,ont_has_ontology_elements,global_counts,,1.0,False
1n3mxi6,train,2,http://wfrp.ia/resource/reddit/post/1n3mxi6,ont_count_domain_concepts,global_counts,,1.0,False
1n3mxi6,train,2,http://wfrp.ia/resource/reddit/post/1n3mxi6,ont_domain_score,global_counts,,1.0,False
1n3mxi6,train,2,http://wfrp.ia/resource/reddit/post/1n3mxi6,ont_domain_density,global_counts,,0.0040650406504065045,True
1mx714h,train,2,http://wfrp.ia/resource/reddit/post/1mx714h,,,,0.0,False
1n3m8c8,train,2,http://wfrp.ia/resource/reddit/post/1n3m8c8,ont_Algoritmo_Neutro,algorithm,http://wfrp.ia/dominio/ciencia-tecnologia#Algoritmo,1.0,False
1n3m8c8,train,2,http://wfrp.ia/resource/reddit/post/1n3m8c8,ont_has_ontology_elements,global_counts,,1.0,False
1n3m8c8,train,2,http://wfrp.ia/resource/reddit/post/1n3m8c8,ont_count_domain_concepts,global_counts,,1.0,False
1n3m8c8,train,2,http://wfrp.ia/resource/reddit/post/1n3m8c8,ont_total_neutro_mentions,global_counts,,1.0,False
1n3m8c8,train,2,http://wfrp.ia/resource/reddit/post/1n3m8c8,ont_domain_score,global_counts,,1.0,False
1n3m8c8,train,2,http://wfrp.ia/resource/reddit/post/1n3m8c8,ont_domain_density,global_counts,,0.025,True
1n2gztn,train,0,http://wfrp.ia/resource/reddit/post/1n2gztn,ont_Tecnologia_Neutro,technology,http://wfrp.ia/dominio/ciencia-tecnologia#Tecnologia,1.0,True
1n2gztn,train,0,http://wfrp.ia/resource/reddit/post/1n2gztn,ont_has_ontology_elements,global_counts,,1.0,False
1n2gztn,train,0,http://wfrp.ia/resource/reddit/post/1n2gztn,ont_count_domain_concepts,global_counts,,1.0,False
1n2gztn,train,0,http://wfrp.ia/resource/reddit/post/1n2gztn,ont_total_neutro_mentions,global_counts,,1.0,False
1n2gztn,train,0,http://wfrp.ia/resource/reddit/post/1n2gztn,ont_domain_score,global_counts,,1.0,False
1n2gztn,train,0,http://wfrp.ia/resource/reddit/post/1n2gztn,ont_domain_density,global_counts,,0.07692307692307693,True
1n2otl6,train,2,http://wfrp.ia/resource/reddit/post/1n2otl6,ont_Datos_Neutro,data,http://wfrp.ia/dominio/ciencia-tecnologia#Datos,1.0,False
1n2otl6,train,2,http://wfrp.ia/resource/reddit/post/1n2otl6,ont_has_ontology_elements,global_counts,,1.0,False
1n2otl6,train,2,http://wfrp.ia/resource/reddit/post/1n2otl6,ont_count_domain_concepts,global_counts,,1.0,False
1n2otl6,train,2,http://wfrp.ia/resource/reddit/post/1n2otl6,ont_total_neutro_mentions,global_counts,,1.0,False
1n2otl6,train,2,http://wfrp.ia/resource/reddit/post/1n2otl6,ont_domain_score,global_counts,,1.0,False
1n2otl6,train,2,http://wfrp.ia/resource/reddit/post/1n2otl6,ont_domain_density,global_counts,,0.07692307692307693,True
1n3w0pq,train,2,http://wfrp.ia/resource/reddit/post/1n3w0pq,ont_InteligenciaArtificial_Neutro,ai,http://wfrp.ia/dominio/ciencia-tecnologia#InteligenciaArtificial,2.0,False
1n3w0pq,train,2,http://wfrp.ia/resource/reddit/post/1n3w0pq,ont_has_ontology_elements,global_counts,,1.0,False
1n3w0pq,train,2,http://wfrp.ia/resource/reddit/post/1n3w0pq,ont_count_domain_concepts,global_counts,,1.0,False
1n3w0pq,train,2,http://wfrp.ia/resource/reddit/post/1n3w0pq,ont_total_neutro_mentions,global_counts,,2.0,False
1n3w0pq,train,2,http://wfrp.ia/resource/reddit/post/1n3w0pq,ont_domain_score,global_counts,,2.5,False
1n3w0pq,train,2,http://wfrp.ia/resource/reddit/post/1n3w0pq,ont_domain_density,global_counts,,0.041666666666666664,True
1n2kawg,train,2,http://wfrp.ia/resource/reddit/post/1n2kawg,ont_Datos_Neutro,data,http://wfrp.ia/dominio/ciencia-tecnologia#Datos,1.0,False
1n2kawg,train,2,http://wfrp.ia/resource/reddit/post/1n2kawg,ont_has_ontology_elements,global_counts,,1.0,False
1n2kawg,train,2,http://wfrp.ia/resource/reddit/post/1n2kawg,ont_count_domain_concepts,global_counts,,1.0,False
1n2kawg,train,2,http://wfrp.ia/resource/reddit/post/1n2kawg,ont_total_neutro_mentions,global_counts,,1.0,False
1n2kawg,train,2,http://wfrp.ia/resource/reddit/post/1n2kawg,ont_domain_score,global_counts,,1.0,False
1n2kawg,train,2,http://wfrp.ia/resource/reddit/post/1n2kawg,ont_domain_density,global_counts,,0.022727272727272728,True
1n1ehyy,train,2,http://wfrp.ia/resource/reddit/post/1n1ehyy,ont_Datos_Neutro,data,http://wfrp.ia/dominio/ciencia-tecnologia#Datos,1.0,False
1n1ehyy,train,2,http://wfrp.ia/resource/reddit/post/1n1ehyy,ont_has_ontology_elements,global_counts,,1.0,False
1n1ehyy,train,2,http://wfrp.ia/resource/reddit/post/1n1ehyy,ont_count_domain_concepts,global_counts,,1.0,False
1n1ehyy,train,2,http://wfrp.ia/resource/reddit/post/1n1ehyy,ont_total_neutro_mentions,global_counts,,1.0,False
1n1ehyy,train,2,http://wfrp.ia/resource/reddit/post/1n1ehyy,ont_domain_score,global_counts,,1.0,False
1n1ehyy,train,2,http://wfrp.ia/resource/reddit/post/1n1ehyy,ont_domain_density,global_counts,,0.08333333333333333,True
1n27but,train,2,http://wfrp.ia/resource/reddit/post/1n27but,ont_InteligenciaArtificial_Positivo,ai,http://wfrp.ia/dominio/ciencia-tecnologia#InteligenciaArtificial,1.0,False
1n27but,train,2,http://wfrp.ia/resource/reddit/post/1n27but,ont_has_ontology_elements,global_counts,,1.0,False
1n27but,train,2,http://wfrp.ia/resource/reddit/post/1n27but,ont_count_domain_concepts,global_counts,,1.0,False
1n27but,train,2,http://wfrp.ia/resource/reddit/post/1n27but,ont_total_positivo_mentions,global_counts,,1.0,False
1n27but,train,2,http://wfrp.ia/resource/reddit/post/1n27but,ont_domain_score,global_counts,,1.0,False
1n27but,train,2,http://wfrp.ia/resource/reddit/post/1n27but,ont_domain_density,global_counts,,0.08333333333333333,True
1n3mcrn,train,0,http://wfrp.ia/resource/reddit/post/1n3mcrn,ont_Tecnologia_Neutro,technology,http://wfrp.ia/dominio/ciencia-tecnologia#Tecnologia,1.0,True
1n3mcrn,train,0,http://wfrp.ia/resource/reddit/post/1n3mcrn,ont_has_ontology_elements,global_counts,,1.0,False
1n3mcrn,train,0,http://wfrp.ia/resource/reddit/post/1n3mcrn,ont_count_domain_concepts,global_counts,,1.0,False
1n3mcrn,train,0,http://wfrp.ia/resource/reddit/post/1n3mcrn,ont_total_neutro_mentions,global_counts,,1.0,False
1n3mcrn,train,0,http://wfrp.ia/resource/reddit/post/1n3mcrn,ont_domain_score,global_counts,,1.0,False
1n3mcrn,train,0,http://wfrp.ia/resource/reddit/post/1n3mcrn,ont_domain_density,global_counts,,0.1,True
1n2aww9,train,0,http://wfrp.ia/resource/reddit/post/1n2aww9,ont_InteligenciaArtificial_Neutro,ai,http://wfrp.ia/dominio/ciencia-tecnologia#InteligenciaArtificial,3.0,False
1n2aww9,train,0,http://wfrp.ia/resource/reddit/post/1n2aww9,ont_Etica_Positivo,ethics,http://wfrp.ia/dominio/ciencia-tecnologia#Etica,1.0,False
1n2aww9,train,0,http://wfrp.ia/resource/reddit/post/1n2aww9,ont_has_ontology_elements,global_counts,,1.0,False
1n2aww9,train,0,http://wfrp.ia/resource/reddit/post/1n2aww9,ont_count_domain_concepts,global_counts,,2.0,False
1n2aww9,train,0,http://wfrp.ia/resource/reddit/post/1n2aww9,ont_total_positivo_mentions,global_counts,,1.0,False
1n2aww9,train,0,http://wfrp.ia/resource/reddit/post/1n2aww9,ont_total_neutro_mentions,global_counts,,3.0,False
1n2aww9,train,0,http://wfrp.ia/resource/reddit/post/1n2aww9,ont_domain_score,global_counts,,2.0,False
1n2aww9,train,0,http://wfrp.ia/resource/reddit/post/1n2aww9,ont_domain_density,global_counts,,0.07407407407407407,True
1n05bdb,train,1,http://wfrp.ia/resource/reddit/post/1n05bdb,,,,0.0,False
1n054yf,train,0,http://wfrp.ia/resource/reddit/post/1n054yf,ont_InteligenciaArtificial_Neutro,ai,http://wfrp.ia/dominio/ciencia-tecnologia#InteligenciaArtificial,1.0,False
1n054yf,train,0,http://wfrp.ia/resource/reddit/post/1n054yf,ont_has_ontology_elements,global_counts,,1.0,False
1n054yf,train,0,http://wfrp.ia/resource/reddit/post/1n054yf,ont_count_domain_concepts,global_counts,,1.0,False
1n054yf,train,0,http://wfrp.ia/resource/reddit/post/1n054yf,ont_total_neutro_mentions,global_counts,,1.0,False
1n054yf,train,0,http://wfrp.ia/resource/reddit/post/1n054yf,ont_domain_score,global_counts,,1.5,False
1n054yf,train,0,http://wfrp.ia/resource/reddit/post/1n054yf,ont_domain_density,global_counts,,0.06666666666666667,True
1n2aky1,train,0,http://wfrp.ia/resource/reddit/post/1n2aky1,ont_InteligenciaArtificial_Neutro,ai,http://wfrp.ia/dominio/ciencia-tecnologia#InteligenciaArtificial,1.0,False
1n2aky1,train,0,http://wfrp.ia/resource/reddit/post/1n2aky1,ont_Tecnologia_Neutro,technology,http://wfrp.ia/dominio/ciencia-tecnologia#Tecnologia,1.0,True
1n2aky1,train,0,http://wfrp.ia/resource/reddit/post/1n2aky1,ont_Futuro_Neutro,future,http://wfrp.ia/dominio/ciencia-tecnologia#Futuro,1.0,False
1n2aky1,train,0,http://wfrp.ia/resource/reddit/post/1n2aky1,ont_Datos_Neutro,data,http://wfrp.ia/dominio/ciencia-tecnologia#Datos,1.0,False
1n2aky1,train,0,http://wfrp.ia/resource/reddit/post/1n2aky1,ont_has_ontology_elements,global_counts,,1.0,False
1n2aky1,train,0,http://wfrp.ia/resource/reddit/post/1n2aky1,ont_count_domain_concepts,global_counts,,6.0,False
1n2aky1,train,0,http://wfrp.ia/resource/reddit/post/1n2aky1,ont_total_neutro_mentions,global_counts,,4.0,False
1n2aky1,train,0,http://wfrp.ia/resource/reddit/post/1n2aky1,ont_domain_score,global_counts,,5.5,False
1n2aky1,train,0,http://wfrp.ia/resource/reddit/post/1n2aky1,ont_domain_density,global_counts,,0.007832898172323759,True
1n2v4s4,train,2,http://wfrp.ia/resource/reddit/post/1n2v4s4,ont_Futuro_Neutro,future,http://wfrp.ia/dominio/ciencia-tecnologia#Futuro,1.0,False
1n2v4s4,train,2,http://wfrp.ia/resource/reddit/post/1n2v4s4,ont_has_ontology_elements,global_counts,,1.0,False
1n2v4s4,train,2,http://wfrp.ia/resource/reddit/post/1n2v4s4,ont_count_domain_concepts,global_counts,,2.0,False
1n2v4s4,train,2,http://wfrp.ia/resource/reddit/post/1n2v4s4,ont_total_neutro_mentions,global_counts,,1.0,False
1n2v4s4,train,2,http://wfrp.ia/resource/reddit/post/1n2v4s4,ont_domain_score,global_counts,,2.0,False
1n2v4s4,train,2,http://wfrp.ia/resource/reddit/post/1n2v4s4,ont_domain_density,global_counts,,0.024096385542168676,True
1n40xf9,train,0,http://wfrp.ia/resource/reddit/post/1n40xf9,ont_InteligenciaArtificial_Neutro,ai,http://wfrp.ia/dominio/ciencia-tecnologia#InteligenciaArtificial,1.0,False
1n40xf9,train,0,http://wfrp.ia/resource/reddit/post/1n40xf9,ont_Futuro_Neutro,future,http://wfrp.ia/dominio/ciencia-tecnologia#Futuro,1.0,False
1n40xf9,train,0,http://wfrp.ia/resource/reddit/post/1n40xf9,ont_Datos_Neutro,data,http://wfrp.ia/dominio/ciencia-tecnologia#Datos,1.0,False
1n40xf9,train,0,http://wfrp.ia/resource/reddit/post/1n40xf9,ont_Automatizacion_Neutro,automation,http://wfrp.ia/dominio/ciencia-tecnologia#Automatizacion,1.0,False
1n40xf9,train,0,http://wfrp.ia/resource/reddit/post/1n40xf9,ont_Etica_Negativo,ethics,http://wfrp.ia/dominio/ciencia-tecnologia#Etica,1.0,True
1n40xf9,train,0,http://wfrp.ia/resource/reddit/post/1n40xf9,ont_has_ontology_elements,global_counts,,1.0,False
1n40xf9,train,0,http://wfrp.ia/resource/reddit/post/1n40xf9,ont_count_domain_concepts,global_counts,,6.0,False
1n40xf9,train,0,http://wfrp.ia/resource/reddit/post/1n40xf9,ont_total_negativo_mentions,global_counts,,1.0,True
1n40xf9,train,0,http://wfrp.ia/resource/reddit/post/1n40xf9,ont_total_neutro_mentions,global_counts,,4.0,False
1n40xf9,train,0,http://wfrp.ia/resource/reddit/post/1n40xf9,ont_domain_score,global_counts,,6.0,False
1n40xf9,train,0,http://wfrp.ia/resource/reddit/post/1n40xf9,ont_domain_density,global_counts,,0.25,True
1n40hto,train,2,http://wfrp.ia/resource/reddit/post/1n40hto,ont_InteligenciaArtificial_Neutro,ai,http://wfrp.ia/dominio/ciencia-tecnologia#InteligenciaArtificial,1.0,False
1n40hto,train,2,http://wfrp.ia/resource/reddit/post/1n40hto,ont_has_ontology_elements,global_counts,,1.0,False
1n40hto,train,2,http://wfrp.ia/resource/reddit/post/1n40hto,ont_count_domain_concepts,global_counts,,1.0,False
1n40hto,train,2,http://wfrp.ia/resource/reddit/post/1n40hto,ont_total_neutro_mentions,global_counts,,1.0,False
1n40hto,train,2,http://wfrp.ia/resource/reddit/post/1n40hto,ont_domain_score,global_counts,,1.0,False
1n40hto,train,2,http://wfrp.ia/resource/reddit/post/1n40hto,ont_domain_density,global_counts,,0.045454545454545456,True
1n408zv,train,1,http://wfrp.ia/resource/reddit/post/1n408zv,ont_InteligenciaArtificial_Neutro,ai,http://wfrp.ia/dominio/ciencia-tecnologia#InteligenciaArtificial,3.0,False
1n408zv,train,1,http://wfrp.ia/resource/reddit/post/1n408zv,ont_Tecnologia_Neutro,technology,http://wfrp.ia/dominio/ciencia-tecnologia#Tecnologia,3.0,True
1n408zv,train,1,http://wfrp.ia/resource/reddit/post/1n408zv,ont_Datos_Neutro,data,http://wfrp.ia/dominio/ciencia-tecnologia#Datos,3.0,False
1n408zv,train,1,http://wfrp.ia/resource/reddit/post/1n408zv,ont_Robot_Neutro,robot,http://wfrp.ia/dominio/ciencia-tecnologia#Robot,1.0,False
1n408zv,train,1,http://wfrp.ia/resource/reddit/post/1n408zv,ont_Automatizacion_Neutro,automation,http://wfrp.ia/dominio/ciencia-tecnologia#Automatizacion,1.0,False
1n408zv,train,1,http://wfrp.ia/resource/reddit/post/1n408zv,ont_has_ontology_elements,global_counts,,1.0,False
1n408zv,train,1,http://wfrp.ia/resource/reddit/post/1n408zv,ont_count_domain_concepts,global_counts,,7.0,False
1n408zv,train,1,http://wfrp.ia/resource/reddit/post/1n408zv,ont_total_neutro_mentions,global_counts,,11.0,False
1n408zv,train,1,http://wfrp.ia/resource/reddit/post/1n408zv,ont_domain_score,global_counts,,11.0,False
1n408zv,train,1,http://wfrp.ia/resource/reddit/post/1n408zv,ont_domain_density,global_counts,,0.017766497461928935,True
1n4061u,train,1,http://wfrp.ia/resource/reddit/post/1n4061u,ont_Tecnologia_Neutro,technology,http://wfrp.ia/dominio/ciencia-tecnologia#Tecnologia,2.0,True
1n4061u,train,1,http://wfrp.ia/resource/reddit/post/1n4061u,ont_has_ontology_elements,global_counts,,1.0,False
1n4061u,train,1,http://wfrp.ia/resource/reddit/post/1n4061u,ont_count_domain_concepts,global_counts,,2.0,False
1n4061u,train,1,http://wfrp.ia/resource/reddit/post/1n4061u,ont_total_neutro_mentions,global_counts,,2.0,False
1n4061u,train,1,http://wfrp.ia/resource/reddit/post/1n4061u,ont_domain_score,global_counts,,2.0,False
1n4061u,train,1,http://wfrp.ia/resource/reddit/post/1n4061u,ont_domain_density,global_counts,,0.011627906976744186,True
1n0xd0i,train,0,http://wfrp.ia/resource/reddit/post/1n0xd0i,ont_InteligenciaArtificial_Neutro,ai,http://wfrp.ia/dominio/ciencia-tecnologia#InteligenciaArtificial,5.0,False
1n0xd0i,train,0,http://wfrp.ia/resource/reddit/post/1n0xd0i,ont_Datos_Neutro,data,http://wfrp.ia/dominio/ciencia-tecnologia#Datos,1.0,False
1n0xd0i,train,0,http://wfrp.ia/resource/reddit/post/1n0xd0i,ont_has_ontology_elements,global_counts,,1.0,False
1n0xd0i,train,0,http://wfrp.ia/resource/reddit/post/1n0xd0i,ont_count_domain_concepts,global_counts,,3.0,False
1n0xd0i,train,0,http://wfrp.ia/resource/reddit/post/1n0xd0i,ont_total_neutro_mentions,global_counts,,6.0,False
1n0xd0i,train,0,http://wfrp.ia/resource/reddit/post/1n0xd0i,ont_domain_score,global_counts,,7.0,False
1n0xd0i,train,0,http://wfrp.ia/resource/reddit/post/1n0xd0i,ont_domain_density,global_counts,,0.009345794392523364,True
1n0fnak,train,2,http://wfrp.ia/resource/reddit/post/1n0fnak,ont_has_ontology_elements,global_counts,,1.0,False
1n0m3tz,train,2,http://wfrp.ia/resource/reddit/post/1n0m3tz,ont_Datos_Positivo,data,http://wfrp.ia/dominio/ciencia-tecnologia#Datos,1.0,False
1n0m3tz,train,2,http://wfrp.ia/resource/reddit/post/1n0m3tz,ont_has_ontology_elements,global_counts,,1.0,False
1n0m3tz,train,2,http://wfrp.ia/resource/reddit/post/1n0m3tz,ont_count_domain_concepts,global_counts,,1.0,False
1n0m3tz,train,2,http://wfrp.ia/resource/reddit/post/1n0m3tz,ont_total_positivo_mentions,global_counts,,1.0,False
1n0m3tz,train,2,http://wfrp.ia/resource/reddit/post/1n0m3tz,ont_domain_score,global_counts,,1.0,False
1n0m3tz,train,2,http://wfrp.ia/resource/reddit/post/1n0m3tz,ont_domain_density,global_counts,,0.1,True
1n0m8kb,train,2,http://wfrp.ia/resource/reddit/post/1n0m8kb,ont_Tecnologia_Neutro,technology,http://wfrp.ia/dominio/ciencia-tecnologia#Tecnologia,1.0,True
1n0m8kb,train,2,http://wfrp.ia/resource/reddit/post/1n0m8kb,ont_has_ontology_elements,global_counts,,1.0,False
1n0m8kb,train,2,http://wfrp.ia/resource/reddit/post/1n0m8kb,ont_count_domain_concepts,global_counts,,1.0,False
1n0m8kb,train,2,http://wfrp.ia/resource/reddit/post/1n0m8kb,ont_total_neutro_mentions,global_counts,,1.0,False
1n0m8kb,train,2,http://wfrp.ia/resource/reddit/post/1n0m8kb,ont_domain_score,global_counts,,1.0,False
1n0m8kb,train,2,http://wfrp.ia/resource/reddit/post/1n0m8kb,ont_domain_density,global_counts,,0.1111111111111111,True
1n0idmt,train,2,http://wfrp.ia/resource/reddit/post/1n0idmt,ont_InteligenciaArtificial_Neutro,ai,http://wfrp.ia/dominio/ciencia-tecnologia#InteligenciaArtificial,2.0,False
1n0idmt,train,2,http://wfrp.ia/resource/reddit/post/1n0idmt,ont_has_ontology_elements,global_counts,,1.0,False
1n0idmt,train,2,http://wfrp.ia/resource/reddit/post/1n0idmt,ont_count_domain_concepts,global_counts,,1.0,False
1n0idmt,train,2,http://wfrp.ia/resource/reddit/post/1n0idmt,ont_total_neutro_mentions,global_counts,,2.0,False
1n0idmt,train,2,http://wfrp.ia/resource/reddit/post/1n0idmt,ont_domain_score,global_counts,,2.0,False
1n0idmt,train,2,http://wfrp.ia/resource/reddit/post/1n0idmt,ont_domain_density,global_counts,,0.011904761904761904,True
1n3p83k,train,2,http://wfrp.ia/resource/reddit/post/1n3p83k,ont_Algoritmo_Neutro,algorithm,http://wfrp.ia/dominio/ciencia-tecnologia#Algoritmo,1.0,False
1n3p83k,train,2,http://wfrp.ia/resource/reddit/post/1n3p83k,ont_has_ontology_elements,global_counts,,1.0,False
1n3p83k,train,2,http://wfrp.ia/resource/reddit/post/1n3p83k,ont_count_domain_concepts,global_counts,,1.0,False
1n3p83k,train,2,http://wfrp.ia/resource/reddit/post/1n3p83k,ont_total_neutro_mentions,global_counts,,1.0,False
1n3p83k,train,2,http://wfrp.ia/resource/reddit/post/1n3p83k,ont_domain_score,global_counts,,1.0,False
1n3p83k,train,2,http://wfrp.ia/resource/reddit/post/1n3p83k,ont_domain_density,global_counts,,0.009345794392523364,True
1mvm1yj,train,0,http://wfrp.ia/resource/reddit/post/1mvm1yj,ont_InteligenciaArtificial_Neutro,ai,http://wfrp.ia/dominio/ciencia-tecnologia#InteligenciaArtificial,2.0,False
1mvm1yj,train,0,http://wfrp.ia/resource/reddit/post/1mvm1yj,ont_has_ontology_elements,global_counts,,1.0,False
1mvm1yj,train,0,http://wfrp.ia/resource/reddit/post/1mvm1yj,ont_count_domain_concepts,global_counts,,1.0,False
1mvm1yj,train,0,http://wfrp.ia/resource/reddit/post/1mvm1yj,ont_total_neutro_mentions,global_counts,,2.0,False
1mvm1yj,train,0,http://wfrp.ia/resource/reddit/post/1mvm1yj,ont_domain_score,global_counts,,2.0,False
1mvm1yj,train,0,http://wfrp.ia/resource/reddit/post/1mvm1yj,ont_domain_density,global_counts,,0.04,True
1mvzufa,train,2,http://wfrp.ia/resource/reddit/post/1mvzufa,ont_InteligenciaArtificial_Neutro,ai,http://wfrp.ia/dominio/ciencia-tecnologia#InteligenciaArtificial,1.0,False
1mvzufa,train,2,http://wfrp.ia/resource/reddit/post/1mvzufa,ont_has_ontology_elements,global_counts,,1.0,False
1mvzufa,train,2,http://wfrp.ia/resource/reddit/post/1mvzufa,ont_count_domain_concepts,global_counts,,1.0,False
1mvzufa,train,2,http://wfrp.ia/resource/reddit/post/1mvzufa,ont_total_neutro_mentions,global_counts,,1.0,False
1mvzufa,train,2,http://wfrp.ia/resource/reddit/post/1mvzufa,ont_domain_score,global_counts,,0.5,False
1mvzufa,train,2,http://wfrp.ia/resource/reddit/post/1mvzufa,ont_domain_density,global_counts,,0.14285714285714285,True
1mx18b7,train,2,http://wfrp.ia/resource/reddit/post/1mx18b7,ont_has_ontology_elements,global_counts,,1.0,False
1mwo9c4,train,1,http://wfrp.ia/resource/reddit/post/1mwo9c4,ont_InteligenciaArtificial_Neutro,ai,http://wfrp.ia/dominio/ciencia-tecnologia#InteligenciaArtificial,1.0,False
1mwo9c4,train,1,http://wfrp.ia/resource/reddit/post/1mwo9c4,ont_has_ontology_elements,global_counts,,1.0,False
1mwo9c4,train,1,http://wfrp.ia/resource/reddit/post/1mwo9c4,ont_count_domain_concepts,global_counts,,2.0,False
1mwo9c4,train,1,http://wfrp.ia/resource/reddit/post/1mwo9c4,ont_total_neutro_mentions,global_counts,,1.0,False
1mwo9c4,train,1,http://wfrp.ia/resource/reddit/post/1mwo9c4,ont_domain_score,global_counts,,2.0,False
1mwo9c4,train,1,http://wfrp.ia/resource/reddit/post/1mwo9c4,ont_domain_density,global_counts,,0.09090909090909091,True
1n0ku5r,train,2,http://wfrp.ia/resource/reddit/post/1n0ku5r,ont_Futuro_Neutro,future,http://wfrp.ia/dominio/ciencia-tecnologia#Futuro,1.0,False
1n0ku5r,train,2,http://wfrp.ia/resource/reddit/post/1n0ku5r,ont_has_ontology_elements,global_counts,,1.0,False
1n0ku5r,train,2,http://wfrp.ia/resource/reddit/post/1n0ku5r,ont_count_domain_concepts,global_counts,,2.0,False
1n0ku5r,train,2,http://wfrp.ia/resource/reddit/post/1n0ku5r,ont_total_neutro_mentions,global_counts,,1.0,False
1n0ku5r,train,2,http://wfrp.ia/resource/reddit/post/1n0ku5r,ont_domain_score,global_counts,,2.0,False
1n0ku5r,train,2,http://wfrp.ia/resource/reddit/post/1n0ku5r,ont_domain_density,global_counts,,0.011049723756906077,True
1mw00bl,train,2,http://wfrp.ia/resource/reddit/post/1mw00bl,ont_InteligenciaArtificial_Positivo,ai,http://wfrp.ia/dominio/ciencia-tecnologia#InteligenciaArtificial,1.0,False
1mw00bl,train,2,http://wfrp.ia/resource/reddit/post/1mw00bl,ont_has_ontology_elements,global_counts,,1.0,False
1mw00bl,train,2,http://wfrp.ia/resource/reddit/post/1mw00bl,ont_count_domain_concepts,global_counts,,1.0,False
1mw00bl,train,2,http://wfrp.ia/resource/reddit/post/1mw00bl,ont_total_positivo_mentions,global_counts,,1.0,False
1mw00bl,train,2,http://wfrp.ia/resource/reddit/post/1mw00bl,ont_domain_score,global_counts,,2.0,False
1mw00bl,train,2,http://wfrp.ia/resource/reddit/post/1mw00bl,ont_domain_density,global_counts,,0.02857142857142857,True
1mvxvgd,train,2,http://wfrp.ia/resource/reddit/post/1mvxvgd,ont_InteligenciaArtificial_Neutro,ai,http://wfrp.ia/dominio/ciencia-tecnologia#InteligenciaArtificial,1.0,False
1mvxvgd,train,2,http://wfrp.ia/resource/reddit/post/1mvxvgd,ont_has_ontology_elements,global_counts,,1.0,False
1mvxvgd,train,2,http://wfrp.ia/resource/reddit/post/1mvxvgd,ont_count_domain_concepts,global_counts,,2.0,False
1mvxvgd,train,2,http://wfrp.ia/resource/reddit/post/1mvxvgd,ont_total_neutro_mentions,global_counts,,1.0,False
1mvxvgd,train,2,http://wfrp.ia/resource/reddit/post/1mvxvgd,ont_domain_score,global_counts,,1.5,False
1mvxvgd,train,2,http://wfrp.ia/resource/reddit/post/1mvxvgd,ont_domain_density,global_counts,,0.16666666666666666,True
1mx6m9p,train,1,http://wfrp.ia/resource/reddit/post/1mx6m9p,ont_Tecnologia_Neutro,technology,http://wfrp.ia/dominio/ciencia-tecnologia#Tecnologia,1.0,True
1mx6m9p,train,1,http://wfrp.ia/resource/reddit/post/1mx6m9p,ont_has_ontology_elements,global_counts,,1.0,False
1mx6m9p,train,1,http://wfrp.ia/resource/reddit/post/1mx6m9p,ont_count_domain_concepts,global_counts,,1.0,False
1mx6m9p,train,1,http://wfrp.ia/resource/reddit/post/1mx6m9p,ont_total_neutro_mentions,global_counts,,1.0,False
1mx6m9p,train,1,http://wfrp.ia/resource/reddit/post/1mx6m9p,ont_domain_score,global_counts,,1.0,False
1mx6m9p,train,1,http://wfrp.ia/resource/reddit/post/1mx6m9p,ont_domain_density,global_counts,,0.034482758620689655,True
1mx1p2c,train,0,http://wfrp.ia/resource/reddit/post/1mx1p2c,ont_InteligenciaArtificial_Neutro,ai,http://wfrp.ia/dominio/ciencia-tecnologia#InteligenciaArtificial,1.0,False
1mx1p2c,train,0,http://wfrp.ia/resource/reddit/post/1mx1p2c,ont_has_ontology_elements,global_counts,,1.0,False
1mx1p2c,train,0,http://wfrp.ia/resource/reddit/post/1mx1p2c,ont_count_domain_concepts,global_counts,,1.0,False
1mx1p2c,train,0,http://wfrp.ia/resource/reddit/post/1mx1p2c,ont_total_neutro_mentions,global_counts,,1.0,False
1mx1p2c,train,0,http://wfrp.ia/resource/reddit/post/1mx1p2c,ont_domain_score,global_counts,,1.0,False
1mx1p2c,train,0,http://wfrp.ia/resource/reddit/post/1mx1p2c,ont_domain_density,global_counts,,0.1,True
1mvlli1,train,1,http://wfrp.ia/resource/reddit/post/1mvlli1,ont_InteligenciaArtificial_Neutro,ai,http://wfrp.ia/dominio/ciencia-tecnologia#InteligenciaArtificial,1.0,False
1mvlli1,train,1,http://wfrp.ia/resource/reddit/post/1mvlli1,ont_has_ontology_elements,global_counts,,1.0,False
1mvlli1,train,1,http://wfrp.ia/resource/reddit/post/1mvlli1,ont_count_domain_concepts,global_counts,,1.0,False
1mvlli1,train,1,http://wfrp.ia/resource/reddit/post/1mvlli1,ont_total_neutro_mentions,global_counts,,1.0,False
1mvlli1,train,1,http://wfrp.ia/resource/reddit/post/1mvlli1,ont_domain_score,global_counts,,1.0,False
1mvlli1,train,1,http://wfrp.ia/resource/reddit/post/1mvlli1,ont_domain_density,global_counts,,0.1,True
1mw1jbv,train,2,http://wfrp.ia/resource/reddit/post/1mw1jbv,ont_InteligenciaArtificial_Neutro,ai,http://wfrp.ia/dominio/ciencia-tecnologia#InteligenciaArtificial,1.0,False
1mw1jbv,train,2,http://wfrp.ia/resource/reddit/post/1mw1jbv,ont_has_ontology_elements,global_counts,,1.0,False
1mw1jbv,train,2,http://wfrp.ia/resource/reddit/post/1mw1jbv,ont_count_domain_concepts,global_counts,,1.0,False
1mw1jbv,train,2,http://wfrp.ia/resource/reddit/post/1mw1jbv,ont_total_neutro_mentions,global_counts,,1.0,False
1mw1jbv,train,2,http://wfrp.ia/resource/reddit/post/1mw1jbv,ont_domain_score,global_counts,,1.0,False
1mw1jbv,train,2,http://wfrp.ia/resource/reddit/post/1mw1jbv,ont_domain_density,global_counts,,0.09090909090909091,True
1mx68jt,train,2,http://wfrp.ia/resource/reddit/post/1mx68jt,ont_InteligenciaArtificial_Positivo,ai,http://wfrp.ia/dominio/ciencia-tecnologia#InteligenciaArtificial,1.0,False
1mx68jt,train,2,http://wfrp.ia/resource/reddit/post/1mx68jt,ont_Etica_Positivo,ethics,http://wfrp.ia/dominio/ciencia-tecnologia#Etica,1.0,False
1mx68jt,train,2,http://wfrp.ia/resource/reddit/post/1mx68jt,ont_has_ontology_elements,global_counts,,1.0,False
1mx68jt,train,2,http://wfrp.ia/resource/reddit/post/1mx68jt,ont_count_domain_concepts,global_counts,,2.0,False
1mx68jt,train,2,http://wfrp.ia/resource/reddit/post/1mx68jt,ont_total_positivo_mentions,global_counts,,2.0,False
1mx68jt,train,2,http://wfrp.ia/resource/reddit/post/1mx68jt,ont_domain_score,global_counts,,2.0,False
1mx68jt,train,2,http://wfrp.ia/resource/reddit/post/1mx68jt,ont_domain_density,global_counts,,0.2222222222222222,True
1mxa159,train,1,http://wfrp.ia/resource/reddit/post/1mxa159,ont_InteligenciaArtificial_Neutro,ai,http://wfrp.ia/dominio/ciencia-tecnologia#InteligenciaArtificial,1.0,False
1mxa159,train,1,http://wfrp.ia/resource/reddit/post/1mxa159,ont_has_ontology_elements,global_counts,,1.0,False
1mxa159,train,1,http://wfrp.ia/resource/reddit/post/1mxa159,ont_count_domain_concepts,global_counts,,1.0,False
1mxa159,train,1,http://wfrp.ia/resource/reddit/post/1mxa159,ont_total_neutro_mentions,global_counts,,1.0,False
1mxa159,train,1,http://wfrp.ia/resource/reddit/post/1mxa159,ont_domain_score,global_counts,,1.0,False
1mxa159,train,1,http://wfrp.ia/resource/reddit/post/1mxa159,ont_domain_density,global_counts,,0.06666666666666667,True
1mx5v5j,train,1,http://wfrp.ia/resource/reddit/post/1mx5v5j,ont_InteligenciaArtificial_Neutro,ai,http://wfrp.ia/dominio/ciencia-tecnologia#InteligenciaArtificial,1.0,False
1mx5v5j,train,1,http://wfrp.ia/resource/reddit/post/1mx5v5j,ont_has_ontology_elements,global_counts,,1.0,False
1mx5v5j,train,1,http://wfrp.ia/resource/reddit/post/1mx5v5j,ont_count_domain_concepts,global_counts,,1.0,False
1mx5v5j,train,1,http://wfrp.ia/resource/reddit/post/1mx5v5j,ont_total_neutro_mentions,global_counts,,1.0,False
1mx5v5j,train,1,http://wfrp.ia/resource/reddit/post/1mx5v5j,ont_domain_score,global_counts,,1.0,False
1mx5v5j,train,1,http://wfrp.ia/resource/reddit/post/1mx5v5j,ont_domain_density,global_counts,,0.037037037037037035,True
1mwqeds,train,0,http://wfrp.ia/resource/reddit/post/1mwqeds,ont_InteligenciaArtificial_Neutro,ai,http://wfrp.ia/dominio/ciencia-tecnologia#InteligenciaArtificial,1.0,False
1mwqeds,train,0,http://wfrp.ia/resource/reddit/post/1mwqeds,ont_Robot_Neutro,robot,http://wfrp.ia/dominio/ciencia-tecnologia#Robot,1.0,False
1mwqeds,train,0,http://wfrp.ia/resource/reddit/post/1mwqeds,ont_has_ontology_elements,global_counts,,1.0,False
1mwqeds,train,0,http://wfrp.ia/resource/reddit/post/1mwqeds,ont_count_domain_concepts,global_counts,,2.0,False
1mwqeds,train,0,http://wfrp.ia/resource/reddit/post/1mwqeds,ont_total_neutro_mentions,global_counts,,2.0,False
1mwqeds,train,0,http://wfrp.ia/resource/reddit/post/1mwqeds,ont_domain_score,global_counts,,2.0,False
1mwqeds,train,0,http://wfrp.ia/resource/reddit/post/1mwqeds,ont_domain_density,global_counts,,0.14285714285714285,True
1mx6fxi,train,0,http://wfrp.ia/resource/reddit/post/1mx6fxi,ont_InteligenciaArtificial_Positivo,ai,http://wfrp.ia/dominio/ciencia-tecnologia#InteligenciaArtificial,2.0,False
1mx6fxi,train,0,http://wfrp.ia/resource/reddit/post/1mx6fxi,ont_has_ontology_elements,global_counts,,1.0,False
1mx6fxi,train,0,http://wfrp.ia/resource/reddit/post/1mx6fxi,ont_count_domain_concepts,global_counts,,1.0,False
1mx6fxi,train,0,http://wfrp.ia/resource/reddit/post/1mx6fxi,ont_total_positivo_mentions,global_counts,,2.0,False
1mx6fxi,train,0,http://wfrp.ia/resource/reddit/post/1mx6fxi,ont_domain_score,global_counts,,2.0,False
1mx6fxi,train,0,http://wfrp.ia/resource/reddit/post/1mx6fxi,ont_domain_density,global_counts,,0.125,True
1mxevy9,train,2,http://wfrp.ia/resource/reddit/post/1mxevy9,,,,0.0,False
1mvvod6,train,1,http://wfrp.ia/resource/reddit/post/1mvvod6,ont_InteligenciaArtificial_Neutro,ai,http://wfrp.ia/dominio/ciencia-tecnologia#InteligenciaArtificial,1.0,False
1mvvod6,train,1,http://wfrp.ia/resource/reddit/post/1mvvod6,ont_AprendizajeAutomatico_Neutro,ml,http://wfrp.ia/dominio/ciencia-tecnologia#AprendizajeAutomatico,2.0,False
1mvvod6,train,1,http://wfrp.ia/resource/reddit/post/1mvvod6,ont_has_ontology_elements,global_counts,,1.0,False
1mvvod6,train,1,http://wfrp.ia/resource/reddit/post/1mvvod6,ont_count_domain_concepts,global_counts,,2.0,False
1mvvod6,train,1,http://wfrp.ia/resource/reddit/post/1mvvod6,ont_total_neutro_mentions,global_counts,,3.0,False
1mvvod6,train,1,http://wfrp.ia/resource/reddit/post/1mvvod6,ont_domain_score,global_counts,,2.5,False
1mvvod6,train,1,http://wfrp.ia/resource/reddit/post/1mvvod6,ont_domain_density,global_counts,,0.16666666666666666,True
1mx6e3g,train,0,http://wfrp.ia/resource/reddit/post/1mx6e3g,ont_InteligenciaArtificial_Neutro,ai,http://wfrp.ia/dominio/ciencia-tecnologia#InteligenciaArtificial,1.0,False
1mx6e3g,train,0,http://wfrp.ia/resource/reddit/post/1mx6e3g,ont_has_ontology_elements,global_counts,,1.0,False
1mx6e3g,train,0,http://wfrp.ia/resource/reddit/post/1mx6e3g,ont_count_domain_concepts,global_counts,,2.0,False
1mx6e3g,train,0,http://wfrp.ia/resource/reddit/post/1mx6e3g,ont_total_neutro_mentions,global_counts,,1.0,False
1mx6e3g,train,0,http://wfrp.ia/resource/reddit/post/1mx6e3g,ont_domain_score,global_counts,,2.0,False
1mx6e3g,train,0,http://wfrp.ia/resource/reddit/post/1mx6e3g,ont_domain_density,global_counts,,0.13333333333333333,True
1mx6oet,train,0,http://wfrp.ia/resource/reddit/post/1mx6oet,ont_InteligenciaArtificial_Neutro,ai,http://wfrp.ia/dominio/ciencia-tecnologia#InteligenciaArtificial,2.0,False
1mx6oet,train,0,http://wfrp.ia/resource/reddit/post/1mx6oet,ont_Robot_Neutro,robot,http://wfrp.ia/dominio/ciencia-tecnologia#Robot,2.0,False
1mx6oet,train,0,http://wfrp.ia/resource/reddit/post/1mx6oet,ont_has_ontology_elements,global_counts,,1.0,False
1mx6oet,train,0,http://wfrp.ia/resource/reddit/post/1mx6oet,ont_count_domain_concepts,global_counts,,2.0,False
1mx6oet,train,0,http://wfrp.ia/resource/reddit/post/1mx6oet,ont_total_neutro_mentions,global_counts,,4.0,False
1mx6oet,train,0,http://wfrp.ia/resource/reddit/post/1mx6oet,ont_domain_score,global_counts,,3.0,False
1mx6oet,train,0,http://wfrp.ia/resource/reddit/post/1mx6oet,ont_domain_density,global_counts,,0.06896551724137931,True
1mwyenu,train,2,http://wfrp.ia/resource/reddit/post/1mwyenu,ont_Tecnologia_Neutro,technology,http://wfrp.ia/dominio/ciencia-tecnologia#Tecnologia,1.0,True
1mwyenu,train,2,http://wfrp.ia/resource/reddit/post/1mwyenu,ont_has_ontology_elements,global_counts,,1.0,False
1mwyenu,train,2,http://wfrp.ia/resource/reddit/post/1mwyenu,ont_count_domain_concepts,global_counts,,1.0,False
1mwyenu,train,2,http://wfrp.ia/resource/reddit/post/1mwyenu,ont_total_neutro_mentions,global_counts,,1.0,False
1mwyenu,train,2,http://wfrp.ia/resource/reddit/post/1mwyenu,ont_domain_score,global_counts,,1.0,False
1mwyenu,train,2,http://wfrp.ia/resource/reddit/post/1mwyenu,ont_domain_density,global_counts,,0.034482758620689655,True
1mx3h29,train,1,http://wfrp.ia/resource/reddit/post/1mx3h29,ont_Datos_Neutro,data,http://wfrp.ia/dominio/ciencia-tecnologia#Datos,1.0,False
1mx3h29,train,1,http://wfrp.ia/resource/reddit/post/1mx3h29,ont_has_ontology_elements,global_counts,,1.0,False
1mx3h29,train,1,http://wfrp.ia/resource/reddit/post/1mx3h29,ont_count_domain_concepts,global_counts,,1.0,False
1mx3h29,train,1,http://wfrp.ia/resource/reddit/post/1mx3h29,ont_total_neutro_mentions,global_counts,,1.0,False
1mx3h29,train,1,http://wfrp.ia/resource/reddit/post/1mx3h29,ont_domain_score,global_counts,,1.0,False
1mx3h29,train,1,http://wfrp.ia/resource/reddit/post/1mx3h29,ont_domain_density,global_counts,,0.034482758620689655,True
1mvwth2,train,1,http://wfrp.ia/resource/reddit/post/1mvwth2,ont_Datos_Neutro,data,http://wfrp.ia/dominio/ciencia-tecnologia#Datos,1.0,False
1mvwth2,train,1,http://wfrp.ia/resource/reddit/post/1mvwth2,ont_has_ontology_elements,global_counts,,1.0,False
1mvwth2,train,1,http://wfrp.ia/resource/reddit/post/1mvwth2,ont_count_domain_concepts,global_counts,,1.0,False
1mvwth2,train,1,http://wfrp.ia/resource/reddit/post/1mvwth2,ont_total_neutro_mentions,global_counts,,1.0,False
1mvwth2,train,1,http://wfrp.ia/resource/reddit/post/1mvwth2,ont_domain_score,global_counts,,1.0,False
1mvwth2,train,1,http://wfrp.ia/resource/reddit/post/1mvwth2,ont_domain_density,global_counts,,0.07692307692307693,True
1mvyu15,train,2,http://wfrp.ia/resource/reddit/post/1mvyu15,ont_InteligenciaArtificial_Neutro,ai,http://wfrp.ia/dominio/ciencia-tecnologia#InteligenciaArtificial,1.0,False
1mvyu15,train,2,http://wfrp.ia/resource/reddit/post/1mvyu15,ont_has_ontology_elements,global_counts,,1.0,False
1mvyu15,train,2,http://wfrp.ia/resource/reddit/post/1mvyu15,ont_count_domain_concepts,global_counts,,1.0,False
1mvyu15,train,2,http://wfrp.ia/resource/reddit/post/1mvyu15,ont_total_neutro_mentions,global_counts,,1.0,False
1mvyu15,train,2,http://wfrp.ia/resource/reddit/post/1mvyu15,ont_domain_score,global_counts,,0.5,False
1mvyu15,train,2,http://wfrp.ia/resource/reddit/post/1mvyu15,ont_domain_density,global_counts,,0.06666666666666667,True
1mx2eqg,train,1,http://wfrp.ia/resource/reddit/post/1mx2eqg,ont_InteligenciaArtificial_Neutro,ai,http://wfrp.ia/dominio/ciencia-tecnologia#InteligenciaArtificial,1.0,False
1mx2eqg,train,1,http://wfrp.ia/resource/reddit/post/1mx2eqg,ont_has_ontology_elements,global_counts,,1.0,False
1mx2eqg,train,1,http://wfrp.ia/resource/reddit/post/1mx2eqg,ont_count_domain_concepts,global_counts,,1.0,False
1mx2eqg,train,1,http://wfrp.ia/resource/reddit/post/1mx2eqg,ont_total_neutro_mentions,global_counts,,1.0,False
1mx2eqg,train,1,http://wfrp.ia/resource/reddit/post/1mx2eqg,ont_domain_score,global_counts,,1.0,False
1mx2eqg,train,1,http://wfrp.ia/resource/reddit/post/1mx2eqg,ont_domain_density,global_counts,,0.05263157894736842,True
1mvob1p,train,1,http://wfrp.ia/resource/reddit/post/1mvob1p,ont_InteligenciaArtificial_Neutro,ai,http://wfrp.ia/dominio/ciencia-tecnologia#InteligenciaArtificial,1.0,False
1mvob1p,train,1,http://wfrp.ia/resource/reddit/post/1mvob1p,ont_has_ontology_elements,global_counts,,1.0,False
1mvob1p,train,1,http://wfrp.ia/resource/reddit/post/1mvob1p,ont_count_domain_concepts,global_counts,,1.0,False
1mvob1p,train,1,http://wfrp.ia/resource/reddit/post/1mvob1p,ont_total_neutro_mentions,global_counts,,1.0,False
1mvob1p,train,1,http://wfrp.ia/resource/reddit/post/1mvob1p,ont_domain_score,global_counts,,2.5,False
1mvob1p,train,1,http://wfrp.ia/resource/reddit/post/1mvob1p,ont_domain_density,global_counts,,0.09090909090909091,True
1mwqdmh,train,1,http://wfrp.ia/resource/reddit/post/1mwqdmh,ont_InteligenciaArtificial_Neutro,ai,http://wfrp.ia/dominio/ciencia-tecnologia#InteligenciaArtificial,2.0,False
1mwqdmh,train,1,http://wfrp.ia/resource/reddit/post/1mwqdmh,ont_has_ontology_elements,global_counts,,1.0,False
1mwqdmh,train,1,http://wfrp.ia/resource/reddit/post/1mwqdmh,ont_count_domain_concepts,global_counts,,1.0,False
1mwqdmh,train,1,http://wfrp.ia/resource/reddit/post/1mwqdmh,ont_total_neutro_mentions,global_counts,,2.0,False
1mwqdmh,train,1,http://wfrp.ia/resource/reddit/post/1mwqdmh,ont_domain_score,global_counts,,2.0,False
1mwqdmh,train,1,http://wfrp.ia/resource/reddit/post/1mwqdmh,ont_domain_density,global_counts,,0.1,True
1mx53io,train,2,http://wfrp.ia/resource/reddit/post/1mx53io,ont_InteligenciaArtificial_Neutro,ai,http://wfrp.ia/dominio/ciencia-tecnologia#InteligenciaArtificial,1.0,False
1mx53io,train,2,http://wfrp.ia/resource/reddit/post/1mx53io,ont_has_ontology_elements,global_counts,,1.0,False
1mx53io,train,2,http://wfrp.ia/resource/reddit/post/1mx53io,ont_count_domain_concepts,global_counts,,1.0,False
1mx53io,train,2,http://wfrp.ia/resource/reddit/post/1mx53io,ont_total_neutro_mentions,global_counts,,1.0,False
1mx53io,train,2,http://wfrp.ia/resource/reddit/post/1mx53io,ont_domain_score,global_counts,,1.0,False
1mx53io,train,2,http://wfrp.ia/resource/reddit/post/1mx53io,ont_domain_density,global_counts,,0.07692307692307693,True
1n0kjl5,train,1,http://wfrp.ia/resource/reddit/post/1n0kjl5,ont_has_ontology_elements,global_counts,,1.0,False
1n0kjl5,train,1,http://wfrp.ia/resource/reddit/post/1n0kjl5,ont_count_domain_concepts,global_counts,,1.0,False
1n0kjl5,train,1,http://wfrp.ia/resource/reddit/post/1n0kjl5,ont_domain_score,global_counts,,1.0,False
1n0kjl5,train,1,http://wfrp.ia/resource/reddit/post/1n0kjl5,ont_domain_density,global_counts,,0.0025974025974025974,True
1mzq0ky,train,0,http://wfrp.ia/resource/reddit/post/1mzq0ky,ont_has_ontology_elements,global_counts,,1.0,False
1n2pecx,train,2,http://wfrp.ia/resource/reddit/post/1n2pecx,ont_Tecnologia_Neutro,technology,http://wfrp.ia/dominio/ciencia-tecnologia#Tecnologia,1.0,True
1n2pecx,train,2,http://wfrp.ia/resource/reddit/post/1n2pecx,ont_has_ontology_elements,global_counts,,1.0,False
1n2pecx,train,2,http://wfrp.ia/resource/reddit/post/1n2pecx,ont_count_domain_concepts,global_counts,,1.0,False
1n2pecx,train,2,http://wfrp.ia/resource/reddit/post/1n2pecx,ont_total_neutro_mentions,global_counts,,1.0,False
1n2pecx,train,2,http://wfrp.ia/resource/reddit/post/1n2pecx,ont_domain_score,global_counts,,1.0,False
1n2pecx,train,2,http://wfrp.ia/resource/reddit/post/1n2pecx,ont_domain_density,global_counts,,0.09090909090909091,True
1n3i990,train,0,http://wfrp.ia/resource/reddit/post/1n3i990,ont_InteligenciaArtificial_Neutro,ai,http://wfrp.ia/dominio/ciencia-tecnologia#InteligenciaArtificial,1.0,False
1n3i990,train,0,http://wfrp.ia/resource/reddit/post/1n3i990,ont_has_ontology_elements,global_counts,,1.0,False
1n3i990,train,0,http://wfrp.ia/resource/reddit/post/1n3i990,ont_count_domain_concepts,global_counts,,1.0,False
1n3i990,train,0,http://wfrp.ia/resource/reddit/post/1n3i990,ont_total_neutro_mentions,global_counts,,1.0,False
1n3i990,train,0,http://wfrp.ia/resource/reddit/post/1n3i990,ont_domain_score,global_counts,,1.0,False
1n3i990,train,0,http://wfrp.ia/resource/reddit/post/1n3i990,ont_domain_density,global_counts,,0.09090909090909091,True
1n41vj2,train,1,http://wfrp.ia/resource/reddit/post/1n41vj2,ont_Datos_Positivo,data,http://wfrp.ia/dominio/ciencia-tecnologia#Datos,1.0,False
1n41vj2,train,1,http://wfrp.ia/resource/reddit/post/1n41vj2,ont_Datos_Neutro,data,http://wfrp.ia/dominio/ciencia-tecnologia#Datos,1.0,False
1n41vj2,train,1,http://wfrp.ia/resource/reddit/post/1n41vj2,ont_has_ontology_elements,global_counts,,1.0,False
1n41vj2,train,1,http://wfrp.ia/resource/reddit/post/1n41vj2,ont_count_domain_concepts,global_counts,,1.0,False
1n41vj2,train,1,http://wfrp.ia/resource/reddit/post/1n41vj2,ont_total_positivo_mentions,global_counts,,1.0,False
1n41vj2,train,1,http://wfrp.ia/resource/reddit/post/1n41vj2,ont_total_neutro_mentions,global_counts,,1.0,False
1n41vj2,train,1,http://wfrp.ia/resource/reddit/post/1n41vj2,ont_domain_score,global_counts,,1.0,False
1n41vj2,train,1,http://wfrp.ia/resource/reddit/post/1n41vj2,ont_domain_density,global_counts,,0.08333333333333333,True
1n4256u,train,2,http://wfrp.ia/resource/reddit/post/1n4256u,ont_InteligenciaArtificial_Neutro,ai,http://wfrp.ia/dominio/ciencia-tecnologia#InteligenciaArtificial,1.0,False
1n4256u,train,2,http://wfrp.ia/resource/reddit/post/1n4256u,ont_Tecnologia_Neutro,technology,http://wfrp.ia/dominio/ciencia-tecnologia#Tecnologia,1.0,True
1n4256u,train,2,http://wfrp.ia/resource/reddit/post/1n4256u,ont_Datos_Neutro,data,http://wfrp.ia/dominio/ciencia-tecnologia#Datos,1.0,False
1n4256u,train,2,http://wfrp.ia/resource/reddit/post/1n4256u,ont_Etica_Positivo,ethics,http://wfrp.ia/dominio/ciencia-tecnologia#Etica,1.0,False
1n4256u,train,2,http://wfrp.ia/resource/reddit/post/1n4256u,ont_Etica_Neutro,ethics,http://wfrp.ia/dominio/ciencia-tecnologia#Etica,1.0,False
1n4256u,train,2,http://wfrp.ia/resource/reddit/post/1n4256u,ont_has_ontology_elements,global_counts,,1.0,False
1n4256u,train,2,http://wfrp.ia/resource/reddit/post/1n4256u,ont_count_domain_concepts,global_counts,,5.0,False
1n4256u,train,2,http://wfrp.ia/resource/reddit/post/1n4256u,ont_total_positivo_mentions,global_counts,,1.0,False
1n4256u,train,2,http://wfrp.ia/resource/reddit/post/1n4256u,ont_total_neutro_mentions,global_counts,,4.0,False
1n4256u,train,2,http://wfrp.ia/resource/reddit/post/1n4256u,ont_domain_score,global_counts,,6.0,False
1n4256u,train,2,http://wfrp.ia/resource/reddit/post/1n4256u,ont_domain_density,global_counts,,0.008077544426494346,True
1n0q3d8,train,1,http://wfrp.ia/resource/reddit/post/1n0q3d8,ont_InteligenciaArtificial_Neutro,ai,http://wfrp.ia/dominio/ciencia-tecnologia#InteligenciaArtificial,1.0,False
1n0q3d8,train,1,http://wfrp.ia/resource/reddit/post/1n0q3d8,ont_Futuro_Neutro,future,http://wfrp.ia/dominio/ciencia-tecnologia#Futuro,1.0,False
1n0q3d8,train,1,http://wfrp.ia/resource/reddit/post/1n0q3d8,ont_has_ontology_elements,global_counts,,1.0,False
1n0q3d8,train,1,http://wfrp.ia/resource/reddit/post/1n0q3d8,ont_count_domain_concepts,global_counts,,2.0,False
1n0q3d8,train,1,http://wfrp.ia/resource/reddit/post/1n0q3d8,ont_total_neutro_mentions,global_counts,,2.0,False
1n0q3d8,train,1,http://wfrp.ia/resource/reddit/post/1n0q3d8,ont_domain_score,global_counts,,2.0,False
1n0q3d8,train,1,http://wfrp.ia/resource/reddit/post/1n0q3d8,ont_domain_density,global_counts,,0.13333333333333333,True
1n1rnwi,train,2,http://wfrp.ia/resource/reddit/post/1n1rnwi,ont_InteligenciaArtificial_Neutro,ai,http://wfrp.ia/dominio/ciencia-tecnologia#InteligenciaArtificial,1.0,False
1n1rnwi,train,2,http://wfrp.ia/resource/reddit/post/1n1rnwi,ont_has_ontology_elements,global_counts,,1.0,False
1n1rnwi,train,2,http://wfrp.ia/resource/reddit/post/1n1rnwi,ont_count_domain_concepts,global_counts,,1.0,False
1n1rnwi,train,2,http://wfrp.ia/resource/reddit/post/1n1rnwi,ont_total_neutro_mentions,global_counts,,1.0,False
1n1rnwi,train,2,http://wfrp.ia/resource/reddit/post/1n1rnwi,ont_domain_score,global_counts,,2.0,False
1n1rnwi,train,2,http://wfrp.ia/resource/reddit/post/1n1rnwi,ont_domain_density,global_counts,,0.043478260869565216,True
1n3g8m3,train,2,http://wfrp.ia/resource/reddit/post/1n3g8m3,ont_InteligenciaArtificial_Neutro,ai,http://wfrp.ia/dominio/ciencia-tecnologia#InteligenciaArtificial,1.0,False
1n3g8m3,train,2,http://wfrp.ia/resource/reddit/post/1n3g8m3,ont_has_ontology_elements,global_counts,,1.0,False
1n3g8m3,train,2,http://wfrp.ia/resource/reddit/post/1n3g8m3,ont_count_domain_concepts,global_counts,,1.0,False
1n3g8m3,train,2,http://wfrp.ia/resource/reddit/post/1n3g8m3,ont_total_neutro_mentions,global_counts,,1.0,False
1n3g8m3,train,2,http://wfrp.ia/resource/reddit/post/1n3g8m3,ont_domain_score,global_counts,,1.0,False
1n3g8m3,train,2,http://wfrp.ia/resource/reddit/post/1n3g8m3,ont_domain_density,global_counts,,0.06666666666666667,True
1mz1lb4,train,1,http://wfrp.ia/resource/reddit/post/1mz1lb4,ont_InteligenciaArtificial_Neutro,ai,http://wfrp.ia/dominio/ciencia-tecnologia#InteligenciaArtificial,1.0,False
1mz1lb4,train,1,http://wfrp.ia/resource/reddit/post/1mz1lb4,ont_has_ontology_elements,global_counts,,1.0,False
1mz1lb4,train,1,http://wfrp.ia/resource/reddit/post/1mz1lb4,ont_count_domain_concepts,global_counts,,1.0,False
1mz1lb4,train,1,http://wfrp.ia/resource/reddit/post/1mz1lb4,ont_total_neutro_mentions,global_counts,,1.0,False
1mz1lb4,train,1,http://wfrp.ia/resource/reddit/post/1mz1lb4,ont_domain_score,global_counts,,1.0,False
1mz1lb4,train,1,http://wfrp.ia/resource/reddit/post/1mz1lb4,ont_domain_density,global_counts,,0.125,True
1mytws2,train,0,http://wfrp.ia/resource/reddit/post/1mytws2,ont_InteligenciaArtificial_Neutro,ai,http://wfrp.ia/dominio/ciencia-tecnologia#InteligenciaArtificial,1.0,False
1mytws2,train,0,http://wfrp.ia/resource/reddit/post/1mytws2,ont_has_ontology_elements,global_counts,,1.0,False
1mytws2,train,0,http://wfrp.ia/resource/reddit/post/1mytws2,ont_count_domain_concepts,global_counts,,1.0,False
1mytws2,train,0,http://wfrp.ia/resource/reddit/post/1mytws2,ont_total_neutro_mentions,global_counts,,1.0,False
1mytws2,train,0,http://wfrp.ia/resource/reddit/post/1mytws2,ont_domain_score,global_counts,,1.0,False
1mytws2,train,0,http://wfrp.ia/resource/reddit/post/1mytws2,ont_domain_density,global_counts,,0.1111111111111111,True
1mqqvlp,train,1,http://wfrp.ia/resource/reddit/post/1mqqvlp,,,,0.0,False
1mr7lok,train,2,http://wfrp.ia/resource/reddit/post/1mr7lok,ont_has_ontology_elements,global_counts,,1.0,False
1mru22r,train,1,http://wfrp.ia/resource/reddit/post/1mru22r,ont_InteligenciaArtificial_Neutro,ai,http://wfrp.ia/dominio/ciencia-tecnologia#InteligenciaArtificial,1.0,False
1mru22r,train,1,http://wfrp.ia/resource/reddit/post/1mru22r,ont_Tecnologia_Neutro,technology,http://wfrp.ia/dominio/ciencia-tecnologia#Tecnologia,1.0,True
1mru22r,train,1,http://wfrp.ia/resource/reddit/post/1mru22r,ont_has_ontology_elements,global_counts,,1.0,False
1mru22r,train,1,http://wfrp.ia/resource/reddit/post/1mru22r,ont_count_domain_concepts,global_counts,,2.0,False
1mru22r,train,1,http://wfrp.ia/resource/reddit/post/1mru22r,ont_total_neutro_mentions,global_counts,,2.0,False
1mru22r,train,1,http://wfrp.ia/resource/reddit/post/1mru22r,ont_domain_score,global_counts,,2.0,False
1mru22r,train,1,http://wfrp.ia/resource/reddit/post/1mru22r,ont_domain_density,global_counts,,0.18181818181818182,True
1mrsa7v,train,0,http://wfrp.ia/resource/reddit/post/1mrsa7v,ont_InteligenciaArtificial_Neutro,ai,http://wfrp.ia/dominio/ciencia-tecnologia#InteligenciaArtificial,1.0,False
1mrsa7v,train,0,http://wfrp.ia/resource/reddit/post/1mrsa7v,ont_has_ontology_elements,global_counts,,1.0,False
1mrsa7v,train,0,http://wfrp.ia/resource/reddit/post/1mrsa7v,ont_count_domain_concepts,global_counts,,1.0,False
1mrsa7v,train,0,http://wfrp.ia/resource/reddit/post/1mrsa7v,ont_total_neutro_mentions,global_counts,,1.0,False
1mrsa7v,train,0,http://wfrp.ia/resource/reddit/post/1mrsa7v,ont_domain_score,global_counts,,1.0,False
1mrsa7v,train,0,http://wfrp.ia/resource/reddit/post/1mrsa7v,ont_domain_density,global_counts,,0.03225806451612903,True
1mqzciz,train,1,http://wfrp.ia/resource/reddit/post/1mqzciz,ont_InteligenciaArtificial_Neutro,ai,http://wfrp.ia/dominio/ciencia-tecnologia#InteligenciaArtificial,1.0,False
1mqzciz,train,1,http://wfrp.ia/resource/reddit/post/1mqzciz,ont_has_ontology_elements,global_counts,,1.0,False
1mqzciz,train,1,http://wfrp.ia/resource/reddit/post/1mqzciz,ont_count_domain_concepts,global_counts,,1.0,False
1mqzciz,train,1,http://wfrp.ia/resource/reddit/post/1mqzciz,ont_total_neutro_mentions,global_counts,,1.0,False
1mqzciz,train,1,http://wfrp.ia/resource/reddit/post/1mqzciz,ont_domain_score,global_counts,,1.0,False
1mqzciz,train,1,http://wfrp.ia/resource/reddit/post/1mqzciz,ont_domain_density,global_counts,,0.02857142857142857,True
1ms4t9k,train,0,http://wfrp.ia/resource/reddit/post/1ms4t9k,ont_InteligenciaArtificial_Neutro,ai,http://wfrp.ia/dominio/ciencia-tecnologia#InteligenciaArtificial,1.0,False
1ms4t9k,train,0,http://wfrp.ia/resource/reddit/post/1ms4t9k,ont_Tecnologia_Neutro,technology,http://wfrp.ia/dominio/ciencia-tecnologia#Tecnologia,1.0,True
1ms4t9k,train,0,http://wfrp.ia/resource/reddit/post/1ms4t9k,ont_has_ontology_elements,global_counts,,1.0,False
1ms4t9k,train,0,http://wfrp.ia/resource/reddit/post/1ms4t9k,ont_count_domain_concepts,global_counts,,2.0,False
1ms4t9k,train,0,http://wfrp.ia/resource/reddit/post/1ms4t9k,ont_total_neutro_mentions,global_counts,,2.0,False
1ms4t9k,train,0,http://wfrp.ia/resource/reddit/post/1ms4t9k,ont_domain_score,global_counts,,2.0,False
1ms4t9k,train,0,http://wfrp.ia/resource/reddit/post/1ms4t9k,ont_domain_density,global_counts,,0.25,True
1mq8408,train,0,http://wfrp.ia/resource/reddit/post/1mq8408,,,,0.0,False
1mqst27,train,2,http://wfrp.ia/resource/reddit/post/1mqst27,,,,0.0,False
1mrhygk,train,0,http://wfrp.ia/resource/reddit/post/1mrhygk,ont_InteligenciaArtificial_Neutro,ai,http://wfrp.ia/dominio/ciencia-tecnologia#InteligenciaArtificial,1.0,False
1mrhygk,train,0,http://wfrp.ia/resource/reddit/post/1mrhygk,ont_Robot_Neutro,robot,http://wfrp.ia/dominio/ciencia-tecnologia#Robot,1.0,False
1mrhygk,train,0,http://wfrp.ia/resource/reddit/post/1mrhygk,ont_has_ontology_elements,global_counts,,1.0,False
1mrhygk,train,0,http://wfrp.ia/resource/reddit/post/1mrhygk,ont_count_domain_concepts,global_counts,,2.0,False
1mrhygk,train,0,http://wfrp.ia/resource/reddit/post/1mrhygk,ont_total_neutro_mentions,global_counts,,2.0,False
1mrhygk,train,0,http://wfrp.ia/resource/reddit/post/1mrhygk,ont_domain_score,global_counts,,2.0,False
1mrhygk,train,0,http://wfrp.ia/resource/reddit/post/1mrhygk,ont_domain_density,global_counts,,0.14285714285714285,True
1mrkqqv,train,2,http://wfrp.ia/resource/reddit/post/1mrkqqv,ont_has_ontology_elements,global_counts,,1.0,False
1mqtgtq,train,1,http://wfrp.ia/resource/reddit/post/1mqtgtq,,,,0.0,False
1mqtf5j,train,2,http://wfrp.ia/resource/reddit/post/1mqtf5j,,,,0.0,False
1mqtp2w,train,1,http://wfrp.ia/resource/reddit/post/1mqtp2w,ont_AprendizajeAutomatico_Neutro,ml,http://wfrp.ia/dominio/ciencia-tecnologia#AprendizajeAutomatico,1.0,False
1mqtp2w,train,1,http://wfrp.ia/resource/reddit/post/1mqtp2w,ont_has_ontology_elements,global_counts,,1.0,False
1mqtp2w,train,1,http://wfrp.ia/resource/reddit/post/1mqtp2w,ont_count_domain_concepts,global_counts,,1.0,False
1mqtp2w,train,1,http://wfrp.ia/resource/reddit/post/1mqtp2w,ont_total_neutro_mentions,global_counts,,1.0,False
1mqtp2w,train,1,http://wfrp.ia/resource/reddit/post/1mqtp2w,ont_domain_score,global_counts,,1.5,False
1mqtp2w,train,1,http://wfrp.ia/resource/reddit/post/1mqtp2w,ont_domain_density,global_counts,,0.14285714285714285,True
1mrdhj3,train,2,http://wfrp.ia/resource/reddit/post/1mrdhj3,ont_InteligenciaArtificial_Neutro,ai,http://wfrp.ia/dominio/ciencia-tecnologia#InteligenciaArtificial,1.0,False
1mrdhj3,train,2,http://wfrp.ia/resource/reddit/post/1mrdhj3,ont_has_ontology_elements,global_counts,,1.0,False
1mrdhj3,train,2,http://wfrp.ia/resource/reddit/post/1mrdhj3,ont_count_domain_concepts,global_counts,,1.0,False
1mrdhj3,train,2,http://wfrp.ia/resource/reddit/post/1mrdhj3,ont_total_neutro_mentions,global_counts,,1.0,False
1mrdhj3,train,2,http://wfrp.ia/resource/reddit/post/1mrdhj3,ont_domain_score,global_counts,,1.0,False
1mrdhj3,train,2,http://wfrp.ia/resource/reddit/post/1mrdhj3,ont_domain_density,global_counts,,0.03125,True
1mrut42,train,1,http://wfrp.ia/resource/reddit/post/1mrut42,ont_InteligenciaArtificial_Neutro,ai,http://wfrp.ia/dominio/ciencia-tecnologia#InteligenciaArtificial,1.0,False
1mrut42,train,1,http://wfrp.ia/resource/reddit/post/1mrut42,ont_has_ontology_elements,global_counts,,1.0,False
1mrut42,train,1,http://wfrp.ia/resource/reddit/post/1mrut42,ont_count_domain_concepts,global_counts,,1.0,False
1mrut42,train,1,http://wfrp.ia/resource/reddit/post/1mrut42,ont_total_neutro_mentions,global_counts,,1.0,False
1mrut42,train,1,http://wfrp.ia/resource/reddit/post/1mrut42,ont_domain_score,global_counts,,1.0,False
1mrut42,train,1,http://wfrp.ia/resource/reddit/post/1mrut42,ont_domain_density,global_counts,,0.08333333333333333,True
1mqre16,train,2,http://wfrp.ia/resource/reddit/post/1mqre16,ont_has_ontology_elements,global_counts,,1.0,False
1mrzdb9,train,2,http://wfrp.ia/resource/reddit/post/1mrzdb9,ont_Tecnologia_Neutro,technology,http://wfrp.ia/dominio/ciencia-tecnologia#Tecnologia,1.0,True
1mrzdb9,train,2,http://wfrp.ia/resource/reddit/post/1mrzdb9,ont_has_ontology_elements,global_counts,,1.0,False
1mrzdb9,train,2,http://wfrp.ia/resource/reddit/post/1mrzdb9,ont_count_domain_concepts,global_counts,,1.0,False
1mrzdb9,train,2,http://wfrp.ia/resource/reddit/post/1mrzdb9,ont_total_neutro_mentions,global_counts,,1.0,False
1mrzdb9,train,2,http://wfrp.ia/resource/reddit/post/1mrzdb9,ont_domain_score,global_counts,,1.0,False
1mrzdb9,train,2,http://wfrp.ia/resource/reddit/post/1mrzdb9,ont_domain_density,global_counts,,0.08333333333333333,True
1mrkzle,train,1,http://wfrp.ia/resource/reddit/post/1mrkzle,ont_InteligenciaArtificial_Neutro,ai,http://wfrp.ia/dominio/ciencia-tecnologia#InteligenciaArtificial,1.0,False
1mrkzle,train,1,http://wfrp.ia/resource/reddit/post/1mrkzle,ont_Robot_Neutro,robot,http://wfrp.ia/dominio/ciencia-tecnologia#Robot,1.0,False
1mrkzle,train,1,http://wfrp.ia/resource/reddit/post/1mrkzle,ont_has_ontology_elements,global_counts,,1.0,False
1mrkzle,train,1,http://wfrp.ia/resource/reddit/post/1mrkzle,ont_count_domain_concepts,global_counts,,2.0,False
1mrkzle,train,1,http://wfrp.ia/resource/reddit/post/1mrkzle,ont_total_neutro_mentions,global_counts,,2.0,False
1mrkzle,train,1,http://wfrp.ia/resource/reddit/post/1mrkzle,ont_domain_score,global_counts,,2.0,False
1mrkzle,train,1,http://wfrp.ia/resource/reddit/post/1mrkzle,ont_domain_density,global_counts,,0.125,True
1mqyv3c,train,1,http://wfrp.ia/resource/reddit/post/1mqyv3c,,,,0.0,False
1mrg6s6,train,0,http://wfrp.ia/resource/reddit/post/1mrg6s6,ont_InteligenciaArtificial_Neutro,ai,http://wfrp.ia/dominio/ciencia-tecnologia#InteligenciaArtificial,1.0,False
1mrg6s6,train,0,http://wfrp.ia/resource/reddit/post/1mrg6s6,ont_has_ontology_elements,global_counts,,1.0,False
1mrg6s6,train,0,http://wfrp.ia/resource/reddit/post/1mrg6s6,ont_count_domain_concepts,global_counts,,1.0,False
1mrg6s6,train,0,http://wfrp.ia/resource/reddit/post/1mrg6s6,ont_total_neutro_mentions,global_counts,,1.0,False
1mrg6s6,train,0,http://wfrp.ia/resource/reddit/post/1mrg6s6,ont_domain_score,global_counts,,1.0,False
1mrg6s6,train,0,http://wfrp.ia/resource/reddit/post/1mrg6s6,ont_domain_density,global_counts,,0.1,True
1mqz8ce,train,2,http://wfrp.ia/resource/reddit/post/1mqz8ce,,,,0.0,False
1ms6tx8,train,1,http://wfrp.ia/resource/reddit/post/1ms6tx8,ont_has_ontology_elements,global_counts,,1.0,False
1mr667z,train,2,http://wfrp.ia/resource/reddit/post/1mr667z,ont_has_ontology_elements,global_counts,,1.0,False
1mr667z,train,2,http://wfrp.ia/resource/reddit/post/1mr667z,ont_count_domain_concepts,global_counts,,1.0,False
1mr667z,train,2,http://wfrp.ia/resource/reddit/post/1mr667z,ont_domain_score,global_counts,,1.0,False
1mr667z,train,2,http://wfrp.ia/resource/reddit/post/1mr667z,ont_domain_density,global_counts,,0.03571428571428571,True
1nfebin,train,2,http://wfrp.ia/resource/reddit/post/1nfebin,ont_InteligenciaArtificial_Neutro,ai,http://wfrp.ia/dominio/ciencia-tecnologia#InteligenciaArtificial,1.0,False
1nfebin,train,2,http://wfrp.ia/resource/reddit/post/1nfebin,ont_has_ontology_elements,global_counts,,1.0,False
1nfebin,train,2,http://wfrp.ia/resource/reddit/post/1nfebin,ont_count_domain_concepts,global_counts,,1.0,False
1nfebin,train,2,http://wfrp.ia/resource/reddit/post/1nfebin,ont_total_neutro_mentions,global_counts,,1.0,False
1nfebin,train,2,http://wfrp.ia/resource/reddit/post/1nfebin,ont_domain_score,global_counts,,0.5,False
1nfebin,train,2,http://wfrp.ia/resource/reddit/post/1nfebin,ont_domain_density,global_counts,,0.0070921985815602835,True
1mw2zto,train,2,http://wfrp.ia/resource/reddit/post/1mw2zto,ont_InteligenciaArtificial_Neutro,ai,http://wfrp.ia/dominio/ciencia-tecnologia#InteligenciaArtificial,1.0,False
1mw2zto,train,2,http://wfrp.ia/resource/reddit/post/1mw2zto,ont_has_ontology_elements,global_counts,,1.0,False
1mw2zto,train,2,http://wfrp.ia/resource/reddit/post/1mw2zto,ont_count_domain_concepts,global_counts,,2.0,False
1mw2zto,train,2,http://wfrp.ia/resource/reddit/post/1mw2zto,ont_total_neutro_mentions,global_counts,,1.0,False
1mw2zto,train,2,http://wfrp.ia/resource/reddit/post/1mw2zto,ont_domain_score,global_counts,,1.5,False
1mw2zto,train,2,http://wfrp.ia/resource/reddit/post/1mw2zto,ont_domain_density,global_counts,,0.002805049088359046,True
1mlrj2e,train,1,http://wfrp.ia/resource/reddit/post/1mlrj2e,ont_Datos_Neutro,data,http://wfrp.ia/dominio/ciencia-tecnologia#Datos,1.0,False
1mlrj2e,train,1,http://wfrp.ia/resource/reddit/post/1mlrj2e,ont_has_ontology_elements,global_counts,,1.0,False
1mlrj2e,train,1,http://wfrp.ia/resource/reddit/post/1mlrj2e,ont_count_domain_concepts,global_counts,,3.0,False
1mlrj2e,train,1,http://wfrp.ia/resource/reddit/post/1mlrj2e,ont_total_neutro_mentions,global_counts,,1.0,False
1mlrj2e,train,1,http://wfrp.ia/resource/reddit/post/1mlrj2e,ont_domain_score,global_counts,,3.0,False
1mlrj2e,train,1,http://wfrp.ia/resource/reddit/post/1mlrj2e,ont_domain_density,global_counts,,0.02830188679245283,True
1n7jwud,train,2,http://wfrp.ia/resource/reddit/post/1n7jwud,ont_has_ontology_elements,global_counts,,1.0,False
1n8am13,train,2,http://wfrp.ia/resource/reddit/post/1n8am13,ont_Datos_Neutro,data,http://wfrp.ia/dominio/ciencia-tecnologia#Datos,1.0,False
1n8am13,train,2,http://wfrp.ia/resource/reddit/post/1n8am13,ont_has_ontology_elements,global_counts,,1.0,False
1n8am13,train,2,http://wfrp.ia/resource/reddit/post/1n8am13,ont_count_domain_concepts,global_counts,,1.0,False
1n8am13,train,2,http://wfrp.ia/resource/reddit/post/1n8am13,ont_total_neutro_mentions,global_counts,,1.0,False
1n8am13,train,2,http://wfrp.ia/resource/reddit/post/1n8am13,ont_domain_score,global_counts,,1.0,False
1n8am13,train,2,http://wfrp.ia/resource/reddit/post/1n8am13,ont_domain_density,global_counts,,0.043478260869565216,True
1n97qlp,train,1,http://wfrp.ia/resource/reddit/post/1n97qlp,ont_InteligenciaArtificial_Neutro,ai,http://wfrp.ia/dominio/ciencia-tecnologia#InteligenciaArtificial,1.0,False
1n97qlp,train,1,http://wfrp.ia/resource/reddit/post/1n97qlp,ont_has_ontology_elements,global_counts,,1.0,False
1n97qlp,train,1,http://wfrp.ia/resource/reddit/post/1n97qlp,ont_count_domain_concepts,global_counts,,1.0,False
1n97qlp,train,1,http://wfrp.ia/resource/reddit/post/1n97qlp,ont_total_neutro_mentions,global_counts,,1.0,False
1n97qlp,train,1,http://wfrp.ia/resource/reddit/post/1n97qlp,ont_domain_score,global_counts,,1.0,False
1n97qlp,train,1,http://wfrp.ia/resource/reddit/post/1n97qlp,ont_domain_density,global_counts,,0.125,True
1n96fa5,train,2,http://wfrp.ia/resource/reddit/post/1n96fa5,ont_InteligenciaArtificial_Neutro,ai,http://wfrp.ia/dominio/ciencia-tecnologia#InteligenciaArtificial,1.0,False
1n96fa5,train,2,http://wfrp.ia/resource/reddit/post/1n96fa5,ont_has_ontology_elements,global_counts,,1.0,False
1n96fa5,train,2,http://wfrp.ia/resource/reddit/post/1n96fa5,ont_count_domain_concepts,global_counts,,1.0,False
1n96fa5,train,2,http://wfrp.ia/resource/reddit/post/1n96fa5,ont_total_neutro_mentions,global_counts,,1.0,False
1n96fa5,train,2,http://wfrp.ia/resource/reddit/post/1n96fa5,ont_domain_score,global_counts,,1.0,False
1n96fa5,train,2,http://wfrp.ia/resource/reddit/post/1n96fa5,ont_domain_density,global_counts,,0.06666666666666667,True
1n6g9pn,train,2,http://wfrp.ia/resource/reddit/post/1n6g9pn,ont_has_ontology_elements,global_counts,,1.0,False
1n6g7ff,train,1,http://wfrp.ia/resource/reddit/post/1n6g7ff,ont_InteligenciaArtificial_Neutro,ai,http://wfrp.ia/dominio/ciencia-tecnologia#InteligenciaArtificial,1.0,False
1n6g7ff,train,1,http://wfrp.ia/resource/reddit/post/1n6g7ff,ont_has_ontology_elements,global_counts,,1.0,False
1n6g7ff,train,1,http://wfrp.ia/resource/reddit/post/1n6g7ff,ont_count_domain_concepts,global_counts,,1.0,False
1n6g7ff,train,1,http://wfrp.ia/resource/reddit/post/1n6g7ff,ont_total_neutro_mentions,global_counts,,1.0,False
1n6g7ff,train,1,http://wfrp.ia/resource/reddit/post/1n6g7ff,ont_domain_score,global_counts,,1.0,False
1n6g7ff,train,1,http://wfrp.ia/resource/reddit/post/1n6g7ff,ont_domain_density,global_counts,,0.1111111111111111,True
1necv63,train,2,http://wfrp.ia/resource/reddit/post/1necv63,ont_has_ontology_elements,global_counts,,1.0,False
1nebm2h,train,1,http://wfrp.ia/resource/reddit/post/1nebm2h,ont_Robot_Neutro,robot,http://wfrp.ia/dominio/ciencia-tecnologia#Robot,1.0,False
1nebm2h,train,1,http://wfrp.ia/resource/reddit/post/1nebm2h,ont_has_ontology_elements,global_counts,,1.0,False
1nebm2h,train,1,http://wfrp.ia/resource/reddit/post/1nebm2h,ont_count_domain_concepts,global_counts,,1.0,False
1nebm2h,train,1,http://wfrp.ia/resource/reddit/post/1nebm2h,ont_total_neutro_mentions,global_counts,,1.0,False
1nebm2h,train,1,http://wfrp.ia/resource/reddit/post/1nebm2h,ont_domain_score,global_counts,,1.0,False
1nebm2h,train,1,http://wfrp.ia/resource/reddit/post/1nebm2h,ont_domain_density,global_counts,,0.14285714285714285,True
1ne7svc,train,2,http://wfrp.ia/resource/reddit/post/1ne7svc,ont_InteligenciaArtificial_Neutro,ai,http://wfrp.ia/dominio/ciencia-tecnologia#InteligenciaArtificial,1.0,False
1ne7svc,train,2,http://wfrp.ia/resource/reddit/post/1ne7svc,ont_has_ontology_elements,global_counts,,1.0,False
1ne7svc,train,2,http://wfrp.ia/resource/reddit/post/1ne7svc,ont_count_domain_concepts,global_counts,,1.0,False
1ne7svc,train,2,http://wfrp.ia/resource/reddit/post/1ne7svc,ont_total_neutro_mentions,global_counts,,1.0,False
1ne7svc,train,2,http://wfrp.ia/resource/reddit/post/1ne7svc,ont_domain_score,global_counts,,0.5,False
1ne7svc,train,2,http://wfrp.ia/resource/reddit/post/1ne7svc,ont_domain_density,global_counts,,0.1111111111111111,True
1nige7d,train,1,http://wfrp.ia/resource/reddit/post/1nige7d,ont_InteligenciaArtificial_Neutro,ai,http://wfrp.ia/dominio/ciencia-tecnologia#InteligenciaArtificial,1.0,False
1nige7d,train,1,http://wfrp.ia/resource/reddit/post/1nige7d,ont_has_ontology_elements,global_counts,,1.0,False
1nige7d,train,1,http://wfrp.ia/resource/reddit/post/1nige7d,ont_count_domain_concepts,global_counts,,1.0,False
1nige7d,train,1,http://wfrp.ia/resource/reddit/post/1nige7d,ont_total_neutro_mentions,global_counts,,1.0,False
1nige7d,train,1,http://wfrp.ia/resource/reddit/post/1nige7d,ont_domain_score,global_counts,,1.0,False
1nige7d,train,1,http://wfrp.ia/resource/reddit/post/1nige7d,ont_domain_density,global_counts,,0.06666666666666667,True
1nixnsc,train,1,http://wfrp.ia/resource/reddit/post/1nixnsc,ont_InteligenciaArtificial_Neutro,ai,http://wfrp.ia/dominio/ciencia-tecnologia#InteligenciaArtificial,1.0,False
1nixnsc,train,1,http://wfrp.ia/resource/reddit/post/1nixnsc,ont_has_ontology_elements,global_counts,,1.0,False
1nixnsc,train,1,http://wfrp.ia/resource/reddit/post/1nixnsc,ont_count_domain_concepts,global_counts,,1.0,False
1nixnsc,train,1,http://wfrp.ia/resource/reddit/post/1nixnsc,ont_total_neutro_mentions,global_counts,,1.0,False
1nixnsc,train,1,http://wfrp.ia/resource/reddit/post/1nixnsc,ont_domain_score,global_counts,,1.0,False
1nixnsc,train,1,http://wfrp.ia/resource/reddit/post/1nixnsc,ont_domain_density,global_counts,,0.1,True
1niju3v,train,1,http://wfrp.ia/resource/reddit/post/1niju3v,ont_AprendizajeAutomatico_Neutro,ml,http://wfrp.ia/dominio/ciencia-tecnologia#AprendizajeAutomatico,1.0,False
1niju3v,train,1,http://wfrp.ia/resource/reddit/post/1niju3v,ont_has_ontology_elements,global_counts,,1.0,False
1niju3v,train,1,http://wfrp.ia/resource/reddit/post/1niju3v,ont_count_domain_concepts,global_counts,,1.0,False
1niju3v,train,1,http://wfrp.ia/resource/reddit/post/1niju3v,ont_total_neutro_mentions,global_counts,,1.0,False
1niju3v,train,1,http://wfrp.ia/resource/reddit/post/1niju3v,ont_domain_score,global_counts,,1.5,False
1niju3v,train,1,http://wfrp.ia/resource/reddit/post/1niju3v,ont_domain_density,global_counts,,0.06666666666666667,True
1nibyr1,train,2,http://wfrp.ia/resource/reddit/post/1nibyr1,ont_InteligenciaArtificial_Neutro,ai,http://wfrp.ia/dominio/ciencia-tecnologia#InteligenciaArtificial,1.0,False
1nibyr1,train,2,http://wfrp.ia/resource/reddit/post/1nibyr1,ont_Robot_Neutro,robot,http://wfrp.ia/dominio/ciencia-tecnologia#Robot,1.0,False
1nibyr1,train,2,http://wfrp.ia/resource/reddit/post/1nibyr1,ont_has_ontology_elements,global_counts,,1.0,False
1nibyr1,train,2,http://wfrp.ia/resource/reddit/post/1nibyr1,ont_count_domain_concepts,global_counts,,2.0,False
1nibyr1,train,2,http://wfrp.ia/resource/reddit/post/1nibyr1,ont_total_neutro_mentions,global_counts,,2.0,False
1nibyr1,train,2,http://wfrp.ia/resource/reddit/post/1nibyr1,ont_domain_score,global_counts,,2.0,False
1nibyr1,train,2,http://wfrp.ia/resource/reddit/post/1nibyr1,ont_domain_density,global_counts,,0.04,True
1njfybp,train,0,http://wfrp.ia/resource/reddit/post/1njfybp,ont_InteligenciaArtificial_Neutro,ai,http://wfrp.ia/dominio/ciencia-tecnologia#InteligenciaArtificial,1.0,False
1njfybp,train,0,http://wfrp.ia/resource/reddit/post/1njfybp,ont_has_ontology_elements,global_counts,,1.0,False
1njfybp,train,0,http://wfrp.ia/resource/reddit/post/1njfybp,ont_count_domain_concepts,global_counts,,1.0,False
1njfybp,train,0,http://wfrp.ia/resource/reddit/post/1njfybp,ont_total_neutro_mentions,global_counts,,1.0,False
1njfybp,train,0,http://wfrp.ia/resource/reddit/post/1njfybp,ont_domain_score,global_counts,,1.0,False
1njfybp,train,0,http://wfrp.ia/resource/reddit/post/1njfybp,ont_domain_density,global_counts,,0.08333333333333333,True
1njb1ex,train,0,http://wfrp.ia/resource/reddit/post/1njb1ex,ont_InteligenciaArtificial_Neutro,ai,http://wfrp.ia/dominio/ciencia-tecnologia#InteligenciaArtificial,1.0,False
1njb1ex,train,0,http://wfrp.ia/resource/reddit/post/1njb1ex,ont_Tecnologia_Neutro,technology,http://wfrp.ia/dominio/ciencia-tecnologia#Tecnologia,1.0,True
1njb1ex,train,0,http://wfrp.ia/resource/reddit/post/1njb1ex,ont_has_ontology_elements,global_counts,,1.0,False
1njb1ex,train,0,http://wfrp.ia/resource/reddit/post/1njb1ex,ont_count_domain_concepts,global_counts,,2.0,False
1njb1ex,train,0,http://wfrp.ia/resource/reddit/post/1njb1ex,ont_total_neutro_mentions,global_counts,,2.0,False
1njb1ex,train,0,http://wfrp.ia/resource/reddit/post/1njb1ex,ont_domain_score,global_counts,,2.0,False
1njb1ex,train,0,http://wfrp.ia/resource/reddit/post/1njb1ex,ont_domain_density,global_counts,,0.07692307692307693,True
1njh8vi,train,1,http://wfrp.ia/resource/reddit/post/1njh8vi,ont_InteligenciaArtificial_Neutro,ai,http://wfrp.ia/dominio/ciencia-tecnologia#InteligenciaArtificial,1.0,False
1njh8vi,train,1,http://wfrp.ia/resource/reddit/post/1njh8vi,ont_has_ontology_elements,global_counts,,1.0,False
1njh8vi,train,1,http://wfrp.ia/resource/reddit/post/1njh8vi,ont_count_domain_concepts,global_counts,,1.0,False
1njh8vi,train,1,http://wfrp.ia/resource/reddit/post/1njh8vi,ont_total_neutro_mentions,global_counts,,1.0,False
1njh8vi,train,1,http://wfrp.ia/resource/reddit/post/1njh8vi,ont_domain_score,global_counts,,1.0,False
1njh8vi,train,1,http://wfrp.ia/resource/reddit/post/1njh8vi,ont_domain_density,global_counts,,0.125,True
1nj8y01,train,0,http://wfrp.ia/resource/reddit/post/1nj8y01,ont_InteligenciaArtificial_Neutro,ai,http://wfrp.ia/dominio/ciencia-tecnologia#InteligenciaArtificial,1.0,False
1nj8y01,train,0,http://wfrp.ia/resource/reddit/post/1nj8y01,ont_has_ontology_elements,global_counts,,1.0,False
1nj8y01,train,0,http://wfrp.ia/resource/reddit/post/1nj8y01,ont_count_domain_concepts,global_counts,,1.0,False
1nj8y01,train,0,http://wfrp.ia/resource/reddit/post/1nj8y01,ont_total_neutro_mentions,global_counts,,1.0,False
1nj8y01,train,0,http://wfrp.ia/resource/reddit/post/1nj8y01,ont_domain_score,global_counts,,1.0,False
1nj8y01,train,0,http://wfrp.ia/resource/reddit/post/1nj8y01,ont_domain_density,global_counts,,0.09090909090909091,True
1ndmmku,train,2,http://wfrp.ia/resource/reddit/post/1ndmmku,ont_InteligenciaArtificial_Neutro,ai,http://wfrp.ia/dominio/ciencia-tecnologia#InteligenciaArtificial,1.0,False
1ndmmku,train,2,http://wfrp.ia/resource/reddit/post/1ndmmku,ont_has_ontology_elements,global_counts,,1.0,False
1ndmmku,train,2,http://wfrp.ia/resource/reddit/post/1ndmmku,ont_count_domain_concepts,global_counts,,1.0,False
1ndmmku,train,2,http://wfrp.ia/resource/reddit/post/1ndmmku,ont_total_neutro_mentions,global_counts,,1.0,False
1ndmmku,train,2,http://wfrp.ia/resource/reddit/post/1ndmmku,ont_domain_score,global_counts,,1.0,False
1ndmmku,train,2,http://wfrp.ia/resource/reddit/post/1ndmmku,ont_domain_density,global_counts,,0.1111111111111111,True
1nj91ui,train,2,http://wfrp.ia/resource/reddit/post/1nj91ui,ont_InteligenciaArtificial_Neutro,ai,http://wfrp.ia/dominio/ciencia-tecnologia#InteligenciaArtificial,1.0,False
1nj91ui,train,2,http://wfrp.ia/resource/reddit/post/1nj91ui,ont_has_ontology_elements,global_counts,,1.0,False
1nj91ui,train,2,http://wfrp.ia/resource/reddit/post/1nj91ui,ont_count_domain_concepts,global_counts,,1.0,False
1nj91ui,train,2,http://wfrp.ia/resource/reddit/post/1nj91ui,ont_total_neutro_mentions,global_counts,,1.0,False
1nj91ui,train,2,http://wfrp.ia/resource/reddit/post/1nj91ui,ont_domain_score,global_counts,,1.0,False
1nj91ui,train,2,http://wfrp.ia/resource/reddit/post/1nj91ui,ont_domain_density,global_counts,,0.08333333333333333,True
1ndkyf5,train,0,http://wfrp.ia/resource/reddit/post/1ndkyf5,,,,0.0,False
1ndbud5,train,2,http://wfrp.ia/resource/reddit/post/1ndbud5,ont_InteligenciaArtificial_Positivo,ai,http://wfrp.ia/dominio/ciencia-tecnologia#InteligenciaArtificial,1.0,False
1ndbud5,train,2,http://wfrp.ia/resource/reddit/post/1ndbud5,ont_InteligenciaArtificial_Neutro,ai,http://wfrp.ia/dominio/ciencia-tecnologia#InteligenciaArtificial,1.0,False
1ndbud5,train,2,http://wfrp.ia/resource/reddit/post/1ndbud5,ont_Robot_Neutro,robot,http://wfrp.ia/dominio/ciencia-tecnologia#Robot,1.0,False
1ndbud5,train,2,http://wfrp.ia/resource/reddit/post/1ndbud5,ont_has_ontology_elements,global_counts,,1.0,False
1ndbud5,train,2,http://wfrp.ia/resource/reddit/post/1ndbud5,ont_count_domain_concepts,global_counts,,2.0,False
1ndbud5,train,2,http://wfrp.ia/resource/reddit/post/1ndbud5,ont_total_positivo_mentions,global_counts,,1.0,False
1ndbud5,train,2,http://wfrp.ia/resource/reddit/post/1ndbud5,ont_total_neutro_mentions,global_counts,,2.0,False
1ndbud5,train,2,http://wfrp.ia/resource/reddit/post/1ndbud5,ont_domain_score,global_counts,,3.0,False
1ndbud5,train,2,http://wfrp.ia/resource/reddit/post/1ndbud5,ont_domain_density,global_counts,,0.05555555555555555,True
1ndva7s,train,2,http://wfrp.ia/resource/reddit/post/1ndva7s,ont_InteligenciaArtificial_Neutro,ai,http://wfrp.ia/dominio/ciencia-tecnologia#InteligenciaArtificial,1.0,False
1ndva7s,train,2,http://wfrp.ia/resource/reddit/post/1ndva7s,ont_Innovacion_Neutro,innovation,http://wfrp.ia/dominio/ciencia-tecnologia#Innovacion,1.0,True
1ndva7s,train,2,http://wfrp.ia/resource/reddit/post/1ndva7s,ont_has_ontology_elements,global_counts,,1.0,False
1ndva7s,train,2,http://wfrp.ia/resource/reddit/post/1ndva7s,ont_count_domain_concepts,global_counts,,2.0,False
1ndva7s,train,2,http://wfrp.ia/resource/reddit/post/1ndva7s,ont_total_neutro_mentions,global_counts,,2.0,False
1ndva7s,train,2,http://wfrp.ia/resource/reddit/post/1ndva7s,ont_domain_score,global_counts,,2.0,False
1ndva7s,train,2,http://wfrp.ia/resource/reddit/post/1ndva7s,ont_domain_density,global_counts,,0.08333333333333333,True
1ndb79a,train,2,http://wfrp.ia/resource/reddit/post/1ndb79a,ont_Datos_Neutro,data,http://wfrp.ia/dominio/ciencia-tecnologia#Datos,1.0,False
1ndb79a,train,2,http://wfrp.ia/resource/reddit/post/1ndb79a,ont_has_ontology_elements,global_counts,,1.0,False
1ndb79a,train,2,http://wfrp.ia/resource/reddit/post/1ndb79a,ont_count_domain_concepts,global_counts,,1.0,False
1ndb79a,train,2,http://wfrp.ia/resource/reddit/post/1ndb79a,ont_total_neutro_mentions,global_counts,,1.0,False
1ndb79a,train,2,http://wfrp.ia/resource/reddit/post/1ndb79a,ont_domain_score,global_counts,,1.0,False
1ndb79a,train,2,http://wfrp.ia/resource/reddit/post/1ndb79a,ont_domain_density,global_counts,,0.038461538461538464,True
1ndbrar,train,0,http://wfrp.ia/resource/reddit/post/1ndbrar,ont_InteligenciaArtificial_Neutro,ai,http://wfrp.ia/dominio/ciencia-tecnologia#InteligenciaArtificial,1.0,False
1ndbrar,train,0,http://wfrp.ia/resource/reddit/post/1ndbrar,ont_has_ontology_elements,global_counts,,1.0,False
1ndbrar,train,0,http://wfrp.ia/resource/reddit/post/1ndbrar,ont_count_domain_concepts,global_counts,,1.0,False
1ndbrar,train,0,http://wfrp.ia/resource/reddit/post/1ndbrar,ont_total_neutro_mentions,global_counts,,1.0,False
1ndbrar,train,0,http://wfrp.ia/resource/reddit/post/1ndbrar,ont_domain_score,global_counts,,1.0,False
1ndbrar,train,0,http://wfrp.ia/resource/reddit/post/1ndbrar,ont_domain_density,global_counts,,0.029411764705882353,True
1nd4r0k,train,0,http://wfrp.ia/resource/reddit/post/1nd4r0k,ont_InteligenciaArtificial_Neutro,ai,http://wfrp.ia/dominio/ciencia-tecnologia#InteligenciaArtificial,1.0,False
1nd4r0k,train,0,http://wfrp.ia/resource/reddit/post/1nd4r0k,ont_has_ontology_elements,global_counts,,1.0,False
1nd4r0k,train,0,http://wfrp.ia/resource/reddit/post/1nd4r0k,ont_count_domain_concepts,global_counts,,1.0,False
1nd4r0k,train,0,http://wfrp.ia/resource/reddit/post/1nd4r0k,ont_total_neutro_mentions,global_counts,,1.0,False
1nd4r0k,train,0,http://wfrp.ia/resource/reddit/post/1nd4r0k,ont_domain_score,global_counts,,1.0,False
1nd4r0k,train,0,http://wfrp.ia/resource/reddit/post/1nd4r0k,ont_domain_density,global_counts,,0.09090909090909091,True
1nci7al,train,1,http://wfrp.ia/resource/reddit/post/1nci7al,ont_InteligenciaArtificial_Neutro,ai,http://wfrp.ia/dominio/ciencia-tecnologia#InteligenciaArtificial,1.0,False
1nci7al,train,1,http://wfrp.ia/resource/reddit/post/1nci7al,ont_has_ontology_elements,global_counts,,1.0,False
1nci7al,train,1,http://wfrp.ia/resource/reddit/post/1nci7al,ont_count_domain_concepts,global_counts,,1.0,False
1nci7al,train,1,http://wfrp.ia/resource/reddit/post/1nci7al,ont_total_neutro_mentions,global_counts,,1.0,False
1nci7al,train,1,http://wfrp.ia/resource/reddit/post/1nci7al,ont_domain_score,global_counts,,1.0,False
1nci7al,train,1,http://wfrp.ia/resource/reddit/post/1nci7al,ont_domain_density,global_counts,,0.058823529411764705,True
1nd4sw9,train,0,http://wfrp.ia/resource/reddit/post/1nd4sw9,ont_InteligenciaArtificial_Neutro,ai,http://wfrp.ia/dominio/ciencia-tecnologia#InteligenciaArtificial,1.0,False
1nd4sw9,train,0,http://wfrp.ia/resource/reddit/post/1nd4sw9,ont_has_ontology_elements,global_counts,,1.0,False
1nd4sw9,train,0,http://wfrp.ia/resource/reddit/post/1nd4sw9,ont_count_domain_concepts,global_counts,,1.0,False
1nd4sw9,train,0,http://wfrp.ia/resource/reddit/post/1nd4sw9,ont_total_neutro_mentions,global_counts,,1.0,False
1nd4sw9,train,0,http://wfrp.ia/resource/reddit/post/1nd4sw9,ont_domain_score,global_counts,,1.0,False
1nd4sw9,train,0,http://wfrp.ia/resource/reddit/post/1nd4sw9,ont_domain_density,global_counts,,0.125,True
1ncq20v,train,2,http://wfrp.ia/resource/reddit/post/1ncq20v,ont_Datos_Neutro,data,http://wfrp.ia/dominio/ciencia-tecnologia#Datos,1.0,False
1ncq20v,train,2,http://wfrp.ia/resource/reddit/post/1ncq20v,ont_has_ontology_elements,global_counts,,1.0,False
1ncq20v,train,2,http://wfrp.ia/resource/reddit/post/1ncq20v,ont_count_domain_concepts,global_counts,,1.0,False
1ncq20v,train,2,http://wfrp.ia/resource/reddit/post/1ncq20v,ont_total_neutro_mentions,global_counts,,1.0,False
1ncq20v,train,2,http://wfrp.ia/resource/reddit/post/1ncq20v,ont_domain_score,global_counts,,1.0,False
1ncq20v,train,2,http://wfrp.ia/resource/reddit/post/1ncq20v,ont_domain_density,global_counts,,0.034482758620689655,True
1nc27ku,train,0,http://wfrp.ia/resource/reddit/post/1nc27ku,ont_InteligenciaArtificial_Neutro,ai,http://wfrp.ia/dominio/ciencia-tecnologia#InteligenciaArtificial,1.0,False
1nc27ku,train,0,http://wfrp.ia/resource/reddit/post/1nc27ku,ont_has_ontology_elements,global_counts,,1.0,False
1nc27ku,train,0,http://wfrp.ia/resource/reddit/post/1nc27ku,ont_count_domain_concepts,global_counts,,1.0,False
1nc27ku,train,0,http://wfrp.ia/resource/reddit/post/1nc27ku,ont_total_neutro_mentions,global_counts,,1.0,False
1nc27ku,train,0,http://wfrp.ia/resource/reddit/post/1nc27ku,ont_domain_score,global_counts,,1.0,False
1nc27ku,train,0,http://wfrp.ia/resource/reddit/post/1nc27ku,ont_domain_density,global_counts,,0.1111111111111111,True
1n5kjl7,train,2,http://wfrp.ia/resource/reddit/post/1n5kjl7,ont_InteligenciaArtificial_Neutro,ai,http://wfrp.ia/dominio/ciencia-tecnologia#InteligenciaArtificial,1.0,False
1n5kjl7,train,2,http://wfrp.ia/resource/reddit/post/1n5kjl7,ont_has_ontology_elements,global_counts,,1.0,False
1n5kjl7,train,2,http://wfrp.ia/resource/reddit/post/1n5kjl7,ont_count_domain_concepts,global_counts,,1.0,False
1n5kjl7,train,2,http://wfrp.ia/resource/reddit/post/1n5kjl7,ont_total_neutro_mentions,global_counts,,1.0,False
1n5kjl7,train,2,http://wfrp.ia/resource/reddit/post/1n5kjl7,ont_domain_score,global_counts,,0.5,False
1n5kjl7,train,2,http://wfrp.ia/resource/reddit/post/1n5kjl7,ont_domain_density,global_counts,,0.06666666666666667,True
1n5mxwp,train,1,http://wfrp.ia/resource/reddit/post/1n5mxwp,ont_Futuro_Neutro,future,http://wfrp.ia/dominio/ciencia-tecnologia#Futuro,1.0,False
1n5mxwp,train,1,http://wfrp.ia/resource/reddit/post/1n5mxwp,ont_has_ontology_elements,global_counts,,1.0,False
1n5mxwp,train,1,http://wfrp.ia/resource/reddit/post/1n5mxwp,ont_count_domain_concepts,global_counts,,1.0,False
1n5mxwp,train,1,http://wfrp.ia/resource/reddit/post/1n5mxwp,ont_total_neutro_mentions,global_counts,,1.0,False
1n5mxwp,train,1,http://wfrp.ia/resource/reddit/post/1n5mxwp,ont_domain_score,global_counts,,1.0,False
1n5mxwp,train,1,http://wfrp.ia/resource/reddit/post/1n5mxwp,ont_domain_density,global_counts,,0.06666666666666667,True
1n5mc3f,train,1,http://wfrp.ia/resource/reddit/post/1n5mc3f,ont_InteligenciaArtificial_Neutro,ai,http://wfrp.ia/dominio/ciencia-tecnologia#InteligenciaArtificial,1.0,False
1n5mc3f,train,1,http://wfrp.ia/resource/reddit/post/1n5mc3f,ont_AprendizajeAutomatico_Neutro,ml,http://wfrp.ia/dominio/ciencia-tecnologia#AprendizajeAutomatico,1.0,False
1n5mc3f,train,1,http://wfrp.ia/resource/reddit/post/1n5mc3f,ont_has_ontology_elements,global_counts,,1.0,False
1n5mc3f,train,1,http://wfrp.ia/resource/reddit/post/1n5mc3f,ont_count_domain_concepts,global_counts,,2.0,False
1n5mc3f,train,1,http://wfrp.ia/resource/reddit/post/1n5mc3f,ont_total_neutro_mentions,global_counts,,2.0,False
1n5mc3f,train,1,http://wfrp.ia/resource/reddit/post/1n5mc3f,ont_domain_score,global_counts,,2.0,False
1n5mc3f,train,1,http://wfrp.ia/resource/reddit/post/1n5mc3f,ont_domain_density,global_counts,,0.18181818181818182,True
1nhmkfb,train,2,http://wfrp.ia/resource/reddit/post/1nhmkfb,,,,0.0,False
1nhqi7h,train,1,http://wfrp.ia/resource/reddit/post/1nhqi7h,ont_InteligenciaArtificial_Neutro,ai,http://wfrp.ia/dominio/ciencia-tecnologia#InteligenciaArtificial,1.0,False
1nhqi7h,train,1,http://wfrp.ia/resource/reddit/post/1nhqi7h,ont_Robot_Neutro,robot,http://wfrp.ia/dominio/ciencia-tecnologia#Robot,1.0,False
1nhqi7h,train,1,http://wfrp.ia/resource/reddit/post/1nhqi7h,ont_has_ontology_elements,global_counts,,1.0,False
1nhqi7h,train,1,http://wfrp.ia/resource/reddit/post/1nhqi7h,ont_count_domain_concepts,global_counts,,2.0,False
1nhqi7h,train,1,http://wfrp.ia/resource/reddit/post/1nhqi7h,ont_total_neutro_mentions,global_counts,,2.0,False
1nhqi7h,train,1,http://wfrp.ia/resource/reddit/post/1nhqi7h,ont_domain_score,global_counts,,2.0,False
1nhqi7h,train,1,http://wfrp.ia/resource/reddit/post/1nhqi7h,ont_domain_density,global_counts,,0.2,True
1nghix4,train,2,http://wfrp.ia/resource/reddit/post/1nghix4,ont_InteligenciaArtificial_Neutro,ai,http://wfrp.ia/dominio/ciencia-tecnologia#InteligenciaArtificial,1.0,False
1nghix4,train,2,http://wfrp.ia/resource/reddit/post/1nghix4,ont_has_ontology_elements,global_counts,,1.0,False
1nghix4,train,2,http://wfrp.ia/resource/reddit/post/1nghix4,ont_count_domain_concepts,global_counts,,1.0,False
1nghix4,train,2,http://wfrp.ia/resource/reddit/post/1nghix4,ont_total_neutro_mentions,global_counts,,1.0,False
1nghix4,train,2,http://wfrp.ia/resource/reddit/post/1nghix4,ont_domain_score,global_counts,,0.5,False
1nghix4,train,2,http://wfrp.ia/resource/reddit/post/1nghix4,ont_domain_density,global_counts,,0.08333333333333333,True
1nfwni5,train,1,http://wfrp.ia/resource/reddit/post/1nfwni5,ont_InteligenciaArtificial_Neutro,ai,http://wfrp.ia/dominio/ciencia-tecnologia#InteligenciaArtificial,1.0,False
1nfwni5,train,1,http://wfrp.ia/resource/reddit/post/1nfwni5,ont_has_ontology_elements,global_counts,,1.0,False
1nfwni5,train,1,http://wfrp.ia/resource/reddit/post/1nfwni5,ont_count_domain_concepts,global_counts,,1.0,False
1nfwni5,train,1,http://wfrp.ia/resource/reddit/post/1nfwni5,ont_total_neutro_mentions,global_counts,,1.0,False
1nfwni5,train,1,http://wfrp.ia/resource/reddit/post/1nfwni5,ont_domain_score,global_counts,,1.0,False
1nfwni5,train,1,http://wfrp.ia/resource/reddit/post/1nfwni5,ont_domain_density,global_counts,,0.09090909090909091,True
1n7tz0e,train,2,http://wfrp.ia/resource/reddit/post/1n7tz0e,ont_InteligenciaArtificial_Neutro,ai,http://wfrp.ia/dominio/ciencia-tecnologia#InteligenciaArtificial,1.0,False
1n7tz0e,train,2,http://wfrp.ia/resource/reddit/post/1n7tz0e,ont_has_ontology_elements,global_counts,,1.0,False
1n7tz0e,train,2,http://wfrp.ia/resource/reddit/post/1n7tz0e,ont_count_domain_concepts,global_counts,,1.0,False
1n7tz0e,train,2,http://wfrp.ia/resource/reddit/post/1n7tz0e,ont_total_neutro_mentions,global_counts,,1.0,False
1n7tz0e,train,2,http://wfrp.ia/resource/reddit/post/1n7tz0e,ont_domain_score,global_counts,,1.0,False
1n7tz0e,train,2,http://wfrp.ia/resource/reddit/post/1n7tz0e,ont_domain_density,global_counts,,0.05555555555555555,True
1n7k9oh,train,2,http://wfrp.ia/resource/reddit/post/1n7k9oh,ont_Tecnologia_Neutro,technology,http://wfrp.ia/dominio/ciencia-tecnologia#Tecnologia,1.0,True
1n7k9oh,train,2,http://wfrp.ia/resource/reddit/post/1n7k9oh,ont_has_ontology_elements,global_counts,,1.0,False
1n7k9oh,train,2,http://wfrp.ia/resource/reddit/post/1n7k9oh,ont_count_domain_concepts,global_counts,,1.0,False
1n7k9oh,train,2,http://wfrp.ia/resource/reddit/post/1n7k9oh,ont_total_neutro_mentions,global_counts,,1.0,False
1n7k9oh,train,2,http://wfrp.ia/resource/reddit/post/1n7k9oh,ont_domain_score,global_counts,,1.0,False
1n7k9oh,train,2,http://wfrp.ia/resource/reddit/post/1n7k9oh,ont_domain_density,global_counts,,0.07692307692307693,True
1n7ewcd,train,0,http://wfrp.ia/resource/reddit/post/1n7ewcd,ont_InteligenciaArtificial_Positivo,ai,http://wfrp.ia/dominio/ciencia-tecnologia#InteligenciaArtificial,1.0,False
1n7ewcd,train,0,http://wfrp.ia/resource/reddit/post/1n7ewcd,ont_has_ontology_elements,global_counts,,1.0,False
1n7ewcd,train,0,http://wfrp.ia/resource/reddit/post/1n7ewcd,ont_count_domain_concepts,global_counts,,1.0,False
1n7ewcd,train,0,http://wfrp.ia/resource/reddit/post/1n7ewcd,ont_total_positivo_mentions,global_counts,,1.0,False
1n7ewcd,train,0,http://wfrp.ia/resource/reddit/post/1n7ewcd,ont_domain_score,global_counts,,0.5,False
1n7ewcd,train,0,http://wfrp.ia/resource/reddit/post/1n7ewcd,ont_domain_density,global_counts,,0.07692307692307693,True
1n7na8h,train,0,http://wfrp.ia/resource/reddit/post/1n7na8h,ont_InteligenciaArtificial_Neutro,ai,http://wfrp.ia/dominio/ciencia-tecnologia#InteligenciaArtificial,1.0,False
1n7na8h,train,0,http://wfrp.ia/resource/reddit/post/1n7na8h,ont_has_ontology_elements,global_counts,,1.0,False
1n7na8h,train,0,http://wfrp.ia/resource/reddit/post/1n7na8h,ont_count_domain_concepts,global_counts,,1.0,False
1n7na8h,train,0,http://wfrp.ia/resource/reddit/post/1n7na8h,ont_total_neutro_mentions,global_counts,,1.0,False
1n7na8h,train,0,http://wfrp.ia/resource/reddit/post/1n7na8h,ont_domain_score,global_counts,,1.0,False
1n7na8h,train,0,http://wfrp.ia/resource/reddit/post/1n7na8h,ont_domain_density,global_counts,,0.09090909090909091,True
1n7vscj,train,2,http://wfrp.ia/resource/reddit/post/1n7vscj,,,,0.0,False
1n7oor0,train,1,http://wfrp.ia/resource/reddit/post/1n7oor0,ont_InteligenciaArtificial_Neutro,ai,http://wfrp.ia/dominio/ciencia-tecnologia#InteligenciaArtificial,1.0,False
1n7oor0,train,1,http://wfrp.ia/resource/reddit/post/1n7oor0,ont_has_ontology_elements,global_counts,,1.0,False
1n7oor0,train,1,http://wfrp.ia/resource/reddit/post/1n7oor0,ont_count_domain_concepts,global_counts,,2.0,False
1n7oor0,train,1,http://wfrp.ia/resource/reddit/post/1n7oor0,ont_total_neutro_mentions,global_counts,,1.0,False
1n7oor0,train,1,http://wfrp.ia/resource/reddit/post/1n7oor0,ont_domain_score,global_counts,,2.0,False
1n7oor0,train,1,http://wfrp.ia/resource/reddit/post/1n7oor0,ont_domain_density,global_counts,,0.16666666666666666,True
1n7cxtt,train,0,http://wfrp.ia/resource/reddit/post/1n7cxtt,ont_InteligenciaArtificial_Neutro,ai,http://wfrp.ia/dominio/ciencia-tecnologia#InteligenciaArtificial,1.0,False
1n7cxtt,train,0,http://wfrp.ia/resource/reddit/post/1n7cxtt,ont_has_ontology_elements,global_counts,,1.0,False
1n7cxtt,train,0,http://wfrp.ia/resource/reddit/post/1n7cxtt,ont_count_domain_concepts,global_counts,,1.0,False
1n7cxtt,train,0,http://wfrp.ia/resource/reddit/post/1n7cxtt,ont_total_neutro_mentions,global_counts,,1.0,False
1n7cxtt,train,0,http://wfrp.ia/resource/reddit/post/1n7cxtt,ont_domain_score,global_counts,,1.0,False
1n7cxtt,train,0,http://wfrp.ia/resource/reddit/post/1n7cxtt,ont_domain_density,global_counts,,0.058823529411764705,True
1n7ible,train,2,http://wfrp.ia/resource/reddit/post/1n7ible,ont_Datos_Neutro,data,http://wfrp.ia/dominio/ciencia-tecnologia#Datos,1.0,False
1n7ible,train,2,http://wfrp.ia/resource/reddit/post/1n7ible,ont_has_ontology_elements,global_counts,,1.0,False
1n7ible,train,2,http://wfrp.ia/resource/reddit/post/1n7ible,ont_count_domain_concepts,global_counts,,1.0,False
1n7ible,train,2,http://wfrp.ia/resource/reddit/post/1n7ible,ont_total_neutro_mentions,global_counts,,1.0,False
1n7ible,train,2,http://wfrp.ia/resource/reddit/post/1n7ible,ont_domain_score,global_counts,,1.0,False
1n7ible,train,2,http://wfrp.ia/resource/reddit/post/1n7ible,ont_domain_density,global_counts,,0.0625,True
1n7obor,train,1,http://wfrp.ia/resource/reddit/post/1n7obor,ont_Datos_Neutro,data,http://wfrp.ia/dominio/ciencia-tecnologia#Datos,1.0,False
1n7obor,train,1,http://wfrp.ia/resource/reddit/post/1n7obor,ont_has_ontology_elements,global_counts,,1.0,False
1n7obor,train,1,http://wfrp.ia/resource/reddit/post/1n7obor,ont_count_domain_concepts,global_counts,,1.0,False
1n7obor,train,1,http://wfrp.ia/resource/reddit/post/1n7obor,ont_total_neutro_mentions,global_counts,,1.0,False
1n7obor,train,1,http://wfrp.ia/resource/reddit/post/1n7obor,ont_domain_score,global_counts,,1.0,False
1n7obor,train,1,http://wfrp.ia/resource/reddit/post/1n7obor,ont_domain_density,global_counts,,0.08333333333333333,True
1n7vtfs,train,1,http://wfrp.ia/resource/reddit/post/1n7vtfs,,,,0.0,False
1n7fe0k,train,0,http://wfrp.ia/resource/reddit/post/1n7fe0k,ont_Datos_Neutro,data,http://wfrp.ia/dominio/ciencia-tecnologia#Datos,1.0,False
1n7fe0k,train,0,http://wfrp.ia/resource/reddit/post/1n7fe0k,ont_has_ontology_elements,global_counts,,1.0,False
1n7fe0k,train,0,http://wfrp.ia/resource/reddit/post/1n7fe0k,ont_count_domain_concepts,global_counts,,1.0,False
1n7fe0k,train,0,http://wfrp.ia/resource/reddit/post/1n7fe0k,ont_total_neutro_mentions,global_counts,,1.0,False
1n7fe0k,train,0,http://wfrp.ia/resource/reddit/post/1n7fe0k,ont_domain_score,global_counts,,1.0,False
1n7fe0k,train,0,http://wfrp.ia/resource/reddit/post/1n7fe0k,ont_domain_density,global_counts,,0.09090909090909091,True
1n7jvaa,train,0,http://wfrp.ia/resource/reddit/post/1n7jvaa,ont_InteligenciaArtificial_Neutro,ai,http://wfrp.ia/dominio/ciencia-tecnologia#InteligenciaArtificial,1.0,False
1n7jvaa,train,0,http://wfrp.ia/resource/reddit/post/1n7jvaa,ont_has_ontology_elements,global_counts,,1.0,False
1n7jvaa,train,0,http://wfrp.ia/resource/reddit/post/1n7jvaa,ont_count_domain_concepts,global_counts,,1.0,False
1n7jvaa,train,0,http://wfrp.ia/resource/reddit/post/1n7jvaa,ont_total_neutro_mentions,global_counts,,1.0,False
1n7jvaa,train,0,http://wfrp.ia/resource/reddit/post/1n7jvaa,ont_domain_score,global_counts,,1.0,False
1n7jvaa,train,0,http://wfrp.ia/resource/reddit/post/1n7jvaa,ont_domain_density,global_counts,,0.0625,True
1n7yv9r,train,2,http://wfrp.ia/resource/reddit/post/1n7yv9r,ont_Datos_Neutro,data,http://wfrp.ia/dominio/ciencia-tecnologia#Datos,1.0,False
1n7yv9r,train,2,http://wfrp.ia/resource/reddit/post/1n7yv9r,ont_has_ontology_elements,global_counts,,1.0,False
1n7yv9r,train,2,http://wfrp.ia/resource/reddit/post/1n7yv9r,ont_count_domain_concepts,global_counts,,1.0,False
1n7yv9r,train,2,http://wfrp.ia/resource/reddit/post/1n7yv9r,ont_total_neutro_mentions,global_counts,,1.0,False
1n7yv9r,train,2,http://wfrp.ia/resource/reddit/post/1n7yv9r,ont_domain_score,global_counts,,1.0,False
1n7yv9r,train,2,http://wfrp.ia/resource/reddit/post/1n7yv9r,ont_domain_density,global_counts,,0.05555555555555555,True
1n7ig5s,train,0,http://wfrp.ia/resource/reddit/post/1n7ig5s,ont_InteligenciaArtificial_Neutro,ai,http://wfrp.ia/dominio/ciencia-tecnologia#InteligenciaArtificial,1.0,False
1n7ig5s,train,0,http://wfrp.ia/resource/reddit/post/1n7ig5s,ont_has_ontology_elements,global_counts,,1.0,False
1n7ig5s,train,0,http://wfrp.ia/resource/reddit/post/1n7ig5s,ont_count_domain_concepts,global_counts,,1.0,False
1n7ig5s,train,0,http://wfrp.ia/resource/reddit/post/1n7ig5s,ont_total_neutro_mentions,global_counts,,1.0,False
1n7ig5s,train,0,http://wfrp.ia/resource/reddit/post/1n7ig5s,ont_domain_score,global_counts,,1.0,False
1n7ig5s,train,0,http://wfrp.ia/resource/reddit/post/1n7ig5s,ont_domain_density,global_counts,,0.038461538461538464,True
1n7ekt8,train,1,http://wfrp.ia/resource/reddit/post/1n7ekt8,ont_InteligenciaArtificial_Neutro,ai,http://wfrp.ia/dominio/ciencia-tecnologia#InteligenciaArtificial,1.0,False
1n7ekt8,train,1,http://wfrp.ia/resource/reddit/post/1n7ekt8,ont_has_ontology_elements,global_counts,,1.0,False
1n7ekt8,train,1,http://wfrp.ia/resource/reddit/post/1n7ekt8,ont_count_domain_concepts,global_counts,,1.0,False
1n7ekt8,train,1,http://wfrp.ia/resource/reddit/post/1n7ekt8,ont_total_neutro_mentions,global_counts,,1.0,False
1n7ekt8,train,1,http://wfrp.ia/resource/reddit/post/1n7ekt8,ont_domain_score,global_counts,,1.0,False
1n7ekt8,train,1,http://wfrp.ia/resource/reddit/post/1n7ekt8,ont_domain_density,global_counts,,0.1111111111111111,True
1n7vzgo,train,1,http://wfrp.ia/resource/reddit/post/1n7vzgo,ont_InteligenciaArtificial_Neutro,ai,http://wfrp.ia/dominio/ciencia-tecnologia#InteligenciaArtificial,1.0,False
1n7vzgo,train,1,http://wfrp.ia/resource/reddit/post/1n7vzgo,ont_has_ontology_elements,global_counts,,1.0,False
1n7vzgo,train,1,http://wfrp.ia/resource/reddit/post/1n7vzgo,ont_count_domain_concepts,global_counts,,1.0,False
1n7vzgo,train,1,http://wfrp.ia/resource/reddit/post/1n7vzgo,ont_total_neutro_mentions,global_counts,,1.0,False
1n7vzgo,train,1,http://wfrp.ia/resource/reddit/post/1n7vzgo,ont_domain_score,global_counts,,1.0,False
1n7vzgo,train,1,http://wfrp.ia/resource/reddit/post/1n7vzgo,ont_domain_density,global_counts,,0.09090909090909091,True
1n7dk2o,train,1,http://wfrp.ia/resource/reddit/post/1n7dk2o,,,,0.0,False
1n7s92f,train,1,http://wfrp.ia/resource/reddit/post/1n7s92f,ont_InteligenciaArtificial_Neutro,ai,http://wfrp.ia/dominio/ciencia-tecnologia#InteligenciaArtificial,1.0,False
1n7s92f,train,1,http://wfrp.ia/resource/reddit/post/1n7s92f,ont_has_ontology_elements,global_counts,,1.0,False
1n7s92f,train,1,http://wfrp.ia/resource/reddit/post/1n7s92f,ont_count_domain_concepts,global_counts,,1.0,False
1n7s92f,train,1,http://wfrp.ia/resource/reddit/post/1n7s92f,ont_total_neutro_mentions,global_counts,,1.0,False
1n7s92f,train,1,http://wfrp.ia/resource/reddit/post/1n7s92f,ont_domain_score,global_counts,,1.0,False
1n7s92f,train,1,http://wfrp.ia/resource/reddit/post/1n7s92f,ont_domain_density,global_counts,,0.09090909090909091,True
1n7d6iv,train,2,http://wfrp.ia/resource/reddit/post/1n7d6iv,ont_InteligenciaArtificial_Neutro,ai,http://wfrp.ia/dominio/ciencia-tecnologia#InteligenciaArtificial,1.0,False
1n7d6iv,train,2,http://wfrp.ia/resource/reddit/post/1n7d6iv,ont_has_ontology_elements,global_counts,,1.0,False
1n7d6iv,train,2,http://wfrp.ia/resource/reddit/post/1n7d6iv,ont_count_domain_concepts,global_counts,,1.0,False
1n7d6iv,train,2,http://wfrp.ia/resource/reddit/post/1n7d6iv,ont_total_neutro_mentions,global_counts,,1.0,False
1n7d6iv,train,2,http://wfrp.ia/resource/reddit/post/1n7d6iv,ont_domain_score,global_counts,,1.0,False
1n7d6iv,train,2,http://wfrp.ia/resource/reddit/post/1n7d6iv,ont_domain_density,global_counts,,0.125,True
1n8a25l,train,1,http://wfrp.ia/resource/reddit/post/1n8a25l,ont_InteligenciaArtificial_Neutro,ai,http://wfrp.ia/dominio/ciencia-tecnologia#InteligenciaArtificial,1.0,False
1n8a25l,train,1,http://wfrp.ia/resource/reddit/post/1n8a25l,ont_has_ontology_elements,global_counts,,1.0,False
1n8a25l,train,1,http://wfrp.ia/resource/reddit/post/1n8a25l,ont_count_domain_concepts,global_counts,,1.0,False
1n8a25l,train,1,http://wfrp.ia/resource/reddit/post/1n8a25l,ont_total_neutro_mentions,global_counts,,1.0,False
1n8a25l,train,1,http://wfrp.ia/resource/reddit/post/1n8a25l,ont_domain_score,global_counts,,1.0,False
1n8a25l,train,1,http://wfrp.ia/resource/reddit/post/1n8a25l,ont_domain_density,global_counts,,0.06666666666666667,True
1n8omz8,train,1,http://wfrp.ia/resource/reddit/post/1n8omz8,ont_InteligenciaArtificial_Neutro,ai,http://wfrp.ia/dominio/ciencia-tecnologia#InteligenciaArtificial,1.0,False
1n8omz8,train,1,http://wfrp.ia/resource/reddit/post/1n8omz8,ont_has_ontology_elements,global_counts,,1.0,False
1n8omz8,train,1,http://wfrp.ia/resource/reddit/post/1n8omz8,ont_count_domain_concepts,global_counts,,1.0,False
1n8omz8,train,1,http://wfrp.ia/resource/reddit/post/1n8omz8,ont_total_neutro_mentions,global_counts,,1.0,False
1n8omz8,train,1,http://wfrp.ia/resource/reddit/post/1n8omz8,ont_domain_score,global_counts,,1.0,False
1n8omz8,train,1,http://wfrp.ia/resource/reddit/post/1n8omz8,ont_domain_density,global_counts,,0.0625,True
1n7h0gh,train,1,http://wfrp.ia/resource/reddit/post/1n7h0gh,ont_InteligenciaArtificial_Neutro,ai,http://wfrp.ia/dominio/ciencia-tecnologia#InteligenciaArtificial,1.0,False
1n7h0gh,train,1,http://wfrp.ia/resource/reddit/post/1n7h0gh,ont_has_ontology_elements,global_counts,,1.0,False
1n7h0gh,train,1,http://wfrp.ia/resource/reddit/post/1n7h0gh,ont_count_domain_concepts,global_counts,,1.0,False
1n7h0gh,train,1,http://wfrp.ia/resource/reddit/post/1n7h0gh,ont_total_neutro_mentions,global_counts,,1.0,False
1n7h0gh,train,1,http://wfrp.ia/resource/reddit/post/1n7h0gh,ont_domain_score,global_counts,,1.0,False
1n7h0gh,train,1,http://wfrp.ia/resource/reddit/post/1n7h0gh,ont_domain_density,global_counts,,0.037037037037037035,True
1n8q7o9,train,0,http://wfrp.ia/resource/reddit/post/1n8q7o9,ont_InteligenciaArtificial_Neutro,ai,http://wfrp.ia/dominio/ciencia-tecnologia#InteligenciaArtificial,1.0,False
1n8q7o9,train,0,http://wfrp.ia/resource/reddit/post/1n8q7o9,ont_has_ontology_elements,global_counts,,1.0,False
1n8q7o9,train,0,http://wfrp.ia/resource/reddit/post/1n8q7o9,ont_count_domain_concepts,global_counts,,1.0,False
1n8q7o9,train,0,http://wfrp.ia/resource/reddit/post/1n8q7o9,ont_total_neutro_mentions,global_counts,,1.0,False
1n8q7o9,train,0,http://wfrp.ia/resource/reddit/post/1n8q7o9,ont_domain_score,global_counts,,1.0,False
1n8q7o9,train,0,http://wfrp.ia/resource/reddit/post/1n8q7o9,ont_domain_density,global_counts,,0.14285714285714285,True
1n88auu,train,0,http://wfrp.ia/resource/reddit/post/1n88auu,ont_Datos_Neutro,data,http://wfrp.ia/dominio/ciencia-tecnologia#Datos,1.0,False
1n88auu,train,0,http://wfrp.ia/resource/reddit/post/1n88auu,ont_has_ontology_elements,global_counts,,1.0,False
1n88auu,train,0,http://wfrp.ia/resource/reddit/post/1n88auu,ont_count_domain_concepts,global_counts,,1.0,False
1n88auu,train,0,http://wfrp.ia/resource/reddit/post/1n88auu,ont_total_neutro_mentions,global_counts,,1.0,False
1n88auu,train,0,http://wfrp.ia/resource/reddit/post/1n88auu,ont_domain_score,global_counts,,1.0,False
1n88auu,train,0,http://wfrp.ia/resource/reddit/post/1n88auu,ont_domain_density,global_counts,,0.09090909090909091,True
1n8qv6n,train,1,http://wfrp.ia/resource/reddit/post/1n8qv6n,ont_InteligenciaArtificial_Neutro,ai,http://wfrp.ia/dominio/ciencia-tecnologia#InteligenciaArtificial,2.0,False
1n8qv6n,train,1,http://wfrp.ia/resource/reddit/post/1n8qv6n,ont_has_ontology_elements,global_counts,,1.0,False
1n8qv6n,train,1,http://wfrp.ia/resource/reddit/post/1n8qv6n,ont_count_domain_concepts,global_counts,,1.0,False
1n8qv6n,train,1,http://wfrp.ia/resource/reddit/post/1n8qv6n,ont_total_neutro_mentions,global_counts,,2.0,False
1n8qv6n,train,1,http://wfrp.ia/resource/reddit/post/1n8qv6n,ont_domain_score,global_counts,,2.0,False
1n8qv6n,train,1,http://wfrp.ia/resource/reddit/post/1n8qv6n,ont_domain_density,global_counts,,0.1111111111111111,True
1n86u5y,train,0,http://wfrp.ia/resource/reddit/post/1n86u5y,ont_Futuro_Neutro,future,http://wfrp.ia/dominio/ciencia-tecnologia#Futuro,1.0,False
1n86u5y,train,0,http://wfrp.ia/resource/reddit/post/1n86u5y,ont_has_ontology_elements,global_counts,,1.0,False
1n86u5y,train,0,http://wfrp.ia/resource/reddit/post/1n86u5y,ont_count_domain_concepts,global_counts,,1.0,False
1n86u5y,train,0,http://wfrp.ia/resource/reddit/post/1n86u5y,ont_total_neutro_mentions,global_counts,,1.0,False
1n86u5y,train,0,http://wfrp.ia/resource/reddit/post/1n86u5y,ont_domain_score,global_counts,,1.0,False
1n86u5y,train,0,http://wfrp.ia/resource/reddit/post/1n86u5y,ont_domain_density,global_counts,,0.03571428571428571,True
1n8uha7,train,1,http://wfrp.ia/resource/reddit/post/1n8uha7,ont_InteligenciaArtificial_Neutro,ai,http://wfrp.ia/dominio/ciencia-tecnologia#InteligenciaArtificial,2.0,False
1n8uha7,train,1,http://wfrp.ia/resource/reddit/post/1n8uha7,ont_has_ontology_elements,global_counts,,1.0,False
1n8uha7,train,1,http://wfrp.ia/resource/reddit/post/1n8uha7,ont_count_domain_concepts,global_counts,,1.0,False
1n8uha7,train,1,http://wfrp.ia/resource/reddit/post/1n8uha7,ont_total_neutro_mentions,global_counts,,2.0,False
1n8uha7,train,1,http://wfrp.ia/resource/reddit/post/1n8uha7,ont_domain_score,global_counts,,1.5,False
1n8uha7,train,1,http://wfrp.ia/resource/reddit/post/1n8uha7,ont_domain_density,global_counts,,0.09090909090909091,True
1n8bv13,train,0,http://wfrp.ia/resource/reddit/post/1n8bv13,ont_Datos_Neutro,data,http://wfrp.ia/dominio/ciencia-tecnologia#Datos,1.0,False
1n8bv13,train,0,http://wfrp.ia/resource/reddit/post/1n8bv13,ont_has_ontology_elements,global_counts,,1.0,False
1n8bv13,train,0,http://wfrp.ia/resource/reddit/post/1n8bv13,ont_count_domain_concepts,global_counts,,1.0,False
1n8bv13,train,0,http://wfrp.ia/resource/reddit/post/1n8bv13,ont_total_neutro_mentions,global_counts,,1.0,False
1n8bv13,train,0,http://wfrp.ia/resource/reddit/post/1n8bv13,ont_domain_score,global_counts,,1.0,False
1n8bv13,train,0,http://wfrp.ia/resource/reddit/post/1n8bv13,ont_domain_density,global_counts,,0.09090909090909091,True
1n8va9u,train,0,http://wfrp.ia/resource/reddit/post/1n8va9u,ont_InteligenciaArtificial_Neutro,ai,http://wfrp.ia/dominio/ciencia-tecnologia#InteligenciaArtificial,3.0,False
1n8va9u,train,0,http://wfrp.ia/resource/reddit/post/1n8va9u,ont_has_ontology_elements,global_counts,,1.0,False
1n8va9u,train,0,http://wfrp.ia/resource/reddit/post/1n8va9u,ont_count_domain_concepts,global_counts,,1.0,False
1n8va9u,train,0,http://wfrp.ia/resource/reddit/post/1n8va9u,ont_total_neutro_mentions,global_counts,,3.0,False
1n8va9u,train,0,http://wfrp.ia/resource/reddit/post/1n8va9u,ont_domain_score,global_counts,,3.5,False
1n8va9u,train,0,http://wfrp.ia/resource/reddit/post/1n8va9u,ont_domain_density,global_counts,,0.030303030303030304,True
1n8ec4l,train,0,http://wfrp.ia/resource/reddit/post/1n8ec4l,ont_InteligenciaArtificial_Neutro,ai,http://wfrp.ia/dominio/ciencia-tecnologia#InteligenciaArtificial,1.0,False
1n8ec4l,train,0,http://wfrp.ia/resource/reddit/post/1n8ec4l,ont_has_ontology_elements,global_counts,,1.0,False
1n8ec4l,train,0,http://wfrp.ia/resource/reddit/post/1n8ec4l,ont_count_domain_concepts,global_counts,,1.0,False
1n8ec4l,train,0,http://wfrp.ia/resource/reddit/post/1n8ec4l,ont_total_neutro_mentions,global_counts,,1.0,False
1n8ec4l,train,0,http://wfrp.ia/resource/reddit/post/1n8ec4l,ont_domain_score,global_counts,,1.0,False
1n8ec4l,train,0,http://wfrp.ia/resource/reddit/post/1n8ec4l,ont_domain_density,global_counts,,0.125,True
1n88ufl,train,1,http://wfrp.ia/resource/reddit/post/1n88ufl,ont_InteligenciaArtificial_Neutro,ai,http://wfrp.ia/dominio/ciencia-tecnologia#InteligenciaArtificial,1.0,False
1n88ufl,train,1,http://wfrp.ia/resource/reddit/post/1n88ufl,ont_Futuro_Neutro,future,http://wfrp.ia/dominio/ciencia-tecnologia#Futuro,1.0,False
1n88ufl,train,1,http://wfrp.ia/resource/reddit/post/1n88ufl,ont_has_ontology_elements,global_counts,,1.0,False
1n88ufl,train,1,http://wfrp.ia/resource/reddit/post/1n88ufl,ont_count_domain_concepts,global_counts,,2.0,False
1n88ufl,train,1,http://wfrp.ia/resource/reddit/post/1n88ufl,ont_total_neutro_mentions,global_counts,,2.0,False
1n88ufl,train,1,http://wfrp.ia/resource/reddit/post/1n88ufl,ont_domain_score,global_counts,,2.0,False
1n88ufl,train,1,http://wfrp.ia/resource/reddit/post/1n88ufl,ont_domain_density,global_counts,,0.05714285714285714,True
1n85wr3,train,1,http://wfrp.ia/resource/reddit/post/1n85wr3,ont_InteligenciaArtificial_Neutro,ai,http://wfrp.ia/dominio/ciencia-tecnologia#InteligenciaArtificial,1.0,False
1n85wr3,train,1,http://wfrp.ia/resource/reddit/post/1n85wr3,ont_has_ontology_elements,global_counts,,1.0,False
1n85wr3,train,1,http://wfrp.ia/resource/reddit/post/1n85wr3,ont_count_domain_concepts,global_counts,,1.0,False
1n85wr3,train,1,http://wfrp.ia/resource/reddit/post/1n85wr3,ont_total_neutro_mentions,global_counts,,1.0,False
1n85wr3,train,1,http://wfrp.ia/resource/reddit/post/1n85wr3,ont_domain_score,global_counts,,1.0,False
1n85wr3,train,1,http://wfrp.ia/resource/reddit/post/1n85wr3,ont_domain_density,global_counts,,0.1111111111111111,True
1n88kph,train,2,http://wfrp.ia/resource/reddit/post/1n88kph,ont_InteligenciaArtificial_Neutro,ai,http://wfrp.ia/dominio/ciencia-tecnologia#InteligenciaArtificial,1.0,False
1n88kph,train,2,http://wfrp.ia/resource/reddit/post/1n88kph,ont_has_ontology_elements,global_counts,,1.0,False
1n88kph,train,2,http://wfrp.ia/resource/reddit/post/1n88kph,ont_count_domain_concepts,global_counts,,1.0,False
1n88kph,train,2,http://wfrp.ia/resource/reddit/post/1n88kph,ont_total_neutro_mentions,global_counts,,1.0,False
1n88kph,train,2,http://wfrp.ia/resource/reddit/post/1n88kph,ont_domain_score,global_counts,,1.0,False
1n88kph,train,2,http://wfrp.ia/resource/reddit/post/1n88kph,ont_domain_density,global_counts,,0.1,True
1n8kwy3,train,2,http://wfrp.ia/resource/reddit/post/1n8kwy3,ont_has_ontology_elements,global_counts,,1.0,False
1n8661q,train,2,http://wfrp.ia/resource/reddit/post/1n8661q,ont_InteligenciaArtificial_Neutro,ai,http://wfrp.ia/dominio/ciencia-tecnologia#InteligenciaArtificial,2.0,False
1n8661q,train,2,http://wfrp.ia/resource/reddit/post/1n8661q,ont_has_ontology_elements,global_counts,,1.0,False
1n8661q,train,2,http://wfrp.ia/resource/reddit/post/1n8661q,ont_count_domain_concepts,global_counts,,1.0,False
1n8661q,train,2,http://wfrp.ia/resource/reddit/post/1n8661q,ont_total_neutro_mentions,global_counts,,2.0,False
1n8661q,train,2,http://wfrp.ia/resource/reddit/post/1n8661q,ont_domain_score,global_counts,,1.5,False
1n8661q,train,2,http://wfrp.ia/resource/reddit/post/1n8661q,ont_domain_density,global_counts,,0.030303030303030304,True
1n8euon,train,2,http://wfrp.ia/resource/reddit/post/1n8euon,,,,0.0,False
1n8qxlk,train,1,http://wfrp.ia/resource/reddit/post/1n8qxlk,ont_InteligenciaArtificial_Neutro,ai,http://wfrp.ia/dominio/ciencia-tecnologia#InteligenciaArtificial,1.0,False
1n8qxlk,train,1,http://wfrp.ia/resource/reddit/post/1n8qxlk,ont_has_ontology_elements,global_counts,,1.0,False
1n8qxlk,train,1,http://wfrp.ia/resource/reddit/post/1n8qxlk,ont_count_domain_concepts,global_counts,,1.0,False
1n8qxlk,train,1,http://wfrp.ia/resource/reddit/post/1n8qxlk,ont_total_neutro_mentions,global_counts,,1.0,False
1n8qxlk,train,1,http://wfrp.ia/resource/reddit/post/1n8qxlk,ont_domain_score,global_counts,,0.5,False
1n8qxlk,train,1,http://wfrp.ia/resource/reddit/post/1n8qxlk,ont_domain_density,global_counts,,0.1,True
1n8j79j,train,2,http://wfrp.ia/resource/reddit/post/1n8j79j,ont_Robot_Neutro,robot,http://wfrp.ia/dominio/ciencia-tecnologia#Robot,1.0,False
1n8j79j,train,2,http://wfrp.ia/resource/reddit/post/1n8j79j,ont_has_ontology_elements,global_counts,,1.0,False
1n8j79j,train,2,http://wfrp.ia/resource/reddit/post/1n8j79j,ont_count_domain_concepts,global_counts,,2.0,False
1n8j79j,train,2,http://wfrp.ia/resource/reddit/post/1n8j79j,ont_total_neutro_mentions,global_counts,,1.0,False
1n8j79j,train,2,http://wfrp.ia/resource/reddit/post/1n8j79j,ont_domain_score,global_counts,,2.0,False
1n8j79j,train,2,http://wfrp.ia/resource/reddit/post/1n8j79j,ont_domain_density,global_counts,,0.18181818181818182,True
1n9eowi,train,2,http://wfrp.ia/resource/reddit/post/1n9eowi,ont_InteligenciaArtificial_Neutro,ai,http://wfrp.ia/dominio/ciencia-tecnologia#InteligenciaArtificial,1.0,False
1n9eowi,train,2,http://wfrp.ia/resource/reddit/post/1n9eowi,ont_has_ontology_elements,global_counts,,1.0,False
1n9eowi,train,2,http://wfrp.ia/resource/reddit/post/1n9eowi,ont_count_domain_concepts,global_counts,,1.0,False
1n9eowi,train,2,http://wfrp.ia/resource/reddit/post/1n9eowi,ont_total_neutro_mentions,global_counts,,1.0,False
1n9eowi,train,2,http://wfrp.ia/resource/reddit/post/1n9eowi,ont_domain_score,global_counts,,1.0,False
1n9eowi,train,2,http://wfrp.ia/resource/reddit/post/1n9eowi,ont_domain_density,global_counts,,0.07692307692307693,True
1n96tub,train,2,http://wfrp.ia/resource/reddit/post/1n96tub,ont_Tecnologia_Neutro,technology,http://wfrp.ia/dominio/ciencia-tecnologia#Tecnologia,2.0,True
1n96tub,train,2,http://wfrp.ia/resource/reddit/post/1n96tub,ont_has_ontology_elements,global_counts,,1.0,False
1n96tub,train,2,http://wfrp.ia/resource/reddit/post/1n96tub,ont_count_domain_concepts,global_counts,,1.0,False
1n96tub,train,2,http://wfrp.ia/resource/reddit/post/1n96tub,ont_total_neutro_mentions,global_counts,,2.0,False
1n96tub,train,2,http://wfrp.ia/resource/reddit/post/1n96tub,ont_domain_score,global_counts,,1.0,False
1n96tub,train,2,http://wfrp.ia/resource/reddit/post/1n96tub,ont_domain_density,global_counts,,0.038461538461538464,True
1n9ffkl,train,0,http://wfrp.ia/resource/reddit/post/1n9ffkl,ont_InteligenciaArtificial_Neutro,ai,http://wfrp.ia/dominio/ciencia-tecnologia#InteligenciaArtificial,1.0,False
1n9ffkl,train,0,http://wfrp.ia/resource/reddit/post/1n9ffkl,ont_has_ontology_elements,global_counts,,1.0,False
1n9ffkl,train,0,http://wfrp.ia/resource/reddit/post/1n9ffkl,ont_count_domain_concepts,global_counts,,1.0,False
1n9ffkl,train,0,http://wfrp.ia/resource/reddit/post/1n9ffkl,ont_total_neutro_mentions,global_counts,,1.0,False
1n9ffkl,train,0,http://wfrp.ia/resource/reddit/post/1n9ffkl,ont_domain_score,global_counts,,1.0,False
1n9ffkl,train,0,http://wfrp.ia/resource/reddit/post/1n9ffkl,ont_domain_density,global_counts,,0.09090909090909091,True
1n91q09,train,2,http://wfrp.ia/resource/reddit/post/1n91q09,ont_Innovacion_Neutro,innovation,http://wfrp.ia/dominio/ciencia-tecnologia#Innovacion,1.0,True
1n91q09,train,2,http://wfrp.ia/resource/reddit/post/1n91q09,ont_has_ontology_elements,global_counts,,1.0,False
1n91q09,train,2,http://wfrp.ia/resource/reddit/post/1n91q09,ont_count_domain_concepts,global_counts,,1.0,False
1n91q09,train,2,http://wfrp.ia/resource/reddit/post/1n91q09,ont_total_neutro_mentions,global_counts,,1.0,False
1n91q09,train,2,http://wfrp.ia/resource/reddit/post/1n91q09,ont_domain_score,global_counts,,1.0,False
1n91q09,train,2,http://wfrp.ia/resource/reddit/post/1n91q09,ont_domain_density,global_counts,,0.03571428571428571,True
1n94114,train,2,http://wfrp.ia/resource/reddit/post/1n94114,ont_InteligenciaArtificial_Neutro,ai,http://wfrp.ia/dominio/ciencia-tecnologia#InteligenciaArtificial,1.0,False
1n94114,train,2,http://wfrp.ia/resource/reddit/post/1n94114,ont_has_ontology_elements,global_counts,,1.0,False
1n94114,train,2,http://wfrp.ia/resource/reddit/post/1n94114,ont_count_domain_concepts,global_counts,,1.0,False
1n94114,train,2,http://wfrp.ia/resource/reddit/post/1n94114,ont_total_neutro_mentions,global_counts,,1.0,False
1n94114,train,2,http://wfrp.ia/resource/reddit/post/1n94114,ont_domain_score,global_counts,,1.0,False
1n94114,train,2,http://wfrp.ia/resource/reddit/post/1n94114,ont_domain_density,global_counts,,0.08333333333333333,True
1n9eqtx,train,0,http://wfrp.ia/resource/reddit/post/1n9eqtx,ont_Robot_Neutro,robot,http://wfrp.ia/dominio/ciencia-tecnologia#Robot,1.0,False
1n9eqtx,train,0,http://wfrp.ia/resource/reddit/post/1n9eqtx,ont_has_ontology_elements,global_counts,,1.0,False
1n9eqtx,train,0,http://wfrp.ia/resource/reddit/post/1n9eqtx,ont_count_domain_concepts,global_counts,,1.0,False
1n9eqtx,train,0,http://wfrp.ia/resource/reddit/post/1n9eqtx,ont_total_neutro_mentions,global_counts,,1.0,False
1n9eqtx,train,0,http://wfrp.ia/resource/reddit/post/1n9eqtx,ont_domain_score,global_counts,,1.0,False
1n9eqtx,train,0,http://wfrp.ia/resource/reddit/post/1n9eqtx,ont_domain_density,global_counts,,0.07142857142857142,True
1n91zdc,train,1,http://wfrp.ia/resource/reddit/post/1n91zdc,ont_Datos_Neutro,data,http://wfrp.ia/dominio/ciencia-tecnologia#Datos,1.0,False
1n91zdc,train,1,http://wfrp.ia/resource/reddit/post/1n91zdc,ont_has_ontology_elements,global_counts,,1.0,False
1n91zdc,train,1,http://wfrp.ia/resource/reddit/post/1n91zdc,ont_count_domain_concepts,global_counts,,1.0,False
1n91zdc,train,1,http://wfrp.ia/resource/reddit/post/1n91zdc,ont_total_neutro_mentions,global_counts,,1.0,False
1n91zdc,train,1,http://wfrp.ia/resource/reddit/post/1n91zdc,ont_domain_score,global_counts,,1.0,False
1n91zdc,train,1,http://wfrp.ia/resource/reddit/post/1n91zdc,ont_domain_density,global_counts,,0.07142857142857142,True
1n91mut,train,0,http://wfrp.ia/resource/reddit/post/1n91mut,ont_Datos_Neutro,data,http://wfrp.ia/dominio/ciencia-tecnologia#Datos,1.0,False
1n91mut,train,0,http://wfrp.ia/resource/reddit/post/1n91mut,ont_has_ontology_elements,global_counts,,1.0,False
1n91mut,train,0,http://wfrp.ia/resource/reddit/post/1n91mut,ont_count_domain_concepts,global_counts,,1.0,False
1n91mut,train,0,http://wfrp.ia/resource/reddit/post/1n91mut,ont_total_neutro_mentions,global_counts,,1.0,False
1n91mut,train,0,http://wfrp.ia/resource/reddit/post/1n91mut,ont_domain_score,global_counts,,1.0,False
1n91mut,train,0,http://wfrp.ia/resource/reddit/post/1n91mut,ont_domain_density,global_counts,,0.07142857142857142,True
1n9q3id,train,2,http://wfrp.ia/resource/reddit/post/1n9q3id,ont_InteligenciaArtificial_Neutro,ai,http://wfrp.ia/dominio/ciencia-tecnologia#InteligenciaArtificial,1.0,False
1n9q3id,train,2,http://wfrp.ia/resource/reddit/post/1n9q3id,ont_has_ontology_elements,global_counts,,1.0,False
1n9q3id,train,2,http://wfrp.ia/resource/reddit/post/1n9q3id,ont_count_domain_concepts,global_counts,,1.0,False
1n9q3id,train,2,http://wfrp.ia/resource/reddit/post/1n9q3id,ont_total_neutro_mentions,global_counts,,1.0,False
1n9q3id,train,2,http://wfrp.ia/resource/reddit/post/1n9q3id,ont_domain_score,global_counts,,0.5,False
1n9q3id,train,2,http://wfrp.ia/resource/reddit/post/1n9q3id,ont_domain_density,global_counts,,0.07142857142857142,True
1n92hua,train,1,http://wfrp.ia/resource/reddit/post/1n92hua,ont_Datos_Neutro,data,http://wfrp.ia/dominio/ciencia-tecnologia#Datos,1.0,False
1n92hua,train,1,http://wfrp.ia/resource/reddit/post/1n92hua,ont_has_ontology_elements,global_counts,,1.0,False
1n92hua,train,1,http://wfrp.ia/resource/reddit/post/1n92hua,ont_count_domain_concepts,global_counts,,1.0,False
1n92hua,train,1,http://wfrp.ia/resource/reddit/post/1n92hua,ont_total_neutro_mentions,global_counts,,1.0,False
1n92hua,train,1,http://wfrp.ia/resource/reddit/post/1n92hua,ont_domain_score,global_counts,,1.0,False
1n92hua,train,1,http://wfrp.ia/resource/reddit/post/1n92hua,ont_domain_density,global_counts,,0.034482758620689655,True
1n9ngkh,train,2,http://wfrp.ia/resource/reddit/post/1n9ngkh,ont_has_ontology_elements,global_counts,,1.0,False
1n9lehb,train,2,http://wfrp.ia/resource/reddit/post/1n9lehb,ont_InteligenciaArtificial_Neutro,ai,http://wfrp.ia/dominio/ciencia-tecnologia#InteligenciaArtificial,2.0,False
1n9lehb,train,2,http://wfrp.ia/resource/reddit/post/1n9lehb,ont_has_ontology_elements,global_counts,,1.0,False
1n9lehb,train,2,http://wfrp.ia/resource/reddit/post/1n9lehb,ont_count_domain_concepts,global_counts,,1.0,False
1n9lehb,train,2,http://wfrp.ia/resource/reddit/post/1n9lehb,ont_total_neutro_mentions,global_counts,,2.0,False
1n9lehb,train,2,http://wfrp.ia/resource/reddit/post/1n9lehb,ont_domain_score,global_counts,,1.5,False
1n9lehb,train,2,http://wfrp.ia/resource/reddit/post/1n9lehb,ont_domain_density,global_counts,,0.07142857142857142,True
1n9eqgj,train,2,http://wfrp.ia/resource/reddit/post/1n9eqgj,ont_InteligenciaArtificial_Neutro,ai,http://wfrp.ia/dominio/ciencia-tecnologia#InteligenciaArtificial,1.0,False
1n9eqgj,train,2,http://wfrp.ia/resource/reddit/post/1n9eqgj,ont_has_ontology_elements,global_counts,,1.0,False
1n9eqgj,train,2,http://wfrp.ia/resource/reddit/post/1n9eqgj,ont_count_domain_concepts,global_counts,,1.0,False
1n9eqgj,train,2,http://wfrp.ia/resource/reddit/post/1n9eqgj,ont_total_neutro_mentions,global_counts,,1.0,False
1n9eqgj,train,2,http://wfrp.ia/resource/reddit/post/1n9eqgj,ont_domain_score,global_counts,,1.0,False
1n9eqgj,train,2,http://wfrp.ia/resource/reddit/post/1n9eqgj,ont_domain_density,global_counts,,0.07142857142857142,True
1n9erpv,train,1,http://wfrp.ia/resource/reddit/post/1n9erpv,ont_Futuro_Neutro,future,http://wfrp.ia/dominio/ciencia-tecnologia#Futuro,1.0,False
1n9erpv,train,1,http://wfrp.ia/resource/reddit/post/1n9erpv,ont_has_ontology_elements,global_counts,,1.0,False
1n9erpv,train,1,http://wfrp.ia/resource/reddit/post/1n9erpv,ont_count_domain_concepts,global_counts,,1.0,False
1n9erpv,train,1,http://wfrp.ia/resource/reddit/post/1n9erpv,ont_total_neutro_mentions,global_counts,,1.0,False
1n9erpv,train,1,http://wfrp.ia/resource/reddit/post/1n9erpv,ont_domain_score,global_counts,,1.0,False
1n9erpv,train,1,http://wfrp.ia/resource/reddit/post/1n9erpv,ont_domain_density,global_counts,,0.06666666666666667,True
1n9d0z5,train,2,http://wfrp.ia/resource/reddit/post/1n9d0z5,ont_Tecnologia_Neutro,technology,http://wfrp.ia/dominio/ciencia-tecnologia#Tecnologia,1.0,True
1n9d0z5,train,2,http://wfrp.ia/resource/reddit/post/1n9d0z5,ont_has_ontology_elements,global_counts,,1.0,False
1n9d0z5,train,2,http://wfrp.ia/resource/reddit/post/1n9d0z5,ont_count_domain_concepts,global_counts,,1.0,False
1n9d0z5,train,2,http://wfrp.ia/resource/reddit/post/1n9d0z5,ont_total_neutro_mentions,global_counts,,1.0,False
1n9d0z5,train,2,http://wfrp.ia/resource/reddit/post/1n9d0z5,ont_domain_score,global_counts,,1.0,False
1n9d0z5,train,2,http://wfrp.ia/resource/reddit/post/1n9d0z5,ont_domain_density,global_counts,,0.07142857142857142,True
1n8zcp4,train,1,http://wfrp.ia/resource/reddit/post/1n8zcp4,ont_InteligenciaArtificial_Neutro,ai,http://wfrp.ia/dominio/ciencia-tecnologia#InteligenciaArtificial,1.0,False
1n8zcp4,train,1,http://wfrp.ia/resource/reddit/post/1n8zcp4,ont_has_ontology_elements,global_counts,,1.0,False
1n8zcp4,train,1,http://wfrp.ia/resource/reddit/post/1n8zcp4,ont_count_domain_concepts,global_counts,,1.0,False
1n8zcp4,train,1,http://wfrp.ia/resource/reddit/post/1n8zcp4,ont_total_neutro_mentions,global_counts,,1.0,False
1n8zcp4,train,1,http://wfrp.ia/resource/reddit/post/1n8zcp4,ont_domain_score,global_counts,,1.0,False
1n8zcp4,train,1,http://wfrp.ia/resource/reddit/post/1n8zcp4,ont_domain_density,global_counts,,0.09090909090909091,True
1n6sei0,train,1,http://wfrp.ia/resource/reddit/post/1n6sei0,ont_InteligenciaArtificial_Neutro,ai,http://wfrp.ia/dominio/ciencia-tecnologia#InteligenciaArtificial,1.0,False
1n6sei0,train,1,http://wfrp.ia/resource/reddit/post/1n6sei0,ont_has_ontology_elements,global_counts,,1.0,False
1n6sei0,train,1,http://wfrp.ia/resource/reddit/post/1n6sei0,ont_count_domain_concepts,global_counts,,1.0,False
1n6sei0,train,1,http://wfrp.ia/resource/reddit/post/1n6sei0,ont_total_neutro_mentions,global_counts,,1.0,False
1n6sei0,train,1,http://wfrp.ia/resource/reddit/post/1n6sei0,ont_domain_score,global_counts,,1.0,False
1n6sei0,train,1,http://wfrp.ia/resource/reddit/post/1n6sei0,ont_domain_density,global_counts,,0.08333333333333333,True
1n6w08l,train,0,http://wfrp.ia/resource/reddit/post/1n6w08l,ont_Tecnologia_Neutro,technology,http://wfrp.ia/dominio/ciencia-tecnologia#Tecnologia,1.0,True
1n6w08l,train,0,http://wfrp.ia/resource/reddit/post/1n6w08l,ont_has_ontology_elements,global_counts,,1.0,False
1n6w08l,train,0,http://wfrp.ia/resource/reddit/post/1n6w08l,ont_count_domain_concepts,global_counts,,1.0,False
1n6w08l,train,0,http://wfrp.ia/resource/reddit/post/1n6w08l,ont_total_neutro_mentions,global_counts,,1.0,False
1n6w08l,train,0,http://wfrp.ia/resource/reddit/post/1n6w08l,ont_domain_score,global_counts,,1.0,False
1n6w08l,train,0,http://wfrp.ia/resource/reddit/post/1n6w08l,ont_domain_density,global_counts,,0.08333333333333333,True
1n6e4z0,train,1,http://wfrp.ia/resource/reddit/post/1n6e4z0,ont_InteligenciaArtificial_Neutro,ai,http://wfrp.ia/dominio/ciencia-tecnologia#InteligenciaArtificial,1.0,False
1n6e4z0,train,1,http://wfrp.ia/resource/reddit/post/1n6e4z0,ont_Robot_Neutro,robot,http://wfrp.ia/dominio/ciencia-tecnologia#Robot,1.0,False
1n6e4z0,train,1,http://wfrp.ia/resource/reddit/post/1n6e4z0,ont_has_ontology_elements,global_counts,,1.0,False
1n6e4z0,train,1,http://wfrp.ia/resource/reddit/post/1n6e4z0,ont_count_domain_concepts,global_counts,,2.0,False
1n6e4z0,train,1,http://wfrp.ia/resource/reddit/post/1n6e4z0,ont_total_neutro_mentions,global_counts,,2.0,False
1n6e4z0,train,1,http://wfrp.ia/resource/reddit/post/1n6e4z0,ont_domain_score,global_counts,,1.5,False
1n6e4z0,train,1,http://wfrp.ia/resource/reddit/post/1n6e4z0,ont_domain_density,global_counts,,0.125,True
1n6ul9x,train,0,http://wfrp.ia/resource/reddit/post/1n6ul9x,ont_Datos_Neutro,data,http://wfrp.ia/dominio/ciencia-tecnologia#Datos,1.0,False
1n6ul9x,train,0,http://wfrp.ia/resource/reddit/post/1n6ul9x,ont_has_ontology_elements,global_counts,,1.0,False
1n6ul9x,train,0,http://wfrp.ia/resource/reddit/post/1n6ul9x,ont_count_domain_concepts,global_counts,,1.0,False
1n6ul9x,train,0,http://wfrp.ia/resource/reddit/post/1n6ul9x,ont_total_neutro_mentions,global_counts,,1.0,False
1n6ul9x,train,0,http://wfrp.ia/resource/reddit/post/1n6ul9x,ont_domain_score,global_counts,,1.0,False
1n6ul9x,train,0,http://wfrp.ia/resource/reddit/post/1n6ul9x,ont_domain_density,global_counts,,0.1,True
1n6lxjn,train,2,http://wfrp.ia/resource/reddit/post/1n6lxjn,ont_InteligenciaArtificial_Neutro,ai,http://wfrp.ia/dominio/ciencia-tecnologia#InteligenciaArtificial,2.0,False
1n6lxjn,train,2,http://wfrp.ia/resource/reddit/post/1n6lxjn,ont_has_ontology_elements,global_counts,,1.0,False
1n6lxjn,train,2,http://wfrp.ia/resource/reddit/post/1n6lxjn,ont_count_domain_concepts,global_counts,,1.0,False
1n6lxjn,train,2,http://wfrp.ia/resource/reddit/post/1n6lxjn,ont_total_neutro_mentions,global_counts,,2.0,False
1n6lxjn,train,2,http://wfrp.ia/resource/reddit/post/1n6lxjn,ont_domain_score,global_counts,,2.0,False
1n6lxjn,train,2,http://wfrp.ia/resource/reddit/post/1n6lxjn,ont_domain_density,global_counts,,0.05,True
1n6m76z,train,2,http://wfrp.ia/resource/reddit/post/1n6m76z,ont_InteligenciaArtificial_Neutro,ai,http://wfrp.ia/dominio/ciencia-tecnologia#InteligenciaArtificial,1.0,False
1n6m76z,train,2,http://wfrp.ia/resource/reddit/post/1n6m76z,ont_has_ontology_elements,global_counts,,1.0,False
1n6m76z,train,2,http://wfrp.ia/resource/reddit/post/1n6m76z,ont_count_domain_concepts,global_counts,,1.0,False
1n6m76z,train,2,http://wfrp.ia/resource/reddit/post/1n6m76z,ont_total_neutro_mentions,global_counts,,1.0,False
1n6m76z,train,2,http://wfrp.ia/resource/reddit/post/1n6m76z,ont_domain_score,global_counts,,1.0,False
1n6m76z,train,2,http://wfrp.ia/resource/reddit/post/1n6m76z,ont_domain_density,global_counts,,0.047619047619047616,True
1n71xfr,train,0,http://wfrp.ia/resource/reddit/post/1n71xfr,ont_InteligenciaArtificial_Neutro,ai,http://wfrp.ia/dominio/ciencia-tecnologia#InteligenciaArtificial,1.0,False
1n71xfr,train,0,http://wfrp.ia/resource/reddit/post/1n71xfr,ont_has_ontology_elements,global_counts,,1.0,False
1n71xfr,train,0,http://wfrp.ia/resource/reddit/post/1n71xfr,ont_count_domain_concepts,global_counts,,1.0,False
1n71xfr,train,0,http://wfrp.ia/resource/reddit/post/1n71xfr,ont_total_neutro_mentions,global_counts,,1.0,False
1n71xfr,train,0,http://wfrp.ia/resource/reddit/post/1n71xfr,ont_domain_score,global_counts,,1.0,False
1n71xfr,train,0,http://wfrp.ia/resource/reddit/post/1n71xfr,ont_domain_density,global_counts,,0.08333333333333333,True
1n6ns05,train,2,http://wfrp.ia/resource/reddit/post/1n6ns05,ont_Tecnologia_Neutro,technology,http://wfrp.ia/dominio/ciencia-tecnologia#Tecnologia,1.0,True
1n6ns05,train,2,http://wfrp.ia/resource/reddit/post/1n6ns05,ont_has_ontology_elements,global_counts,,1.0,False
1n6ns05,train,2,http://wfrp.ia/resource/reddit/post/1n6ns05,ont_count_domain_concepts,global_counts,,1.0,False
1n6ns05,train,2,http://wfrp.ia/resource/reddit/post/1n6ns05,ont_total_neutro_mentions,global_counts,,1.0,False
1n6ns05,train,2,http://wfrp.ia/resource/reddit/post/1n6ns05,ont_domain_score,global_counts,,1.0,False
1n6ns05,train,2,http://wfrp.ia/resource/reddit/post/1n6ns05,ont_domain_density,global_counts,,0.030303030303030304,True
1n6kclr,train,2,http://wfrp.ia/resource/reddit/post/1n6kclr,ont_Futuro_Neutro,future,http://wfrp.ia/dominio/ciencia-tecnologia#Futuro,1.0,False
1n6kclr,train,2,http://wfrp.ia/resource/reddit/post/1n6kclr,ont_has_ontology_elements,global_counts,,1.0,False
1n6kclr,train,2,http://wfrp.ia/resource/reddit/post/1n6kclr,ont_count_domain_concepts,global_counts,,1.0,False
1n6kclr,train,2,http://wfrp.ia/resource/reddit/post/1n6kclr,ont_total_neutro_mentions,global_counts,,1.0,False
1n6kclr,train,2,http://wfrp.ia/resource/reddit/post/1n6kclr,ont_domain_score,global_counts,,1.0,False
1n6kclr,train,2,http://wfrp.ia/resource/reddit/post/1n6kclr,ont_domain_density,global_counts,,0.1,True
1n6t3qq,train,1,http://wfrp.ia/resource/reddit/post/1n6t3qq,ont_InteligenciaArtificial_Neutro,ai,http://wfrp.ia/dominio/ciencia-tecnologia#InteligenciaArtificial,1.0,False
1n6t3qq,train,1,http://wfrp.ia/resource/reddit/post/1n6t3qq,ont_has_ontology_elements,global_counts,,1.0,False
1n6t3qq,train,1,http://wfrp.ia/resource/reddit/post/1n6t3qq,ont_count_domain_concepts,global_counts,,1.0,False
1n6t3qq,train,1,http://wfrp.ia/resource/reddit/post/1n6t3qq,ont_total_neutro_mentions,global_counts,,1.0,False
1n6t3qq,train,1,http://wfrp.ia/resource/reddit/post/1n6t3qq,ont_domain_score,global_counts,,1.0,False
1n6t3qq,train,1,http://wfrp.ia/resource/reddit/post/1n6t3qq,ont_domain_density,global_counts,,0.047619047619047616,True
1n6mo65,train,0,http://wfrp.ia/resource/reddit/post/1n6mo65,ont_InteligenciaArtificial_Neutro,ai,http://wfrp.ia/dominio/ciencia-tecnologia#InteligenciaArtificial,2.0,False
1n6mo65,train,0,http://wfrp.ia/resource/reddit/post/1n6mo65,ont_has_ontology_elements,global_counts,,1.0,False
1n6mo65,train,0,http://wfrp.ia/resource/reddit/post/1n6mo65,ont_count_domain_concepts,global_counts,,1.0,False
1n6mo65,train,0,http://wfrp.ia/resource/reddit/post/1n6mo65,ont_total_neutro_mentions,global_counts,,2.0,False
1n6mo65,train,0,http://wfrp.ia/resource/reddit/post/1n6mo65,ont_domain_score,global_counts,,1.0,False
1n6mo65,train,0,http://wfrp.ia/resource/reddit/post/1n6mo65,ont_domain_density,global_counts,,0.1,True
1n6uzxr,train,1,http://wfrp.ia/resource/reddit/post/1n6uzxr,ont_InteligenciaArtificial_Neutro,ai,http://wfrp.ia/dominio/ciencia-tecnologia#InteligenciaArtificial,1.0,False
1n6uzxr,train,1,http://wfrp.ia/resource/reddit/post/1n6uzxr,ont_has_ontology_elements,global_counts,,1.0,False
1n6uzxr,train,1,http://wfrp.ia/resource/reddit/post/1n6uzxr,ont_count_domain_concepts,global_counts,,1.0,False
1n6uzxr,train,1,http://wfrp.ia/resource/reddit/post/1n6uzxr,ont_total_neutro_mentions,global_counts,,1.0,False
1n6uzxr,train,1,http://wfrp.ia/resource/reddit/post/1n6uzxr,ont_domain_score,global_counts,,0.5,False
1n6uzxr,train,1,http://wfrp.ia/resource/reddit/post/1n6uzxr,ont_domain_density,global_counts,,0.125,True
1n73ems,train,1,http://wfrp.ia/resource/reddit/post/1n73ems,ont_InteligenciaArtificial_Positivo,ai,http://wfrp.ia/dominio/ciencia-tecnologia#InteligenciaArtificial,1.0,False
1n73ems,train,1,http://wfrp.ia/resource/reddit/post/1n73ems,ont_has_ontology_elements,global_counts,,1.0,False
1n73ems,train,1,http://wfrp.ia/resource/reddit/post/1n73ems,ont_count_domain_concepts,global_counts,,1.0,False
1n73ems,train,1,http://wfrp.ia/resource/reddit/post/1n73ems,ont_total_positivo_mentions,global_counts,,1.0,False
1n73ems,train,1,http://wfrp.ia/resource/reddit/post/1n73ems,ont_domain_score,global_counts,,1.0,False
1n73ems,train,1,http://wfrp.ia/resource/reddit/post/1n73ems,ont_domain_density,global_counts,,0.1111111111111111,True
1n6jhhs,train,1,http://wfrp.ia/resource/reddit/post/1n6jhhs,ont_InteligenciaArtificial_Neutro,ai,http://wfrp.ia/dominio/ciencia-tecnologia#InteligenciaArtificial,1.0,False
1n6jhhs,train,1,http://wfrp.ia/resource/reddit/post/1n6jhhs,ont_Tecnologia_Positivo,technology,http://wfrp.ia/dominio/ciencia-tecnologia#Tecnologia,1.0,False
1n6jhhs,train,1,http://wfrp.ia/resource/reddit/post/1n6jhhs,ont_has_ontology_elements,global_counts,,1.0,False
1n6jhhs,train,1,http://wfrp.ia/resource/reddit/post/1n6jhhs,ont_count_domain_concepts,global_counts,,2.0,False
1n6jhhs,train,1,http://wfrp.ia/resource/reddit/post/1n6jhhs,ont_total_positivo_mentions,global_counts,,1.0,False
1n6jhhs,train,1,http://wfrp.ia/resource/reddit/post/1n6jhhs,ont_total_neutro_mentions,global_counts,,1.0,False
1n6jhhs,train,1,http://wfrp.ia/resource/reddit/post/1n6jhhs,ont_domain_score,global_counts,,2.0,False
1n6jhhs,train,1,http://wfrp.ia/resource/reddit/post/1n6jhhs,ont_domain_density,global_counts,,0.125,True
1n6vhkw,train,2,http://wfrp.ia/resource/reddit/post/1n6vhkw,ont_InteligenciaArtificial_Positivo,ai,http://wfrp.ia/dominio/ciencia-tecnologia#InteligenciaArtificial,1.0,False
1n6vhkw,train,2,http://wfrp.ia/resource/reddit/post/1n6vhkw,ont_has_ontology_elements,global_counts,,1.0,False
1n6vhkw,train,2,http://wfrp.ia/resource/reddit/post/1n6vhkw,ont_count_domain_concepts,global_counts,,1.0,False
1n6vhkw,train,2,http://wfrp.ia/resource/reddit/post/1n6vhkw,ont_total_positivo_mentions,global_counts,,1.0,False
1n6vhkw,train,2,http://wfrp.ia/resource/reddit/post/1n6vhkw,ont_domain_score,global_counts,,1.0,False
1n6vhkw,train,2,http://wfrp.ia/resource/reddit/post/1n6vhkw,ont_domain_density,global_counts,,0.125,True
1n6htjp,train,2,http://wfrp.ia/resource/reddit/post/1n6htjp,ont_Tecnologia_Neutro,technology,http://wfrp.ia/dominio/ciencia-tecnologia#Tecnologia,1.0,True
1n6htjp,train,2,http://wfrp.ia/resource/reddit/post/1n6htjp,ont_has_ontology_elements,global_counts,,1.0,False
1n6htjp,train,2,http://wfrp.ia/resource/reddit/post/1n6htjp,ont_count_domain_concepts,global_counts,,1.0,False
1n6htjp,train,2,http://wfrp.ia/resource/reddit/post/1n6htjp,ont_total_neutro_mentions,global_counts,,1.0,False
1n6htjp,train,2,http://wfrp.ia/resource/reddit/post/1n6htjp,ont_domain_score,global_counts,,1.0,False
1n6htjp,train,2,http://wfrp.ia/resource/reddit/post/1n6htjp,ont_domain_density,global_counts,,0.07692307692307693,True
1n6yggp,train,2,http://wfrp.ia/resource/reddit/post/1n6yggp,ont_InteligenciaArtificial_Neutro,ai,http://wfrp.ia/dominio/ciencia-tecnologia#InteligenciaArtificial,1.0,False
1n6yggp,train,2,http://wfrp.ia/resource/reddit/post/1n6yggp,ont_has_ontology_elements,global_counts,,1.0,False
1n6yggp,train,2,http://wfrp.ia/resource/reddit/post/1n6yggp,ont_count_domain_concepts,global_counts,,1.0,False
1n6yggp,train,2,http://wfrp.ia/resource/reddit/post/1n6yggp,ont_total_neutro_mentions,global_counts,,1.0,False
1n6yggp,train,2,http://wfrp.ia/resource/reddit/post/1n6yggp,ont_domain_score,global_counts,,0.5,False
1n6yggp,train,2,http://wfrp.ia/resource/reddit/post/1n6yggp,ont_domain_density,global_counts,,0.09090909090909091,True
1ne40ur,train,2,http://wfrp.ia/resource/reddit/post/1ne40ur,ont_Tecnologia_Neutro,technology,http://wfrp.ia/dominio/ciencia-tecnologia#Tecnologia,1.0,True
1ne40ur,train,2,http://wfrp.ia/resource/reddit/post/1ne40ur,ont_has_ontology_elements,global_counts,,1.0,False
1ne40ur,train,2,http://wfrp.ia/resource/reddit/post/1ne40ur,ont_count_domain_concepts,global_counts,,1.0,False
1ne40ur,train,2,http://wfrp.ia/resource/reddit/post/1ne40ur,ont_total_neutro_mentions,global_counts,,1.0,False
1ne40ur,train,2,http://wfrp.ia/resource/reddit/post/1ne40ur,ont_domain_score,global_counts,,1.0,False
1ne40ur,train,2,http://wfrp.ia/resource/reddit/post/1ne40ur,ont_domain_density,global_counts,,0.09090909090909091,True
1ne50lv,train,1,http://wfrp.ia/resource/reddit/post/1ne50lv,ont_InteligenciaArtificial_Neutro,ai,http://wfrp.ia/dominio/ciencia-tecnologia#InteligenciaArtificial,1.0,False
1ne50lv,train,1,http://wfrp.ia/resource/reddit/post/1ne50lv,ont_Tecnologia_Neutro,technology,http://wfrp.ia/dominio/ciencia-tecnologia#Tecnologia,1.0,True
1ne50lv,train,1,http://wfrp.ia/resource/reddit/post/1ne50lv,ont_has_ontology_elements,global_counts,,1.0,False
1ne50lv,train,1,http://wfrp.ia/resource/reddit/post/1ne50lv,ont_count_domain_concepts,global_counts,,2.0,False
1ne50lv,train,1,http://wfrp.ia/resource/reddit/post/1ne50lv,ont_total_neutro_mentions,global_counts,,2.0,False
1ne50lv,train,1,http://wfrp.ia/resource/reddit/post/1ne50lv,ont_domain_score,global_counts,,2.0,False
1ne50lv,train,1,http://wfrp.ia/resource/reddit/post/1ne50lv,ont_domain_density,global_counts,,0.1111111111111111,True
1nef753,train,2,http://wfrp.ia/resource/reddit/post/1nef753,ont_Datos_Neutro,data,http://wfrp.ia/dominio/ciencia-tecnologia#Datos,1.0,False
1nef753,train,2,http://wfrp.ia/resource/reddit/post/1nef753,ont_has_ontology_elements,global_counts,,1.0,False
1nef753,train,2,http://wfrp.ia/resource/reddit/post/1nef753,ont_count_domain_concepts,global_counts,,1.0,False
1nef753,train,2,http://wfrp.ia/resource/reddit/post/1nef753,ont_total_neutro_mentions,global_counts,,1.0,False
1nef753,train,2,http://wfrp.ia/resource/reddit/post/1nef753,ont_domain_score,global_counts,,1.0,False
1nef753,train,2,http://wfrp.ia/resource/reddit/post/1nef753,ont_domain_density,global_counts,,0.1,True
1nebsnu,train,1,http://wfrp.ia/resource/reddit/post/1nebsnu,ont_InteligenciaArtificial_Positivo,ai,http://wfrp.ia/dominio/ciencia-tecnologia#InteligenciaArtificial,1.0,False
1nebsnu,train,1,http://wfrp.ia/resource/reddit/post/1nebsnu,ont_InteligenciaArtificial_Neutro,ai,http://wfrp.ia/dominio/ciencia-tecnologia#InteligenciaArtificial,1.0,False
1nebsnu,train,1,http://wfrp.ia/resource/reddit/post/1nebsnu,ont_Robot_Positivo,robot,http://wfrp.ia/dominio/ciencia-tecnologia#Robot,1.0,False
1nebsnu,train,1,http://wfrp.ia/resource/reddit/post/1nebsnu,ont_Etica_Positivo,ethics,http://wfrp.ia/dominio/ciencia-tecnologia#Etica,1.0,False
1nebsnu,train,1,http://wfrp.ia/resource/reddit/post/1nebsnu,ont_has_ontology_elements,global_counts,,1.0,False
1nebsnu,train,1,http://wfrp.ia/resource/reddit/post/1nebsnu,ont_count_domain_concepts,global_counts,,3.0,False
1nebsnu,train,1,http://wfrp.ia/resource/reddit/post/1nebsnu,ont_total_positivo_mentions,global_counts,,3.0,False
1nebsnu,train,1,http://wfrp.ia/resource/reddit/post/1nebsnu,ont_total_neutro_mentions,global_counts,,1.0,False
1nebsnu,train,1,http://wfrp.ia/resource/reddit/post/1nebsnu,ont_domain_score,global_counts,,3.5,False
1nebsnu,train,1,http://wfrp.ia/resource/reddit/post/1nebsnu,ont_domain_density,global_counts,,0.2,True
1ne7e08,train,2,http://wfrp.ia/resource/reddit/post/1ne7e08,ont_InteligenciaArtificial_Neutro,ai,http://wfrp.ia/dominio/ciencia-tecnologia#InteligenciaArtificial,1.0,False
1ne7e08,train,2,http://wfrp.ia/resource/reddit/post/1ne7e08,ont_Innovacion_Neutro,innovation,http://wfrp.ia/dominio/ciencia-tecnologia#Innovacion,1.0,True
1ne7e08,train,2,http://wfrp.ia/resource/reddit/post/1ne7e08,ont_has_ontology_elements,global_counts,,1.0,False
1ne7e08,train,2,http://wfrp.ia/resource/reddit/post/1ne7e08,ont_count_domain_concepts,global_counts,,2.0,False
1ne7e08,train,2,http://wfrp.ia/resource/reddit/post/1ne7e08,ont_total_neutro_mentions,global_counts,,2.0,False
1ne7e08,train,2,http://wfrp.ia/resource/reddit/post/1ne7e08,ont_domain_score,global_counts,,2.0,False
1ne7e08,train,2,http://wfrp.ia/resource/reddit/post/1ne7e08,ont_domain_density,global_counts,,0.18181818181818182,True
1ne6lzu,train,1,http://wfrp.ia/resource/reddit/post/1ne6lzu,ont_InteligenciaArtificial_Neutro,ai,http://wfrp.ia/dominio/ciencia-tecnologia#InteligenciaArtificial,1.0,False
1ne6lzu,train,1,http://wfrp.ia/resource/reddit/post/1ne6lzu,ont_has_ontology_elements,global_counts,,1.0,False
1ne6lzu,train,1,http://wfrp.ia/resource/reddit/post/1ne6lzu,ont_count_domain_concepts,global_counts,,1.0,False
1ne6lzu,train,1,http://wfrp.ia/resource/reddit/post/1ne6lzu,ont_total_neutro_mentions,global_counts,,1.0,False
1ne6lzu,train,1,http://wfrp.ia/resource/reddit/post/1ne6lzu,ont_domain_score,global_counts,,1.0,False
1ne6lzu,train,1,http://wfrp.ia/resource/reddit/post/1ne6lzu,ont_domain_density,global_counts,,0.1,True
1neprt8,train,2,http://wfrp.ia/resource/reddit/post/1neprt8,ont_InteligenciaArtificial_Neutro,ai,http://wfrp.ia/dominio/ciencia-tecnologia#InteligenciaArtificial,1.0,False
1neprt8,train,2,http://wfrp.ia/resource/reddit/post/1neprt8,ont_has_ontology_elements,global_counts,,1.0,False
1neprt8,train,2,http://wfrp.ia/resource/reddit/post/1neprt8,ont_count_domain_concepts,global_counts,,1.0,False
1neprt8,train,2,http://wfrp.ia/resource/reddit/post/1neprt8,ont_total_neutro_mentions,global_counts,,1.0,False
1neprt8,train,2,http://wfrp.ia/resource/reddit/post/1neprt8,ont_domain_score,global_counts,,1.0,False
1neprt8,train,2,http://wfrp.ia/resource/reddit/post/1neprt8,ont_domain_density,global_counts,,0.08333333333333333,True
1ne7can,train,1,http://wfrp.ia/resource/reddit/post/1ne7can,ont_InteligenciaArtificial_Neutro,ai,http://wfrp.ia/dominio/ciencia-tecnologia#InteligenciaArtificial,1.0,False
1ne7can,train,1,http://wfrp.ia/resource/reddit/post/1ne7can,ont_has_ontology_elements,global_counts,,1.0,False
1ne7can,train,1,http://wfrp.ia/resource/reddit/post/1ne7can,ont_count_domain_concepts,global_counts,,1.0,False
1ne7can,train,1,http://wfrp.ia/resource/reddit/post/1ne7can,ont_total_neutro_mentions,global_counts,,1.0,False
1ne7can,train,1,http://wfrp.ia/resource/reddit/post/1ne7can,ont_domain_score,global_counts,,1.0,False
1ne7can,train,1,http://wfrp.ia/resource/reddit/post/1ne7can,ont_domain_density,global_counts,,0.08333333333333333,True
1neb9d6,train,1,http://wfrp.ia/resource/reddit/post/1neb9d6,ont_InteligenciaArtificial_Neutro,ai,http://wfrp.ia/dominio/ciencia-tecnologia#InteligenciaArtificial,2.0,False
1neb9d6,train,1,http://wfrp.ia/resource/reddit/post/1neb9d6,ont_Robot_Neutro,robot,http://wfrp.ia/dominio/ciencia-tecnologia#Robot,1.0,False
1neb9d6,train,1,http://wfrp.ia/resource/reddit/post/1neb9d6,ont_has_ontology_elements,global_counts,,1.0,False
1neb9d6,train,1,http://wfrp.ia/resource/reddit/post/1neb9d6,ont_count_domain_concepts,global_counts,,2.0,False
1neb9d6,train,1,http://wfrp.ia/resource/reddit/post/1neb9d6,ont_total_neutro_mentions,global_counts,,3.0,False
1neb9d6,train,1,http://wfrp.ia/resource/reddit/post/1neb9d6,ont_domain_score,global_counts,,3.0,False
1neb9d6,train,1,http://wfrp.ia/resource/reddit/post/1neb9d6,ont_domain_density,global_counts,,0.08333333333333333,True
1neloij,train,1,http://wfrp.ia/resource/reddit/post/1neloij,ont_InteligenciaArtificial_Neutro,ai,http://wfrp.ia/dominio/ciencia-tecnologia#InteligenciaArtificial,2.0,False
1neloij,train,1,http://wfrp.ia/resource/reddit/post/1neloij,ont_has_ontology_elements,global_counts,,1.0,False
1neloij,train,1,http://wfrp.ia/resource/reddit/post/1neloij,ont_count_domain_concepts,global_counts,,1.0,False
1neloij,train,1,http://wfrp.ia/resource/reddit/post/1neloij,ont_total_neutro_mentions,global_counts,,2.0,False
1neloij,train,1,http://wfrp.ia/resource/reddit/post/1neloij,ont_domain_score,global_counts,,2.0,False
1neloij,train,1,http://wfrp.ia/resource/reddit/post/1neloij,ont_domain_density,global_counts,,0.03571428571428571,True
1ne8w42,train,2,http://wfrp.ia/resource/reddit/post/1ne8w42,,,,0.0,False
1necqzo,train,1,http://wfrp.ia/resource/reddit/post/1necqzo,,,,0.0,False
1nec43j,train,1,http://wfrp.ia/resource/reddit/post/1nec43j,ont_InteligenciaArtificial_Neutro,ai,http://wfrp.ia/dominio/ciencia-tecnologia#InteligenciaArtificial,1.0,False
1nec43j,train,1,http://wfrp.ia/resource/reddit/post/1nec43j,ont_Tecnologia_Neutro,technology,http://wfrp.ia/dominio/ciencia-tecnologia#Tecnologia,1.0,True
1nec43j,train,1,http://wfrp.ia/resource/reddit/post/1nec43j,ont_has_ontology_elements,global_counts,,1.0,False
1nec43j,train,1,http://wfrp.ia/resource/reddit/post/1nec43j,ont_count_domain_concepts,global_counts,,2.0,False
1nec43j,train,1,http://wfrp.ia/resource/reddit/post/1nec43j,ont_total_neutro_mentions,global_counts,,2.0,False
1nec43j,train,1,http://wfrp.ia/resource/reddit/post/1nec43j,ont_domain_score,global_counts,,2.0,False
1nec43j,train,1,http://wfrp.ia/resource/reddit/post/1nec43j,ont_domain_density,global_counts,,0.14285714285714285,True
1ne7tna,train,2,http://wfrp.ia/resource/reddit/post/1ne7tna,ont_InteligenciaArtificial_Neutro,ai,http://wfrp.ia/dominio/ciencia-tecnologia#InteligenciaArtificial,1.0,False
1ne7tna,train,2,http://wfrp.ia/resource/reddit/post/1ne7tna,ont_has_ontology_elements,global_counts,,1.0,False
1ne7tna,train,2,http://wfrp.ia/resource/reddit/post/1ne7tna,ont_count_domain_concepts,global_counts,,1.0,False
1ne7tna,train,2,http://wfrp.ia/resource/reddit/post/1ne7tna,ont_total_neutro_mentions,global_counts,,1.0,False
1ne7tna,train,2,http://wfrp.ia/resource/reddit/post/1ne7tna,ont_domain_score,global_counts,,0.5,False
1ne7tna,train,2,http://wfrp.ia/resource/reddit/post/1ne7tna,ont_domain_density,global_counts,,0.08333333333333333,True
1ne8522,train,1,http://wfrp.ia/resource/reddit/post/1ne8522,ont_InteligenciaArtificial_Neutro,ai,http://wfrp.ia/dominio/ciencia-tecnologia#InteligenciaArtificial,1.0,False
1ne8522,train,1,http://wfrp.ia/resource/reddit/post/1ne8522,ont_has_ontology_elements,global_counts,,1.0,False
1ne8522,train,1,http://wfrp.ia/resource/reddit/post/1ne8522,ont_count_domain_concepts,global_counts,,1.0,False
1ne8522,train,1,http://wfrp.ia/resource/reddit/post/1ne8522,ont_total_neutro_mentions,global_counts,,1.0,False
1ne8522,train,1,http://wfrp.ia/resource/reddit/post/1ne8522,ont_domain_score,global_counts,,1.0,False
1ne8522,train,1,http://wfrp.ia/resource/reddit/post/1ne8522,ont_domain_density,global_counts,,0.08333333333333333,True
1neu5k8,train,2,http://wfrp.ia/resource/reddit/post/1neu5k8,ont_InteligenciaArtificial_Neutro,ai,http://wfrp.ia/dominio/ciencia-tecnologia#InteligenciaArtificial,2.0,False
1neu5k8,train,2,http://wfrp.ia/resource/reddit/post/1neu5k8,ont_has_ontology_elements,global_counts,,1.0,False
1neu5k8,train,2,http://wfrp.ia/resource/reddit/post/1neu5k8,ont_count_domain_concepts,global_counts,,1.0,False
1neu5k8,train,2,http://wfrp.ia/resource/reddit/post/1neu5k8,ont_total_neutro_mentions,global_counts,,2.0,False
1neu5k8,train,2,http://wfrp.ia/resource/reddit/post/1neu5k8,ont_domain_score,global_counts,,0.5,False
1neu5k8,train,2,http://wfrp.ia/resource/reddit/post/1neu5k8,ont_domain_density,global_counts,,0.09090909090909091,True
1nem2nj,train,2,http://wfrp.ia/resource/reddit/post/1nem2nj,ont_InteligenciaArtificial_Neutro,ai,http://wfrp.ia/dominio/ciencia-tecnologia#InteligenciaArtificial,1.0,False
1nem2nj,train,2,http://wfrp.ia/resource/reddit/post/1nem2nj,ont_has_ontology_elements,global_counts,,1.0,False
1nem2nj,train,2,http://wfrp.ia/resource/reddit/post/1nem2nj,ont_count_domain_concepts,global_counts,,1.0,False
1nem2nj,train,2,http://wfrp.ia/resource/reddit/post/1nem2nj,ont_total_neutro_mentions,global_counts,,1.0,False
1nem2nj,train,2,http://wfrp.ia/resource/reddit/post/1nem2nj,ont_domain_score,global_counts,,1.0,False
1nem2nj,train,2,http://wfrp.ia/resource/reddit/post/1nem2nj,ont_domain_density,global_counts,,0.04,True
1nifedk,train,2,http://wfrp.ia/resource/reddit/post/1nifedk,ont_InteligenciaArtificial_Neutro,ai,http://wfrp.ia/dominio/ciencia-tecnologia#InteligenciaArtificial,1.0,False
1nifedk,train,2,http://wfrp.ia/resource/reddit/post/1nifedk,ont_has_ontology_elements,global_counts,,1.0,False
1nifedk,train,2,http://wfrp.ia/resource/reddit/post/1nifedk,ont_count_domain_concepts,global_counts,,1.0,False
1nifedk,train,2,http://wfrp.ia/resource/reddit/post/1nifedk,ont_total_neutro_mentions,global_counts,,1.0,False
1nifedk,train,2,http://wfrp.ia/resource/reddit/post/1nifedk,ont_domain_score,global_counts,,1.0,False
1nifedk,train,2,http://wfrp.ia/resource/reddit/post/1nifedk,ont_domain_density,global_counts,,0.05263157894736842,True
1nigbra,train,1,http://wfrp.ia/resource/reddit/post/1nigbra,ont_InteligenciaArtificial_Neutro,ai,http://wfrp.ia/dominio/ciencia-tecnologia#InteligenciaArtificial,2.0,False
1nigbra,train,1,http://wfrp.ia/resource/reddit/post/1nigbra,ont_Futuro_Neutro,future,http://wfrp.ia/dominio/ciencia-tecnologia#Futuro,1.0,False
1nigbra,train,1,http://wfrp.ia/resource/reddit/post/1nigbra,ont_has_ontology_elements,global_counts,,1.0,False
1nigbra,train,1,http://wfrp.ia/resource/reddit/post/1nigbra,ont_count_domain_concepts,global_counts,,2.0,False
1nigbra,train,1,http://wfrp.ia/resource/reddit/post/1nigbra,ont_total_neutro_mentions,global_counts,,3.0,False
1nigbra,train,1,http://wfrp.ia/resource/reddit/post/1nigbra,ont_domain_score,global_counts,,2.5,False
1nigbra,train,1,http://wfrp.ia/resource/reddit/post/1nigbra,ont_domain_density,global_counts,,0.125,True
1ninxm9,train,2,http://wfrp.ia/resource/reddit/post/1ninxm9,,,,0.0,False
1niy6x5,train,1,http://wfrp.ia/resource/reddit/post/1niy6x5,ont_Algoritmo_Neutro,algorithm,http://wfrp.ia/dominio/ciencia-tecnologia#Algoritmo,1.0,False
1niy6x5,train,1,http://wfrp.ia/resource/reddit/post/1niy6x5,ont_has_ontology_elements,global_counts,,1.0,False
1niy6x5,train,1,http://wfrp.ia/resource/reddit/post/1niy6x5,ont_count_domain_concepts,global_counts,,1.0,False
1niy6x5,train,1,http://wfrp.ia/resource/reddit/post/1niy6x5,ont_total_neutro_mentions,global_counts,,1.0,False
1niy6x5,train,1,http://wfrp.ia/resource/reddit/post/1niy6x5,ont_domain_score,global_counts,,1.0,False
1niy6x5,train,1,http://wfrp.ia/resource/reddit/post/1niy6x5,ont_domain_density,global_counts,,0.043478260869565216,True
1ni9ukd,train,1,http://wfrp.ia/resource/reddit/post/1ni9ukd,ont_InteligenciaArtificial_Neutro,ai,http://wfrp.ia/dominio/ciencia-tecnologia#InteligenciaArtificial,1.0,False
1ni9ukd,train,1,http://wfrp.ia/resource/reddit/post/1ni9ukd,ont_has_ontology_elements,global_counts,,1.0,False
1ni9ukd,train,1,http://wfrp.ia/resource/reddit/post/1ni9ukd,ont_count_domain_concepts,global_counts,,1.0,False
1ni9ukd,train,1,http://wfrp.ia/resource/reddit/post/1ni9ukd,ont_total_neutro_mentions,global_counts,,1.0,False
1ni9ukd,train,1,http://wfrp.ia/resource/reddit/post/1ni9ukd,ont_domain_score,global_counts,,1.0,False
1ni9ukd,train,1,http://wfrp.ia/resource/reddit/post/1ni9ukd,ont_domain_density,global_counts,,0.1,True
1nitjdc,train,0,http://wfrp.ia/resource/reddit/post/1nitjdc,ont_Datos_Neutro,data,http://wfrp.ia/dominio/ciencia-tecnologia#Datos,1.0,False
1nitjdc,train,0,http://wfrp.ia/resource/reddit/post/1nitjdc,ont_has_ontology_elements,global_counts,,1.0,False
1nitjdc,train,0,http://wfrp.ia/resource/reddit/post/1nitjdc,ont_count_domain_concepts,global_counts,,1.0,False
1nitjdc,train,0,http://wfrp.ia/resource/reddit/post/1nitjdc,ont_total_neutro_mentions,global_counts,,1.0,False
1nitjdc,train,0,http://wfrp.ia/resource/reddit/post/1nitjdc,ont_domain_score,global_counts,,1.0,False
1nitjdc,train,0,http://wfrp.ia/resource/reddit/post/1nitjdc,ont_domain_density,global_counts,,0.07692307692307693,True
1nir95l,train,0,http://wfrp.ia/resource/reddit/post/1nir95l,ont_InteligenciaArtificial_Neutro,ai,http://wfrp.ia/dominio/ciencia-tecnologia#InteligenciaArtificial,1.0,False
1nir95l,train,0,http://wfrp.ia/resource/reddit/post/1nir95l,ont_has_ontology_elements,global_counts,,1.0,False
1nir95l,train,0,http://wfrp.ia/resource/reddit/post/1nir95l,ont_count_domain_concepts,global_counts,,1.0,False
1nir95l,train,0,http://wfrp.ia/resource/reddit/post/1nir95l,ont_total_neutro_mentions,global_counts,,1.0,False
1nir95l,train,0,http://wfrp.ia/resource/reddit/post/1nir95l,ont_domain_score,global_counts,,1.0,False
1nir95l,train,0,http://wfrp.ia/resource/reddit/post/1nir95l,ont_domain_density,global_counts,,0.1111111111111111,True
1nii0vl,train,1,http://wfrp.ia/resource/reddit/post/1nii0vl,ont_InteligenciaArtificial_Neutro,ai,http://wfrp.ia/dominio/ciencia-tecnologia#InteligenciaArtificial,1.0,False
1nii0vl,train,1,http://wfrp.ia/resource/reddit/post/1nii0vl,ont_Futuro_Neutro,future,http://wfrp.ia/dominio/ciencia-tecnologia#Futuro,1.0,False
1nii0vl,train,1,http://wfrp.ia/resource/reddit/post/1nii0vl,ont_has_ontology_elements,global_counts,,1.0,False
1nii0vl,train,1,http://wfrp.ia/resource/reddit/post/1nii0vl,ont_count_domain_concepts,global_counts,,2.0,False
1nii0vl,train,1,http://wfrp.ia/resource/reddit/post/1nii0vl,ont_total_neutro_mentions,global_counts,,2.0,False
1nii0vl,train,1,http://wfrp.ia/resource/reddit/post/1nii0vl,ont_domain_score,global_counts,,2.0,False
1nii0vl,train,1,http://wfrp.ia/resource/reddit/post/1nii0vl,ont_domain_density,global_counts,,0.11764705882352941,True
1niqf1i,train,1,http://wfrp.ia/resource/reddit/post/1niqf1i,ont_InteligenciaArtificial_Neutro,ai,http://wfrp.ia/dominio/ciencia-tecnologia#InteligenciaArtificial,1.0,False
1niqf1i,train,1,http://wfrp.ia/resource/reddit/post/1niqf1i,ont_has_ontology_elements,global_counts,,1.0,False
1niqf1i,train,1,http://wfrp.ia/resource/reddit/post/1niqf1i,ont_count_domain_concepts,global_counts,,1.0,False
1niqf1i,train,1,http://wfrp.ia/resource/reddit/post/1niqf1i,ont_total_neutro_mentions,global_counts,,1.0,False
1niqf1i,train,1,http://wfrp.ia/resource/reddit/post/1niqf1i,ont_domain_score,global_counts,,1.0,False
1niqf1i,train,1,http://wfrp.ia/resource/reddit/post/1niqf1i,ont_domain_density,global_counts,,0.09090909090909091,True
1nim4nl,train,2,http://wfrp.ia/resource/reddit/post/1nim4nl,ont_Algoritmo_Neutro,algorithm,http://wfrp.ia/dominio/ciencia-tecnologia#Algoritmo,1.0,False
1nim4nl,train,2,http://wfrp.ia/resource/reddit/post/1nim4nl,ont_has_ontology_elements,global_counts,,1.0,False
1nim4nl,train,2,http://wfrp.ia/resource/reddit/post/1nim4nl,ont_count_domain_concepts,global_counts,,1.0,False
1nim4nl,train,2,http://wfrp.ia/resource/reddit/post/1nim4nl,ont_total_neutro_mentions,global_counts,,1.0,False
1nim4nl,train,2,http://wfrp.ia/resource/reddit/post/1nim4nl,ont_domain_score,global_counts,,1.0,False
1nim4nl,train,2,http://wfrp.ia/resource/reddit/post/1nim4nl,ont_domain_density,global_counts,,0.1111111111111111,True
1nj3tjn,train,0,http://wfrp.ia/resource/reddit/post/1nj3tjn,ont_InteligenciaArtificial_Neutro,ai,http://wfrp.ia/dominio/ciencia-tecnologia#InteligenciaArtificial,1.0,False
1nj3tjn,train,0,http://wfrp.ia/resource/reddit/post/1nj3tjn,ont_has_ontology_elements,global_counts,,1.0,False
1nj3tjn,train,0,http://wfrp.ia/resource/reddit/post/1nj3tjn,ont_count_domain_concepts,global_counts,,1.0,False
1nj3tjn,train,0,http://wfrp.ia/resource/reddit/post/1nj3tjn,ont_total_neutro_mentions,global_counts,,1.0,False
1nj3tjn,train,0,http://wfrp.ia/resource/reddit/post/1nj3tjn,ont_domain_score,global_counts,,1.0,False
1nj3tjn,train,0,http://wfrp.ia/resource/reddit/post/1nj3tjn,ont_domain_density,global_counts,,0.1,True
1niqulr,train,1,http://wfrp.ia/resource/reddit/post/1niqulr,ont_InteligenciaArtificial_Neutro,ai,http://wfrp.ia/dominio/ciencia-tecnologia#InteligenciaArtificial,1.0,False
1niqulr,train,1,http://wfrp.ia/resource/reddit/post/1niqulr,ont_has_ontology_elements,global_counts,,1.0,False
1niqulr,train,1,http://wfrp.ia/resource/reddit/post/1niqulr,ont_count_domain_concepts,global_counts,,1.0,False
1niqulr,train,1,http://wfrp.ia/resource/reddit/post/1niqulr,ont_total_neutro_mentions,global_counts,,1.0,False
1niqulr,train,1,http://wfrp.ia/resource/reddit/post/1niqulr,ont_domain_score,global_counts,,1.0,False
1niqulr,train,1,http://wfrp.ia/resource/reddit/post/1niqulr,ont_domain_density,global_counts,,0.06666666666666667,True
1nijlky,train,0,http://wfrp.ia/resource/reddit/post/1nijlky,ont_InteligenciaArtificial_Neutro,ai,http://wfrp.ia/dominio/ciencia-tecnologia#InteligenciaArtificial,1.0,False
1nijlky,train,0,http://wfrp.ia/resource/reddit/post/1nijlky,ont_has_ontology_elements,global_counts,,1.0,False
1nijlky,train,0,http://wfrp.ia/resource/reddit/post/1nijlky,ont_count_domain_concepts,global_counts,,1.0,False
1nijlky,train,0,http://wfrp.ia/resource/reddit/post/1nijlky,ont_total_neutro_mentions,global_counts,,1.0,False
1nijlky,train,0,http://wfrp.ia/resource/reddit/post/1nijlky,ont_domain_score,global_counts,,1.0,False
1nijlky,train,0,http://wfrp.ia/resource/reddit/post/1nijlky,ont_domain_density,global_counts,,0.047619047619047616,True
1nibuye,train,0,http://wfrp.ia/resource/reddit/post/1nibuye,ont_InteligenciaArtificial_Neutro,ai,http://wfrp.ia/dominio/ciencia-tecnologia#InteligenciaArtificial,1.0,False
1nibuye,train,0,http://wfrp.ia/resource/reddit/post/1nibuye,ont_has_ontology_elements,global_counts,,1.0,False
1nibuye,train,0,http://wfrp.ia/resource/reddit/post/1nibuye,ont_count_domain_concepts,global_counts,,1.0,False
1nibuye,train,0,http://wfrp.ia/resource/reddit/post/1nibuye,ont_total_neutro_mentions,global_counts,,1.0,False
1nibuye,train,0,http://wfrp.ia/resource/reddit/post/1nibuye,ont_domain_score,global_counts,,1.0,False
1nibuye,train,0,http://wfrp.ia/resource/reddit/post/1nibuye,ont_domain_density,global_counts,,0.1,True
1ni8yfu,train,2,http://wfrp.ia/resource/reddit/post/1ni8yfu,ont_InteligenciaArtificial_Neutro,ai,http://wfrp.ia/dominio/ciencia-tecnologia#InteligenciaArtificial,2.0,False
1ni8yfu,train,2,http://wfrp.ia/resource/reddit/post/1ni8yfu,ont_has_ontology_elements,global_counts,,1.0,False
1ni8yfu,train,2,http://wfrp.ia/resource/reddit/post/1ni8yfu,ont_count_domain_concepts,global_counts,,1.0,False
1ni8yfu,train,2,http://wfrp.ia/resource/reddit/post/1ni8yfu,ont_total_neutro_mentions,global_counts,,2.0,False
1ni8yfu,train,2,http://wfrp.ia/resource/reddit/post/1ni8yfu,ont_domain_score,global_counts,,1.0,False
1ni8yfu,train,2,http://wfrp.ia/resource/reddit/post/1ni8yfu,ont_domain_density,global_counts,,0.09090909090909091,True
1nibvfi,train,0,http://wfrp.ia/resource/reddit/post/1nibvfi,ont_InteligenciaArtificial_Neutro,ai,http://wfrp.ia/dominio/ciencia-tecnologia#InteligenciaArtificial,2.0,False
1nibvfi,train,0,http://wfrp.ia/resource/reddit/post/1nibvfi,ont_has_ontology_elements,global_counts,,1.0,False
1nibvfi,train,0,http://wfrp.ia/resource/reddit/post/1nibvfi,ont_count_domain_concepts,global_counts,,1.0,False
1nibvfi,train,0,http://wfrp.ia/resource/reddit/post/1nibvfi,ont_total_neutro_mentions,global_counts,,2.0,False
1nibvfi,train,0,http://wfrp.ia/resource/reddit/post/1nibvfi,ont_domain_score,global_counts,,2.0,False
1nibvfi,train,0,http://wfrp.ia/resource/reddit/post/1nibvfi,ont_domain_density,global_counts,,0.047619047619047616,True
1nio742,train,1,http://wfrp.ia/resource/reddit/post/1nio742,ont_InteligenciaArtificial_Neutro,ai,http://wfrp.ia/dominio/ciencia-tecnologia#InteligenciaArtificial,1.0,False
1nio742,train,1,http://wfrp.ia/resource/reddit/post/1nio742,ont_has_ontology_elements,global_counts,,1.0,False
1nio742,train,1,http://wfrp.ia/resource/reddit/post/1nio742,ont_count_domain_concepts,global_counts,,1.0,False
1nio742,train,1,http://wfrp.ia/resource/reddit/post/1nio742,ont_total_neutro_mentions,global_counts,,1.0,False
1nio742,train,1,http://wfrp.ia/resource/reddit/post/1nio742,ont_domain_score,global_counts,,1.0,False
1nio742,train,1,http://wfrp.ia/resource/reddit/post/1nio742,ont_domain_density,global_counts,,0.07692307692307693,True
1nj3yve,train,2,http://wfrp.ia/resource/reddit/post/1nj3yve,ont_InteligenciaArtificial_Neutro,ai,http://wfrp.ia/dominio/ciencia-tecnologia#InteligenciaArtificial,1.0,False
1nj3yve,train,2,http://wfrp.ia/resource/reddit/post/1nj3yve,ont_has_ontology_elements,global_counts,,1.0,False
1nj3yve,train,2,http://wfrp.ia/resource/reddit/post/1nj3yve,ont_count_domain_concepts,global_counts,,1.0,False
1nj3yve,train,2,http://wfrp.ia/resource/reddit/post/1nj3yve,ont_total_neutro_mentions,global_counts,,1.0,False
1nj3yve,train,2,http://wfrp.ia/resource/reddit/post/1nj3yve,ont_domain_score,global_counts,,1.0,False
1nj3yve,train,2,http://wfrp.ia/resource/reddit/post/1nj3yve,ont_domain_density,global_counts,,0.09090909090909091,True
1nic5kk,train,1,http://wfrp.ia/resource/reddit/post/1nic5kk,ont_InteligenciaArtificial_Neutro,ai,http://wfrp.ia/dominio/ciencia-tecnologia#InteligenciaArtificial,1.0,False
1nic5kk,train,1,http://wfrp.ia/resource/reddit/post/1nic5kk,ont_has_ontology_elements,global_counts,,1.0,False
1nic5kk,train,1,http://wfrp.ia/resource/reddit/post/1nic5kk,ont_count_domain_concepts,global_counts,,1.0,False
1nic5kk,train,1,http://wfrp.ia/resource/reddit/post/1nic5kk,ont_total_neutro_mentions,global_counts,,1.0,False
1nic5kk,train,1,http://wfrp.ia/resource/reddit/post/1nic5kk,ont_domain_score,global_counts,,1.0,False
1nic5kk,train,1,http://wfrp.ia/resource/reddit/post/1nic5kk,ont_domain_density,global_counts,,0.09090909090909091,True
1niravi,train,1,http://wfrp.ia/resource/reddit/post/1niravi,ont_Datos_Neutro,data,http://wfrp.ia/dominio/ciencia-tecnologia#Datos,1.0,False
1niravi,train,1,http://wfrp.ia/resource/reddit/post/1niravi,ont_has_ontology_elements,global_counts,,1.0,False
1niravi,train,1,http://wfrp.ia/resource/reddit/post/1niravi,ont_count_domain_concepts,global_counts,,1.0,False
1niravi,train,1,http://wfrp.ia/resource/reddit/post/1niravi,ont_total_neutro_mentions,global_counts,,1.0,False
1niravi,train,1,http://wfrp.ia/resource/reddit/post/1niravi,ont_domain_score,global_counts,,1.0,False
1niravi,train,1,http://wfrp.ia/resource/reddit/post/1niravi,ont_domain_density,global_counts,,0.1111111111111111,True
1niabmh,train,2,http://wfrp.ia/resource/reddit/post/1niabmh,ont_InteligenciaArtificial_Neutro,ai,http://wfrp.ia/dominio/ciencia-tecnologia#InteligenciaArtificial,1.0,False
1niabmh,train,2,http://wfrp.ia/resource/reddit/post/1niabmh,ont_has_ontology_elements,global_counts,,1.0,False
1niabmh,train,2,http://wfrp.ia/resource/reddit/post/1niabmh,ont_count_domain_concepts,global_counts,,1.0,False
1niabmh,train,2,http://wfrp.ia/resource/reddit/post/1niabmh,ont_total_neutro_mentions,global_counts,,1.0,False
1niabmh,train,2,http://wfrp.ia/resource/reddit/post/1niabmh,ont_domain_score,global_counts,,1.0,False
1niabmh,train,2,http://wfrp.ia/resource/reddit/post/1niabmh,ont_domain_density,global_counts,,0.08333333333333333,True
1njpfyc,train,2,http://wfrp.ia/resource/reddit/post/1njpfyc,ont_InteligenciaArtificial_Neutro,ai,http://wfrp.ia/dominio/ciencia-tecnologia#InteligenciaArtificial,1.0,False
1njpfyc,train,2,http://wfrp.ia/resource/reddit/post/1njpfyc,ont_has_ontology_elements,global_counts,,1.0,False
1njpfyc,train,2,http://wfrp.ia/resource/reddit/post/1njpfyc,ont_count_domain_concepts,global_counts,,1.0,False
1njpfyc,train,2,http://wfrp.ia/resource/reddit/post/1njpfyc,ont_total_neutro_mentions,global_counts,,1.0,False
1njpfyc,train,2,http://wfrp.ia/resource/reddit/post/1njpfyc,ont_domain_score,global_counts,,1.0,False
1njpfyc,train,2,http://wfrp.ia/resource/reddit/post/1njpfyc,ont_domain_density,global_counts,,0.1111111111111111,True
1njmjas,train,2,http://wfrp.ia/resource/reddit/post/1njmjas,,,,0.0,False
1njk8k6,train,2,http://wfrp.ia/resource/reddit/post/1njk8k6,ont_InteligenciaArtificial_Neutro,ai,http://wfrp.ia/dominio/ciencia-tecnologia#InteligenciaArtificial,1.0,False
1njk8k6,train,2,http://wfrp.ia/resource/reddit/post/1njk8k6,ont_has_ontology_elements,global_counts,,1.0,False
1njk8k6,train,2,http://wfrp.ia/resource/reddit/post/1njk8k6,ont_count_domain_concepts,global_counts,,1.0,False
1njk8k6,train,2,http://wfrp.ia/resource/reddit/post/1njk8k6,ont_total_neutro_mentions,global_counts,,1.0,False
1njk8k6,train,2,http://wfrp.ia/resource/reddit/post/1njk8k6,ont_domain_score,global_counts,,1.0,False
1njk8k6,train,2,http://wfrp.ia/resource/reddit/post/1njk8k6,ont_domain_density,global_counts,,0.07692307692307693,True
1nj55jl,train,1,http://wfrp.ia/resource/reddit/post/1nj55jl,ont_InteligenciaArtificial_Neutro,ai,http://wfrp.ia/dominio/ciencia-tecnologia#InteligenciaArtificial,1.0,False
1nj55jl,train,1,http://wfrp.ia/resource/reddit/post/1nj55jl,ont_has_ontology_elements,global_counts,,1.0,False
1nj55jl,train,1,http://wfrp.ia/resource/reddit/post/1nj55jl,ont_count_domain_concepts,global_counts,,1.0,False
1nj55jl,train,1,http://wfrp.ia/resource/reddit/post/1nj55jl,ont_total_neutro_mentions,global_counts,,1.0,False
1nj55jl,train,1,http://wfrp.ia/resource/reddit/post/1nj55jl,ont_domain_score,global_counts,,0.5,False
1nj55jl,train,1,http://wfrp.ia/resource/reddit/post/1nj55jl,ont_domain_density,global_counts,,0.1111111111111111,True
1njgu87,train,2,http://wfrp.ia/resource/reddit/post/1njgu87,ont_Robot_Neutro,robot,http://wfrp.ia/dominio/ciencia-tecnologia#Robot,1.0,False
1njgu87,train,2,http://wfrp.ia/resource/reddit/post/1njgu87,ont_has_ontology_elements,global_counts,,1.0,False
1njgu87,train,2,http://wfrp.ia/resource/reddit/post/1njgu87,ont_count_domain_concepts,global_counts,,1.0,False
1njgu87,train,2,http://wfrp.ia/resource/reddit/post/1njgu87,ont_total_neutro_mentions,global_counts,,1.0,False
1njgu87,train,2,http://wfrp.ia/resource/reddit/post/1njgu87,ont_domain_score,global_counts,,1.0,False
1njgu87,train,2,http://wfrp.ia/resource/reddit/post/1njgu87,ont_domain_density,global_counts,,0.1111111111111111,True
1njnvtb,train,2,http://wfrp.ia/resource/reddit/post/1njnvtb,ont_Tecnologia_Neutro,technology,http://wfrp.ia/dominio/ciencia-tecnologia#Tecnologia,1.0,True
1njnvtb,train,2,http://wfrp.ia/resource/reddit/post/1njnvtb,ont_has_ontology_elements,global_counts,,1.0,False
1njnvtb,train,2,http://wfrp.ia/resource/reddit/post/1njnvtb,ont_count_domain_concepts,global_counts,,1.0,False
1njnvtb,train,2,http://wfrp.ia/resource/reddit/post/1njnvtb,ont_total_neutro_mentions,global_counts,,1.0,False
1njnvtb,train,2,http://wfrp.ia/resource/reddit/post/1njnvtb,ont_domain_score,global_counts,,1.0,False
1njnvtb,train,2,http://wfrp.ia/resource/reddit/post/1njnvtb,ont_domain_density,global_counts,,0.06666666666666667,True
1njd1ud,train,1,http://wfrp.ia/resource/reddit/post/1njd1ud,ont_InteligenciaArtificial_Neutro,ai,http://wfrp.ia/dominio/ciencia-tecnologia#InteligenciaArtificial,2.0,False
1njd1ud,train,1,http://wfrp.ia/resource/reddit/post/1njd1ud,ont_has_ontology_elements,global_counts,,1.0,False
1njd1ud,train,1,http://wfrp.ia/resource/reddit/post/1njd1ud,ont_count_domain_concepts,global_counts,,1.0,False
1njd1ud,train,1,http://wfrp.ia/resource/reddit/post/1njd1ud,ont_total_neutro_mentions,global_counts,,2.0,False
1njd1ud,train,1,http://wfrp.ia/resource/reddit/post/1njd1ud,ont_domain_score,global_counts,,2.0,False
1njd1ud,train,1,http://wfrp.ia/resource/reddit/post/1njd1ud,ont_domain_density,global_counts,,0.041666666666666664,True
1njbk0q,train,2,http://wfrp.ia/resource/reddit/post/1njbk0q,ont_InteligenciaArtificial_Neutro,ai,http://wfrp.ia/dominio/ciencia-tecnologia#InteligenciaArtificial,1.0,False
1njbk0q,train,2,http://wfrp.ia/resource/reddit/post/1njbk0q,ont_Robot_Neutro,robot,http://wfrp.ia/dominio/ciencia-tecnologia#Robot,1.0,False
1njbk0q,train,2,http://wfrp.ia/resource/reddit/post/1njbk0q,ont_has_ontology_elements,global_counts,,1.0,False
1njbk0q,train,2,http://wfrp.ia/resource/reddit/post/1njbk0q,ont_count_domain_concepts,global_counts,,2.0,False
1njbk0q,train,2,http://wfrp.ia/resource/reddit/post/1njbk0q,ont_total_neutro_mentions,global_counts,,2.0,False
1njbk0q,train,2,http://wfrp.ia/resource/reddit/post/1njbk0q,ont_domain_score,global_counts,,2.0,False
1njbk0q,train,2,http://wfrp.ia/resource/reddit/post/1njbk0q,ont_domain_density,global_counts,,0.2222222222222222,True
1njhtqq,train,1,http://wfrp.ia/resource/reddit/post/1njhtqq,ont_InteligenciaArtificial_Neutro,ai,http://wfrp.ia/dominio/ciencia-tecnologia#InteligenciaArtificial,2.0,False
1njhtqq,train,1,http://wfrp.ia/resource/reddit/post/1njhtqq,ont_has_ontology_elements,global_counts,,1.0,False
1njhtqq,train,1,http://wfrp.ia/resource/reddit/post/1njhtqq,ont_count_domain_concepts,global_counts,,1.0,False
1njhtqq,train,1,http://wfrp.ia/resource/reddit/post/1njhtqq,ont_total_neutro_mentions,global_counts,,2.0,False
1njhtqq,train,1,http://wfrp.ia/resource/reddit/post/1njhtqq,ont_domain_score,global_counts,,1.5,False
1njhtqq,train,1,http://wfrp.ia/resource/reddit/post/1njhtqq,ont_domain_density,global_counts,,0.09090909090909091,True
1nj9r74,train,2,http://wfrp.ia/resource/reddit/post/1nj9r74,ont_InteligenciaArtificial_Neutro,ai,http://wfrp.ia/dominio/ciencia-tecnologia#InteligenciaArtificial,1.0,False
1nj9r74,train,2,http://wfrp.ia/resource/reddit/post/1nj9r74,ont_Tecnologia_Neutro,technology,http://wfrp.ia/dominio/ciencia-tecnologia#Tecnologia,1.0,True
1nj9r74,train,2,http://wfrp.ia/resource/reddit/post/1nj9r74,ont_has_ontology_elements,global_counts,,1.0,False
1nj9r74,train,2,http://wfrp.ia/resource/reddit/post/1nj9r74,ont_count_domain_concepts,global_counts,,2.0,False
1nj9r74,train,2,http://wfrp.ia/resource/reddit/post/1nj9r74,ont_total_neutro_mentions,global_counts,,2.0,False
1nj9r74,train,2,http://wfrp.ia/resource/reddit/post/1nj9r74,ont_domain_score,global_counts,,2.0,False
1nj9r74,train,2,http://wfrp.ia/resource/reddit/post/1nj9r74,ont_domain_density,global_counts,,0.18181818181818182,True
1nj837o,train,0,http://wfrp.ia/resource/reddit/post/1nj837o,ont_InteligenciaArtificial_Neutro,ai,http://wfrp.ia/dominio/ciencia-tecnologia#InteligenciaArtificial,1.0,False
1nj837o,train,0,http://wfrp.ia/resource/reddit/post/1nj837o,ont_has_ontology_elements,global_counts,,1.0,False
1nj837o,train,0,http://wfrp.ia/resource/reddit/post/1nj837o,ont_count_domain_concepts,global_counts,,1.0,False
1nj837o,train,0,http://wfrp.ia/resource/reddit/post/1nj837o,ont_total_neutro_mentions,global_counts,,1.0,False
1nj837o,train,0,http://wfrp.ia/resource/reddit/post/1nj837o,ont_domain_score,global_counts,,1.0,False
1nj837o,train,0,http://wfrp.ia/resource/reddit/post/1nj837o,ont_domain_density,global_counts,,0.043478260869565216,True
1nj8pcz,train,2,http://wfrp.ia/resource/reddit/post/1nj8pcz,ont_InteligenciaArtificial_Neutro,ai,http://wfrp.ia/dominio/ciencia-tecnologia#InteligenciaArtificial,1.0,False
1nj8pcz,train,2,http://wfrp.ia/resource/reddit/post/1nj8pcz,ont_has_ontology_elements,global_counts,,1.0,False
1nj8pcz,train,2,http://wfrp.ia/resource/reddit/post/1nj8pcz,ont_count_domain_concepts,global_counts,,1.0,False
1nj8pcz,train,2,http://wfrp.ia/resource/reddit/post/1nj8pcz,ont_total_neutro_mentions,global_counts,,1.0,False
1nj8pcz,train,2,http://wfrp.ia/resource/reddit/post/1nj8pcz,ont_domain_score,global_counts,,1.0,False
1nj8pcz,train,2,http://wfrp.ia/resource/reddit/post/1nj8pcz,ont_domain_density,global_counts,,0.1111111111111111,True
1nj8nga,train,0,http://wfrp.ia/resource/reddit/post/1nj8nga,ont_InteligenciaArtificial_Neutro,ai,http://wfrp.ia/dominio/ciencia-tecnologia#InteligenciaArtificial,1.0,False
1nj8nga,train,0,http://wfrp.ia/resource/reddit/post/1nj8nga,ont_has_ontology_elements,global_counts,,1.0,False
1nj8nga,train,0,http://wfrp.ia/resource/reddit/post/1nj8nga,ont_count_domain_concepts,global_counts,,1.0,False
1nj8nga,train,0,http://wfrp.ia/resource/reddit/post/1nj8nga,ont_total_neutro_mentions,global_counts,,1.0,False
1nj8nga,train,0,http://wfrp.ia/resource/reddit/post/1nj8nga,ont_domain_score,global_counts,,1.0,False
1nj8nga,train,0,http://wfrp.ia/resource/reddit/post/1nj8nga,ont_domain_density,global_counts,,0.08333333333333333,True
1njox3w,train,2,http://wfrp.ia/resource/reddit/post/1njox3w,ont_has_ontology_elements,global_counts,,1.0,False
1njl5co,train,2,http://wfrp.ia/resource/reddit/post/1njl5co,ont_InteligenciaArtificial_Neutro,ai,http://wfrp.ia/dominio/ciencia-tecnologia#InteligenciaArtificial,1.0,False
1njl5co,train,2,http://wfrp.ia/resource/reddit/post/1njl5co,ont_has_ontology_elements,global_counts,,1.0,False
1njl5co,train,2,http://wfrp.ia/resource/reddit/post/1njl5co,ont_count_domain_concepts,global_counts,,1.0,False
1njl5co,train,2,http://wfrp.ia/resource/reddit/post/1njl5co,ont_total_neutro_mentions,global_counts,,1.0,False
1njl5co,train,2,http://wfrp.ia/resource/reddit/post/1njl5co,ont_domain_score,global_counts,,1.0,False
1njl5co,train,2,http://wfrp.ia/resource/reddit/post/1njl5co,ont_domain_density,global_counts,,0.09090909090909091,True
1njl0al,train,1,http://wfrp.ia/resource/reddit/post/1njl0al,ont_InteligenciaArtificial_Neutro,ai,http://wfrp.ia/dominio/ciencia-tecnologia#InteligenciaArtificial,1.0,False
1njl0al,train,1,http://wfrp.ia/resource/reddit/post/1njl0al,ont_has_ontology_elements,global_counts,,1.0,False
1njl0al,train,1,http://wfrp.ia/resource/reddit/post/1njl0al,ont_count_domain_concepts,global_counts,,1.0,False
1njl0al,train,1,http://wfrp.ia/resource/reddit/post/1njl0al,ont_total_neutro_mentions,global_counts,,1.0,False
1njl0al,train,1,http://wfrp.ia/resource/reddit/post/1njl0al,ont_domain_score,global_counts,,1.0,False
1njl0al,train,1,http://wfrp.ia/resource/reddit/post/1njl0al,ont_domain_density,global_counts,,0.07142857142857142,True
1ndjufh,train,1,http://wfrp.ia/resource/reddit/post/1ndjufh,ont_Tecnologia_Neutro,technology,http://wfrp.ia/dominio/ciencia-tecnologia#Tecnologia,1.0,True
1ndjufh,train,1,http://wfrp.ia/resource/reddit/post/1ndjufh,ont_has_ontology_elements,global_counts,,1.0,False
1ndjufh,train,1,http://wfrp.ia/resource/reddit/post/1ndjufh,ont_count_domain_concepts,global_counts,,1.0,False
1ndjufh,train,1,http://wfrp.ia/resource/reddit/post/1ndjufh,ont_total_neutro_mentions,global_counts,,1.0,False
1ndjufh,train,1,http://wfrp.ia/resource/reddit/post/1ndjufh,ont_domain_score,global_counts,,1.0,False
1ndjufh,train,1,http://wfrp.ia/resource/reddit/post/1ndjufh,ont_domain_density,global_counts,,0.06666666666666667,True
1ndg9qb,train,2,http://wfrp.ia/resource/reddit/post/1ndg9qb,ont_Datos_Neutro,data,http://wfrp.ia/dominio/ciencia-tecnologia#Datos,1.0,False
1ndg9qb,train,2,http://wfrp.ia/resource/reddit/post/1ndg9qb,ont_has_ontology_elements,global_counts,,1.0,False
1ndg9qb,train,2,http://wfrp.ia/resource/reddit/post/1ndg9qb,ont_count_domain_concepts,global_counts,,1.0,False
1ndg9qb,train,2,http://wfrp.ia/resource/reddit/post/1ndg9qb,ont_total_neutro_mentions,global_counts,,1.0,False
1ndg9qb,train,2,http://wfrp.ia/resource/reddit/post/1ndg9qb,ont_domain_score,global_counts,,1.0,False
1ndg9qb,train,2,http://wfrp.ia/resource/reddit/post/1ndg9qb,ont_domain_density,global_counts,,0.06666666666666667,True
1ndbxtk,train,1,http://wfrp.ia/resource/reddit/post/1ndbxtk,ont_InteligenciaArtificial_Neutro,ai,http://wfrp.ia/dominio/ciencia-tecnologia#InteligenciaArtificial,1.0,False
1ndbxtk,train,1,http://wfrp.ia/resource/reddit/post/1ndbxtk,ont_Tecnologia_Neutro,technology,http://wfrp.ia/dominio/ciencia-tecnologia#Tecnologia,1.0,True
1ndbxtk,train,1,http://wfrp.ia/resource/reddit/post/1ndbxtk,ont_has_ontology_elements,global_counts,,1.0,False
1ndbxtk,train,1,http://wfrp.ia/resource/reddit/post/1ndbxtk,ont_count_domain_concepts,global_counts,,2.0,False
1ndbxtk,train,1,http://wfrp.ia/resource/reddit/post/1ndbxtk,ont_total_neutro_mentions,global_counts,,2.0,False
1ndbxtk,train,1,http://wfrp.ia/resource/reddit/post/1ndbxtk,ont_domain_score,global_counts,,2.0,False
1ndbxtk,train,1,http://wfrp.ia/resource/reddit/post/1ndbxtk,ont_domain_density,global_counts,,0.08,True
1ndk7r7,train,0,http://wfrp.ia/resource/reddit/post/1ndk7r7,ont_InteligenciaArtificial_Positivo,ai,http://wfrp.ia/dominio/ciencia-tecnologia#InteligenciaArtificial,1.0,False
1ndk7r7,train,0,http://wfrp.ia/resource/reddit/post/1ndk7r7,ont_InteligenciaArtificial_Negativo,ai,http://wfrp.ia/dominio/ciencia-tecnologia#InteligenciaArtificial,1.0,True
1ndk7r7,train,0,http://wfrp.ia/resource/reddit/post/1ndk7r7,ont_InteligenciaArtificial_Neutro,ai,http://wfrp.ia/dominio/ciencia-tecnologia#InteligenciaArtificial,1.0,False
1ndk7r7,train,0,http://wfrp.ia/resource/reddit/post/1ndk7r7,ont_Tecnologia_Negativo,technology,http://wfrp.ia/dominio/ciencia-tecnologia#Tecnologia,1.0,False
1ndk7r7,train,0,http://wfrp.ia/resource/reddit/post/1ndk7r7,ont_has_ontology_elements,global_counts,,1.0,False
1ndk7r7,train,0,http://wfrp.ia/resource/reddit/post/1ndk7r7,ont_count_domain_concepts,global_counts,,2.0,False
1ndk7r7,train,0,http://wfrp.ia/resource/reddit/post/1ndk7r7,ont_total_positivo_mentions,global_counts,,1.0,False
1ndk7r7,train,0,http://wfrp.ia/resource/reddit/post/1ndk7r7,ont_total_negativo_mentions,global_counts,,2.0,True
1ndk7r7,train,0,http://wfrp.ia/resource/reddit/post/1ndk7r7,ont_total_neutro_mentions,global_counts,,1.0,False
1ndk7r7,train,0,http://wfrp.ia/resource/reddit/post/1ndk7r7,ont_domain_score,global_counts,,4.0,False
1ndk7r7,train,0,http://wfrp.ia/resource/reddit/post/1ndk7r7,ont_domain_density,global_counts,,0.08695652173913043,True
1nd6svo,train,2,http://wfrp.ia/resource/reddit/post/1nd6svo,ont_Tecnologia_Neutro,technology,http://wfrp.ia/dominio/ciencia-tecnologia#Tecnologia,1.0,True
1nd6svo,train,2,http://wfrp.ia/resource/reddit/post/1nd6svo,ont_has_ontology_elements,global_counts,,1.0,False
1nd6svo,train,2,http://wfrp.ia/resource/reddit/post/1nd6svo,ont_count_domain_concepts,global_counts,,1.0,False
1nd6svo,train,2,http://wfrp.ia/resource/reddit/post/1nd6svo,ont_total_neutro_mentions,global_counts,,1.0,False
1nd6svo,train,2,http://wfrp.ia/resource/reddit/post/1nd6svo,ont_domain_score,global_counts,,1.0,False
1nd6svo,train,2,http://wfrp.ia/resource/reddit/post/1nd6svo,ont_domain_density,global_counts,,0.125,True
1ndt8a6,train,2,http://wfrp.ia/resource/reddit/post/1ndt8a6,ont_InteligenciaArtificial_Neutro,ai,http://wfrp.ia/dominio/ciencia-tecnologia#InteligenciaArtificial,1.0,False
1ndt8a6,train,2,http://wfrp.ia/resource/reddit/post/1ndt8a6,ont_has_ontology_elements,global_counts,,1.0,False
1ndt8a6,train,2,http://wfrp.ia/resource/reddit/post/1ndt8a6,ont_count_domain_concepts,global_counts,,1.0,False
1ndt8a6,train,2,http://wfrp.ia/resource/reddit/post/1ndt8a6,ont_total_neutro_mentions,global_counts,,1.0,False
1ndt8a6,train,2,http://wfrp.ia/resource/reddit/post/1ndt8a6,ont_domain_score,global_counts,,1.0,False
1ndt8a6,train,2,http://wfrp.ia/resource/reddit/post/1ndt8a6,ont_domain_density,global_counts,,0.06666666666666667,True
1ndgpal,train,2,http://wfrp.ia/resource/reddit/post/1ndgpal,ont_InteligenciaArtificial_Neutro,ai,http://wfrp.ia/dominio/ciencia-tecnologia#InteligenciaArtificial,1.0,False
1ndgpal,train,2,http://wfrp.ia/resource/reddit/post/1ndgpal,ont_Robot_Neutro,robot,http://wfrp.ia/dominio/ciencia-tecnologia#Robot,1.0,False
1ndgpal,train,2,http://wfrp.ia/resource/reddit/post/1ndgpal,ont_has_ontology_elements,global_counts,,1.0,False
1ndgpal,train,2,http://wfrp.ia/resource/reddit/post/1ndgpal,ont_count_domain_concepts,global_counts,,3.0,False
1ndgpal,train,2,http://wfrp.ia/resource/reddit/post/1ndgpal,ont_total_neutro_mentions,global_counts,,2.0,False
1ndgpal,train,2,http://wfrp.ia/resource/reddit/post/1ndgpal,ont_domain_score,global_counts,,3.0,False
1ndgpal,train,2,http://wfrp.ia/resource/reddit/post/1ndgpal,ont_domain_density,global_counts,,0.16666666666666666,True
1ndckn2,train,1,http://wfrp.ia/resource/reddit/post/1ndckn2,ont_InteligenciaArtificial_Positivo,ai,http://wfrp.ia/dominio/ciencia-tecnologia#InteligenciaArtificial,1.0,False
1ndckn2,train,1,http://wfrp.ia/resource/reddit/post/1ndckn2,ont_has_ontology_elements,global_counts,,1.0,False
1ndckn2,train,1,http://wfrp.ia/resource/reddit/post/1ndckn2,ont_count_domain_concepts,global_counts,,1.0,False
1ndckn2,train,1,http://wfrp.ia/resource/reddit/post/1ndckn2,ont_total_positivo_mentions,global_counts,,1.0,False
1ndckn2,train,1,http://wfrp.ia/resource/reddit/post/1ndckn2,ont_domain_score,global_counts,,1.0,False
1ndckn2,train,1,http://wfrp.ia/resource/reddit/post/1ndckn2,ont_domain_density,global_counts,,0.05555555555555555,True
1ndef4c,train,1,http://wfrp.ia/resource/reddit/post/1ndef4c,ont_InteligenciaArtificial_Neutro,ai,http://wfrp.ia/dominio/ciencia-tecnologia#InteligenciaArtificial,1.0,False
1ndef4c,train,1,http://wfrp.ia/resource/reddit/post/1ndef4c,ont_has_ontology_elements,global_counts,,1.0,False
1ndef4c,train,1,http://wfrp.ia/resource/reddit/post/1ndef4c,ont_count_domain_concepts,global_counts,,1.0,False
1ndef4c,train,1,http://wfrp.ia/resource/reddit/post/1ndef4c,ont_total_neutro_mentions,global_counts,,1.0,False
1ndef4c,train,1,http://wfrp.ia/resource/reddit/post/1ndef4c,ont_domain_score,global_counts,,1.0,False
1ndef4c,train,1,http://wfrp.ia/resource/reddit/post/1ndef4c,ont_domain_density,global_counts,,0.07692307692307693,True
1ndsvb5,train,1,http://wfrp.ia/resource/reddit/post/1ndsvb5,ont_InteligenciaArtificial_Neutro,ai,http://wfrp.ia/dominio/ciencia-tecnologia#InteligenciaArtificial,1.0,False
1ndsvb5,train,1,http://wfrp.ia/resource/reddit/post/1ndsvb5,ont_has_ontology_elements,global_counts,,1.0,False
1ndsvb5,train,1,http://wfrp.ia/resource/reddit/post/1ndsvb5,ont_count_domain_concepts,global_counts,,1.0,False
1ndsvb5,train,1,http://wfrp.ia/resource/reddit/post/1ndsvb5,ont_total_neutro_mentions,global_counts,,1.0,False
1ndsvb5,train,1,http://wfrp.ia/resource/reddit/post/1ndsvb5,ont_domain_score,global_counts,,0.5,False
1ndsvb5,train,1,http://wfrp.ia/resource/reddit/post/1ndsvb5,ont_domain_density,global_counts,,0.1111111111111111,True
1nda50j,train,1,http://wfrp.ia/resource/reddit/post/1nda50j,ont_Robot_Neutro,robot,http://wfrp.ia/dominio/ciencia-tecnologia#Robot,1.0,False
1nda50j,train,1,http://wfrp.ia/resource/reddit/post/1nda50j,ont_has_ontology_elements,global_counts,,1.0,False
1nda50j,train,1,http://wfrp.ia/resource/reddit/post/1nda50j,ont_count_domain_concepts,global_counts,,1.0,False
1nda50j,train,1,http://wfrp.ia/resource/reddit/post/1nda50j,ont_total_neutro_mentions,global_counts,,1.0,False
1nda50j,train,1,http://wfrp.ia/resource/reddit/post/1nda50j,ont_domain_score,global_counts,,1.0,False
1nda50j,train,1,http://wfrp.ia/resource/reddit/post/1nda50j,ont_domain_density,global_counts,,0.16666666666666666,True
1ndutmc,train,0,http://wfrp.ia/resource/reddit/post/1ndutmc,ont_Datos_Neutro,data,http://wfrp.ia/dominio/ciencia-tecnologia#Datos,1.0,False
1ndutmc,train,0,http://wfrp.ia/resource/reddit/post/1ndutmc,ont_has_ontology_elements,global_counts,,1.0,False
1ndutmc,train,0,http://wfrp.ia/resource/reddit/post/1ndutmc,ont_count_domain_concepts,global_counts,,1.0,False
1ndutmc,train,0,http://wfrp.ia/resource/reddit/post/1ndutmc,ont_total_neutro_mentions,global_counts,,1.0,False
1ndutmc,train,0,http://wfrp.ia/resource/reddit/post/1ndutmc,ont_domain_score,global_counts,,1.0,False
1ndutmc,train,0,http://wfrp.ia/resource/reddit/post/1ndutmc,ont_domain_density,global_counts,,0.03571428571428571,True
1nddr81,train,1,http://wfrp.ia/resource/reddit/post/1nddr81,ont_InteligenciaArtificial_Neutro,ai,http://wfrp.ia/dominio/ciencia-tecnologia#InteligenciaArtificial,1.0,False
1nddr81,train,1,http://wfrp.ia/resource/reddit/post/1nddr81,ont_has_ontology_elements,global_counts,,1.0,False
1nddr81,train,1,http://wfrp.ia/resource/reddit/post/1nddr81,ont_count_domain_concepts,global_counts,,1.0,False
1nddr81,train,1,http://wfrp.ia/resource/reddit/post/1nddr81,ont_total_neutro_mentions,global_counts,,1.0,False
1nddr81,train,1,http://wfrp.ia/resource/reddit/post/1nddr81,ont_domain_score,global_counts,,1.0,False
1nddr81,train,1,http://wfrp.ia/resource/reddit/post/1nddr81,ont_domain_density,global_counts,,0.08333333333333333,True
1ndun1b,train,2,http://wfrp.ia/resource/reddit/post/1ndun1b,ont_InteligenciaArtificial_Positivo,ai,http://wfrp.ia/dominio/ciencia-tecnologia#InteligenciaArtificial,1.0,False
1ndun1b,train,2,http://wfrp.ia/resource/reddit/post/1ndun1b,ont_Futuro_Neutro,future,http://wfrp.ia/dominio/ciencia-tecnologia#Futuro,1.0,False
1ndun1b,train,2,http://wfrp.ia/resource/reddit/post/1ndun1b,ont_has_ontology_elements,global_counts,,1.0,False
1ndun1b,train,2,http://wfrp.ia/resource/reddit/post/1ndun1b,ont_count_domain_concepts,global_counts,,2.0,False
1ndun1b,train,2,http://wfrp.ia/resource/reddit/post/1ndun1b,ont_total_positivo_mentions,global_counts,,1.0,False
1ndun1b,train,2,http://wfrp.ia/resource/reddit/post/1ndun1b,ont_total_neutro_mentions,global_counts,,1.0,False
1ndun1b,train,2,http://wfrp.ia/resource/reddit/post/1ndun1b,ont_domain_score,global_counts,,2.0,False
1ndun1b,train,2,http://wfrp.ia/resource/reddit/post/1ndun1b,ont_domain_density,global_counts,,0.25,True
1nduyaj,train,1,http://wfrp.ia/resource/reddit/post/1nduyaj,ont_InteligenciaArtificial_Neutro,ai,http://wfrp.ia/dominio/ciencia-tecnologia#InteligenciaArtificial,2.0,False
1nduyaj,train,1,http://wfrp.ia/resource/reddit/post/1nduyaj,ont_has_ontology_elements,global_counts,,1.0,False
1nduyaj,train,1,http://wfrp.ia/resource/reddit/post/1nduyaj,ont_count_domain_concepts,global_counts,,1.0,False
1nduyaj,train,1,http://wfrp.ia/resource/reddit/post/1nduyaj,ont_total_neutro_mentions,global_counts,,2.0,False
1nduyaj,train,1,http://wfrp.ia/resource/reddit/post/1nduyaj,ont_domain_score,global_counts,,2.0,False
1nduyaj,train,1,http://wfrp.ia/resource/reddit/post/1nduyaj,ont_domain_density,global_counts,,0.023255813953488372,True
1ndkwrx,train,1,http://wfrp.ia/resource/reddit/post/1ndkwrx,ont_InteligenciaArtificial_Neutro,ai,http://wfrp.ia/dominio/ciencia-tecnologia#InteligenciaArtificial,2.0,False
1ndkwrx,train,1,http://wfrp.ia/resource/reddit/post/1ndkwrx,ont_has_ontology_elements,global_counts,,1.0,False
1ndkwrx,train,1,http://wfrp.ia/resource/reddit/post/1ndkwrx,ont_count_domain_concepts,global_counts,,2.0,False
1ndkwrx,train,1,http://wfrp.ia/resource/reddit/post/1ndkwrx,ont_total_neutro_mentions,global_counts,,2.0,False
1ndkwrx,train,1,http://wfrp.ia/resource/reddit/post/1ndkwrx,ont_domain_score,global_counts,,2.0,False
1ndkwrx,train,1,http://wfrp.ia/resource/reddit/post/1ndkwrx,ont_domain_density,global_counts,,0.13333333333333333,True
1ndhrpc,train,1,http://wfrp.ia/resource/reddit/post/1ndhrpc,ont_InteligenciaArtificial_Neutro,ai,http://wfrp.ia/dominio/ciencia-tecnologia#InteligenciaArtificial,1.0,False
1ndhrpc,train,1,http://wfrp.ia/resource/reddit/post/1ndhrpc,ont_has_ontology_elements,global_counts,,1.0,False
1ndhrpc,train,1,http://wfrp.ia/resource/reddit/post/1ndhrpc,ont_count_domain_concepts,global_counts,,1.0,False
1ndhrpc,train,1,http://wfrp.ia/resource/reddit/post/1ndhrpc,ont_total_neutro_mentions,global_counts,,1.0,False
1ndhrpc,train,1,http://wfrp.ia/resource/reddit/post/1ndhrpc,ont_domain_score,global_counts,,1.0,False
1ndhrpc,train,1,http://wfrp.ia/resource/reddit/post/1ndhrpc,ont_domain_density,global_counts,,0.07142857142857142,True
1nb0x3m,train,2,http://wfrp.ia/resource/reddit/post/1nb0x3m,ont_InteligenciaArtificial_Neutro,ai,http://wfrp.ia/dominio/ciencia-tecnologia#InteligenciaArtificial,1.0,False
1nb0x3m,train,2,http://wfrp.ia/resource/reddit/post/1nb0x3m,ont_has_ontology_elements,global_counts,,1.0,False
1nb0x3m,train,2,http://wfrp.ia/resource/reddit/post/1nb0x3m,ont_count_domain_concepts,global_counts,,1.0,False
1nb0x3m,train,2,http://wfrp.ia/resource/reddit/post/1nb0x3m,ont_total_neutro_mentions,global_counts,,1.0,False
1nb0x3m,train,2,http://wfrp.ia/resource/reddit/post/1nb0x3m,ont_domain_score,global_counts,,1.0,False
1nb0x3m,train,2,http://wfrp.ia/resource/reddit/post/1nb0x3m,ont_domain_density,global_counts,,0.06666666666666667,True
1nane2b,train,1,http://wfrp.ia/resource/reddit/post/1nane2b,ont_InteligenciaArtificial_Neutro,ai,http://wfrp.ia/dominio/ciencia-tecnologia#InteligenciaArtificial,2.0,False
1nane2b,train,1,http://wfrp.ia/resource/reddit/post/1nane2b,ont_has_ontology_elements,global_counts,,1.0,False
1nane2b,train,1,http://wfrp.ia/resource/reddit/post/1nane2b,ont_count_domain_concepts,global_counts,,1.0,False
1nane2b,train,1,http://wfrp.ia/resource/reddit/post/1nane2b,ont_total_neutro_mentions,global_counts,,2.0,False
1nane2b,train,1,http://wfrp.ia/resource/reddit/post/1nane2b,ont_domain_score,global_counts,,2.0,False
1nane2b,train,1,http://wfrp.ia/resource/reddit/post/1nane2b,ont_domain_density,global_counts,,0.04,True
1nasbwi,train,2,http://wfrp.ia/resource/reddit/post/1nasbwi,ont_InteligenciaArtificial_Positivo,ai,http://wfrp.ia/dominio/ciencia-tecnologia#InteligenciaArtificial,1.0,False
1nasbwi,train,2,http://wfrp.ia/resource/reddit/post/1nasbwi,ont_has_ontology_elements,global_counts,,1.0,False
1nasbwi,train,2,http://wfrp.ia/resource/reddit/post/1nasbwi,ont_count_domain_concepts,global_counts,,1.0,False
1nasbwi,train,2,http://wfrp.ia/resource/reddit/post/1nasbwi,ont_total_positivo_mentions,global_counts,,1.0,False
1nasbwi,train,2,http://wfrp.ia/resource/reddit/post/1nasbwi,ont_domain_score,global_counts,,1.0,False
1nasbwi,train,2,http://wfrp.ia/resource/reddit/post/1nasbwi,ont_domain_density,global_counts,,0.0625,True
1nb75et,train,1,http://wfrp.ia/resource/reddit/post/1nb75et,ont_InteligenciaArtificial_Neutro,ai,http://wfrp.ia/dominio/ciencia-tecnologia#InteligenciaArtificial,1.0,False
1nb75et,train,1,http://wfrp.ia/resource/reddit/post/1nb75et,ont_has_ontology_elements,global_counts,,1.0,False
1nb75et,train,1,http://wfrp.ia/resource/reddit/post/1nb75et,ont_count_domain_concepts,global_counts,,1.0,False
1nb75et,train,1,http://wfrp.ia/resource/reddit/post/1nb75et,ont_total_neutro_mentions,global_counts,,1.0,False
1nb75et,train,1,http://wfrp.ia/resource/reddit/post/1nb75et,ont_domain_score,global_counts,,1.0,False
1nb75et,train,1,http://wfrp.ia/resource/reddit/post/1nb75et,ont_domain_density,global_counts,,0.05,True
1nb28uu,train,0,http://wfrp.ia/resource/reddit/post/1nb28uu,,,,0.0,False
1nazytu,train,2,http://wfrp.ia/resource/reddit/post/1nazytu,ont_Tecnologia_Neutro,technology,http://wfrp.ia/dominio/ciencia-tecnologia#Tecnologia,1.0,True
1nazytu,train,2,http://wfrp.ia/resource/reddit/post/1nazytu,ont_has_ontology_elements,global_counts,,1.0,False
1nazytu,train,2,http://wfrp.ia/resource/reddit/post/1nazytu,ont_count_domain_concepts,global_counts,,1.0,False
1nazytu,train,2,http://wfrp.ia/resource/reddit/post/1nazytu,ont_total_neutro_mentions,global_counts,,1.0,False
1nazytu,train,2,http://wfrp.ia/resource/reddit/post/1nazytu,ont_domain_score,global_counts,,1.0,False
1nazytu,train,2,http://wfrp.ia/resource/reddit/post/1nazytu,ont_domain_density,global_counts,,0.1,True
1nauhkg,train,0,http://wfrp.ia/resource/reddit/post/1nauhkg,ont_InteligenciaArtificial_Neutro,ai,http://wfrp.ia/dominio/ciencia-tecnologia#InteligenciaArtificial,1.0,False
1nauhkg,train,0,http://wfrp.ia/resource/reddit/post/1nauhkg,ont_has_ontology_elements,global_counts,,1.0,False
1nauhkg,train,0,http://wfrp.ia/resource/reddit/post/1nauhkg,ont_count_domain_concepts,global_counts,,1.0,False
1nauhkg,train,0,http://wfrp.ia/resource/reddit/post/1nauhkg,ont_total_neutro_mentions,global_counts,,1.0,False
1nauhkg,train,0,http://wfrp.ia/resource/reddit/post/1nauhkg,ont_domain_score,global_counts,,1.0,False
1nauhkg,train,0,http://wfrp.ia/resource/reddit/post/1nauhkg,ont_domain_density,global_counts,,0.125,True
1naoif1,train,0,http://wfrp.ia/resource/reddit/post/1naoif1,ont_InteligenciaArtificial_Neutro,ai,http://wfrp.ia/dominio/ciencia-tecnologia#InteligenciaArtificial,1.0,False
1naoif1,train,0,http://wfrp.ia/resource/reddit/post/1naoif1,ont_has_ontology_elements,global_counts,,1.0,False
1naoif1,train,0,http://wfrp.ia/resource/reddit/post/1naoif1,ont_count_domain_concepts,global_counts,,1.0,False
1naoif1,train,0,http://wfrp.ia/resource/reddit/post/1naoif1,ont_total_neutro_mentions,global_counts,,1.0,False
1naoif1,train,0,http://wfrp.ia/resource/reddit/post/1naoif1,ont_domain_score,global_counts,,1.0,False
1naoif1,train,0,http://wfrp.ia/resource/reddit/post/1naoif1,ont_domain_density,global_counts,,0.0625,True
1naxp7j,train,1,http://wfrp.ia/resource/reddit/post/1naxp7j,ont_InteligenciaArtificial_Neutro,ai,http://wfrp.ia/dominio/ciencia-tecnologia#InteligenciaArtificial,2.0,False
1naxp7j,train,1,http://wfrp.ia/resource/reddit/post/1naxp7j,ont_has_ontology_elements,global_counts,,1.0,False
1naxp7j,train,1,http://wfrp.ia/resource/reddit/post/1naxp7j,ont_count_domain_concepts,global_counts,,1.0,False
1naxp7j,train,1,http://wfrp.ia/resource/reddit/post/1naxp7j,ont_total_neutro_mentions,global_counts,,2.0,False
1naxp7j,train,1,http://wfrp.ia/resource/reddit/post/1naxp7j,ont_domain_score,global_counts,,2.0,False
1naxp7j,train,1,http://wfrp.ia/resource/reddit/post/1naxp7j,ont_domain_density,global_counts,,0.0625,True
1ncnay8,train,2,http://wfrp.ia/resource/reddit/post/1ncnay8,ont_InteligenciaArtificial_Positivo,ai,http://wfrp.ia/dominio/ciencia-tecnologia#InteligenciaArtificial,1.0,False
1ncnay8,train,2,http://wfrp.ia/resource/reddit/post/1ncnay8,ont_Robot_Neutro,robot,http://wfrp.ia/dominio/ciencia-tecnologia#Robot,1.0,False
1ncnay8,train,2,http://wfrp.ia/resource/reddit/post/1ncnay8,ont_has_ontology_elements,global_counts,,1.0,False
1ncnay8,train,2,http://wfrp.ia/resource/reddit/post/1ncnay8,ont_count_domain_concepts,global_counts,,2.0,False
1ncnay8,train,2,http://wfrp.ia/resource/reddit/post/1ncnay8,ont_total_positivo_mentions,global_counts,,1.0,False
1ncnay8,train,2,http://wfrp.ia/resource/reddit/post/1ncnay8,ont_total_neutro_mentions,global_counts,,1.0,False
1ncnay8,train,2,http://wfrp.ia/resource/reddit/post/1ncnay8,ont_domain_score,global_counts,,2.0,False
1ncnay8,train,2,http://wfrp.ia/resource/reddit/post/1ncnay8,ont_domain_density,global_counts,,0.11764705882352941,True
1ncdjz5,train,2,http://wfrp.ia/resource/reddit/post/1ncdjz5,ont_InteligenciaArtificial_Neutro,ai,http://wfrp.ia/dominio/ciencia-tecnologia#InteligenciaArtificial,1.0,False
1ncdjz5,train,2,http://wfrp.ia/resource/reddit/post/1ncdjz5,ont_has_ontology_elements,global_counts,,1.0,False
1ncdjz5,train,2,http://wfrp.ia/resource/reddit/post/1ncdjz5,ont_count_domain_concepts,global_counts,,1.0,False
1ncdjz5,train,2,http://wfrp.ia/resource/reddit/post/1ncdjz5,ont_total_neutro_mentions,global_counts,,1.0,False
1ncdjz5,train,2,http://wfrp.ia/resource/reddit/post/1ncdjz5,ont_domain_score,global_counts,,2.0,False
1ncdjz5,train,2,http://wfrp.ia/resource/reddit/post/1ncdjz5,ont_domain_density,global_counts,,0.041666666666666664,True
1ncm0ux,train,2,http://wfrp.ia/resource/reddit/post/1ncm0ux,ont_Tecnologia_Neutro,technology,http://wfrp.ia/dominio/ciencia-tecnologia#Tecnologia,1.0,True
1ncm0ux,train,2,http://wfrp.ia/resource/reddit/post/1ncm0ux,ont_has_ontology_elements,global_counts,,1.0,False
1ncm0ux,train,2,http://wfrp.ia/resource/reddit/post/1ncm0ux,ont_count_domain_concepts,global_counts,,1.0,False
1ncm0ux,train,2,http://wfrp.ia/resource/reddit/post/1ncm0ux,ont_total_neutro_mentions,global_counts,,1.0,False
1ncm0ux,train,2,http://wfrp.ia/resource/reddit/post/1ncm0ux,ont_domain_score,global_counts,,1.0,False
1ncm0ux,train,2,http://wfrp.ia/resource/reddit/post/1ncm0ux,ont_domain_density,global_counts,,0.07142857142857142,True
1nd4xdm,train,2,http://wfrp.ia/resource/reddit/post/1nd4xdm,ont_InteligenciaArtificial_Positivo,ai,http://wfrp.ia/dominio/ciencia-tecnologia#InteligenciaArtificial,1.0,False
1nd4xdm,train,2,http://wfrp.ia/resource/reddit/post/1nd4xdm,ont_Robot_Neutro,robot,http://wfrp.ia/dominio/ciencia-tecnologia#Robot,1.0,False
1nd4xdm,train,2,http://wfrp.ia/resource/reddit/post/1nd4xdm,ont_has_ontology_elements,global_counts,,1.0,False
1nd4xdm,train,2,http://wfrp.ia/resource/reddit/post/1nd4xdm,ont_count_domain_concepts,global_counts,,2.0,False
1nd4xdm,train,2,http://wfrp.ia/resource/reddit/post/1nd4xdm,ont_total_positivo_mentions,global_counts,,1.0,False
1nd4xdm,train,2,http://wfrp.ia/resource/reddit/post/1nd4xdm,ont_total_neutro_mentions,global_counts,,1.0,False
1nd4xdm,train,2,http://wfrp.ia/resource/reddit/post/1nd4xdm,ont_domain_score,global_counts,,2.0,False
1nd4xdm,train,2,http://wfrp.ia/resource/reddit/post/1nd4xdm,ont_domain_density,global_counts,,0.11764705882352941,True
1ncn862,train,1,http://wfrp.ia/resource/reddit/post/1ncn862,ont_InteligenciaArtificial_Neutro,ai,http://wfrp.ia/dominio/ciencia-tecnologia#InteligenciaArtificial,1.0,False
1ncn862,train,1,http://wfrp.ia/resource/reddit/post/1ncn862,ont_has_ontology_elements,global_counts,,1.0,False
1ncn862,train,1,http://wfrp.ia/resource/reddit/post/1ncn862,ont_count_domain_concepts,global_counts,,1.0,False
1ncn862,train,1,http://wfrp.ia/resource/reddit/post/1ncn862,ont_total_neutro_mentions,global_counts,,1.0,False
1ncn862,train,1,http://wfrp.ia/resource/reddit/post/1ncn862,ont_domain_score,global_counts,,1.0,False
1ncn862,train,1,http://wfrp.ia/resource/reddit/post/1ncn862,ont_domain_density,global_counts,,0.1,True
1ncw4mb,train,1,http://wfrp.ia/resource/reddit/post/1ncw4mb,ont_InteligenciaArtificial_Neutro,ai,http://wfrp.ia/dominio/ciencia-tecnologia#InteligenciaArtificial,2.0,False
1ncw4mb,train,1,http://wfrp.ia/resource/reddit/post/1ncw4mb,ont_has_ontology_elements,global_counts,,1.0,False
1ncw4mb,train,1,http://wfrp.ia/resource/reddit/post/1ncw4mb,ont_count_domain_concepts,global_counts,,1.0,False
1ncw4mb,train,1,http://wfrp.ia/resource/reddit/post/1ncw4mb,ont_total_neutro_mentions,global_counts,,2.0,False
1ncw4mb,train,1,http://wfrp.ia/resource/reddit/post/1ncw4mb,ont_domain_score,global_counts,,2.0,False
1ncw4mb,train,1,http://wfrp.ia/resource/reddit/post/1ncw4mb,ont_domain_density,global_counts,,0.06666666666666667,True
1nctdfy,train,1,http://wfrp.ia/resource/reddit/post/1nctdfy,ont_InteligenciaArtificial_Neutro,ai,http://wfrp.ia/dominio/ciencia-tecnologia#InteligenciaArtificial,2.0,False
1nctdfy,train,1,http://wfrp.ia/resource/reddit/post/1nctdfy,ont_has_ontology_elements,global_counts,,1.0,False
1nctdfy,train,1,http://wfrp.ia/resource/reddit/post/1nctdfy,ont_count_domain_concepts,global_counts,,1.0,False
1nctdfy,train,1,http://wfrp.ia/resource/reddit/post/1nctdfy,ont_total_neutro_mentions,global_counts,,2.0,False
1nctdfy,train,1,http://wfrp.ia/resource/reddit/post/1nctdfy,ont_domain_score,global_counts,,0.5,False
1nctdfy,train,1,http://wfrp.ia/resource/reddit/post/1nctdfy,ont_domain_density,global_counts,,0.02040816326530612,True
1ncn4ds,train,2,http://wfrp.ia/resource/reddit/post/1ncn4ds,ont_Tecnologia_Neutro,technology,http://wfrp.ia/dominio/ciencia-tecnologia#Tecnologia,1.0,True
1ncn4ds,train,2,http://wfrp.ia/resource/reddit/post/1ncn4ds,ont_has_ontology_elements,global_counts,,1.0,False
1ncn4ds,train,2,http://wfrp.ia/resource/reddit/post/1ncn4ds,ont_count_domain_concepts,global_counts,,1.0,False
1ncn4ds,train,2,http://wfrp.ia/resource/reddit/post/1ncn4ds,ont_total_neutro_mentions,global_counts,,1.0,False
1ncn4ds,train,2,http://wfrp.ia/resource/reddit/post/1ncn4ds,ont_domain_score,global_counts,,1.0,False
1ncn4ds,train,2,http://wfrp.ia/resource/reddit/post/1ncn4ds,ont_domain_density,global_counts,,0.125,True
1ncbp13,train,1,http://wfrp.ia/resource/reddit/post/1ncbp13,ont_InteligenciaArtificial_Neutro,ai,http://wfrp.ia/dominio/ciencia-tecnologia#InteligenciaArtificial,1.0,False
1ncbp13,train,1,http://wfrp.ia/resource/reddit/post/1ncbp13,ont_has_ontology_elements,global_counts,,1.0,False
1ncbp13,train,1,http://wfrp.ia/resource/reddit/post/1ncbp13,ont_count_domain_concepts,global_counts,,1.0,False
1ncbp13,train,1,http://wfrp.ia/resource/reddit/post/1ncbp13,ont_total_neutro_mentions,global_counts,,1.0,False
1ncbp13,train,1,http://wfrp.ia/resource/reddit/post/1ncbp13,ont_domain_score,global_counts,,1.0,False
1ncbp13,train,1,http://wfrp.ia/resource/reddit/post/1ncbp13,ont_domain_density,global_counts,,0.09090909090909091,True
1ncekdp,train,1,http://wfrp.ia/resource/reddit/post/1ncekdp,ont_InteligenciaArtificial_Neutro,ai,http://wfrp.ia/dominio/ciencia-tecnologia#InteligenciaArtificial,1.0,False
1ncekdp,train,1,http://wfrp.ia/resource/reddit/post/1ncekdp,ont_has_ontology_elements,global_counts,,1.0,False
1ncekdp,train,1,http://wfrp.ia/resource/reddit/post/1ncekdp,ont_count_domain_concepts,global_counts,,1.0,False
1ncekdp,train,1,http://wfrp.ia/resource/reddit/post/1ncekdp,ont_total_neutro_mentions,global_counts,,1.0,False
1ncekdp,train,1,http://wfrp.ia/resource/reddit/post/1ncekdp,ont_domain_score,global_counts,,0.5,False
1ncekdp,train,1,http://wfrp.ia/resource/reddit/post/1ncekdp,ont_domain_density,global_counts,,0.14285714285714285,True
1ncq6y3,train,1,http://wfrp.ia/resource/reddit/post/1ncq6y3,ont_InteligenciaArtificial_Neutro,ai,http://wfrp.ia/dominio/ciencia-tecnologia#InteligenciaArtificial,1.0,False
1ncq6y3,train,1,http://wfrp.ia/resource/reddit/post/1ncq6y3,ont_has_ontology_elements,global_counts,,1.0,False
1ncq6y3,train,1,http://wfrp.ia/resource/reddit/post/1ncq6y3,ont_count_domain_concepts,global_counts,,1.0,False
1ncq6y3,train,1,http://wfrp.ia/resource/reddit/post/1ncq6y3,ont_total_neutro_mentions,global_counts,,1.0,False
1ncq6y3,train,1,http://wfrp.ia/resource/reddit/post/1ncq6y3,ont_domain_score,global_counts,,1.0,False
1ncq6y3,train,1,http://wfrp.ia/resource/reddit/post/1ncq6y3,ont_domain_density,global_counts,,0.1,True
1ncvia7,train,2,http://wfrp.ia/resource/reddit/post/1ncvia7,ont_InteligenciaArtificial_Neutro,ai,http://wfrp.ia/dominio/ciencia-tecnologia#InteligenciaArtificial,1.0,False
1ncvia7,train,2,http://wfrp.ia/resource/reddit/post/1ncvia7,ont_has_ontology_elements,global_counts,,1.0,False
1ncvia7,train,2,http://wfrp.ia/resource/reddit/post/1ncvia7,ont_count_domain_concepts,global_counts,,1.0,False
1ncvia7,train,2,http://wfrp.ia/resource/reddit/post/1ncvia7,ont_total_neutro_mentions,global_counts,,1.0,False
1ncvia7,train,2,http://wfrp.ia/resource/reddit/post/1ncvia7,ont_domain_score,global_counts,,1.0,False
1ncvia7,train,2,http://wfrp.ia/resource/reddit/post/1ncvia7,ont_domain_density,global_counts,,0.06666666666666667,True
1ncnccr,train,1,http://wfrp.ia/resource/reddit/post/1ncnccr,ont_InteligenciaArtificial_Neutro,ai,http://wfrp.ia/dominio/ciencia-tecnologia#InteligenciaArtificial,1.0,False
1ncnccr,train,1,http://wfrp.ia/resource/reddit/post/1ncnccr,ont_has_ontology_elements,global_counts,,1.0,False
1ncnccr,train,1,http://wfrp.ia/resource/reddit/post/1ncnccr,ont_count_domain_concepts,global_counts,,1.0,False
1ncnccr,train,1,http://wfrp.ia/resource/reddit/post/1ncnccr,ont_total_neutro_mentions,global_counts,,1.0,False
1ncnccr,train,1,http://wfrp.ia/resource/reddit/post/1ncnccr,ont_domain_score,global_counts,,1.0,False
1ncnccr,train,1,http://wfrp.ia/resource/reddit/post/1ncnccr,ont_domain_density,global_counts,,0.05555555555555555,True
1ncipix,train,1,http://wfrp.ia/resource/reddit/post/1ncipix,ont_InteligenciaArtificial_Neutro,ai,http://wfrp.ia/dominio/ciencia-tecnologia#InteligenciaArtificial,1.0,False
1ncipix,train,1,http://wfrp.ia/resource/reddit/post/1ncipix,ont_has_ontology_elements,global_counts,,1.0,False
1ncipix,train,1,http://wfrp.ia/resource/reddit/post/1ncipix,ont_count_domain_concepts,global_counts,,1.0,False
1ncipix,train,1,http://wfrp.ia/resource/reddit/post/1ncipix,ont_total_neutro_mentions,global_counts,,1.0,False
1ncipix,train,1,http://wfrp.ia/resource/reddit/post/1ncipix,ont_domain_score,global_counts,,1.0,False
1ncipix,train,1,http://wfrp.ia/resource/reddit/post/1ncipix,ont_domain_density,global_counts,,0.08333333333333333,True
1nc2f29,train,0,http://wfrp.ia/resource/reddit/post/1nc2f29,ont_InteligenciaArtificial_Neutro,ai,http://wfrp.ia/dominio/ciencia-tecnologia#InteligenciaArtificial,1.0,False
1nc2f29,train,0,http://wfrp.ia/resource/reddit/post/1nc2f29,ont_has_ontology_elements,global_counts,,1.0,False
1nc2f29,train,0,http://wfrp.ia/resource/reddit/post/1nc2f29,ont_count_domain_concepts,global_counts,,1.0,False
1nc2f29,train,0,http://wfrp.ia/resource/reddit/post/1nc2f29,ont_total_neutro_mentions,global_counts,,1.0,False
1nc2f29,train,0,http://wfrp.ia/resource/reddit/post/1nc2f29,ont_domain_score,global_counts,,1.0,False
1nc2f29,train,0,http://wfrp.ia/resource/reddit/post/1nc2f29,ont_domain_density,global_counts,,0.058823529411764705,True
1nbob5n,train,2,http://wfrp.ia/resource/reddit/post/1nbob5n,ont_Tecnologia_Neutro,technology,http://wfrp.ia/dominio/ciencia-tecnologia#Tecnologia,1.0,True
1nbob5n,train,2,http://wfrp.ia/resource/reddit/post/1nbob5n,ont_Innovacion_Neutro,innovation,http://wfrp.ia/dominio/ciencia-tecnologia#Innovacion,1.0,True
1nbob5n,train,2,http://wfrp.ia/resource/reddit/post/1nbob5n,ont_has_ontology_elements,global_counts,,1.0,False
1nbob5n,train,2,http://wfrp.ia/resource/reddit/post/1nbob5n,ont_count_domain_concepts,global_counts,,2.0,False
1nbob5n,train,2,http://wfrp.ia/resource/reddit/post/1nbob5n,ont_total_neutro_mentions,global_counts,,2.0,False
1nbob5n,train,2,http://wfrp.ia/resource/reddit/post/1nbob5n,ont_domain_score,global_counts,,2.0,False
1nbob5n,train,2,http://wfrp.ia/resource/reddit/post/1nbob5n,ont_domain_density,global_counts,,0.25,True
1nc6zt3,train,2,http://wfrp.ia/resource/reddit/post/1nc6zt3,ont_Innovacion_Neutro,innovation,http://wfrp.ia/dominio/ciencia-tecnologia#Innovacion,1.0,True
1nc6zt3,train,2,http://wfrp.ia/resource/reddit/post/1nc6zt3,ont_has_ontology_elements,global_counts,,1.0,False
1nc6zt3,train,2,http://wfrp.ia/resource/reddit/post/1nc6zt3,ont_count_domain_concepts,global_counts,,1.0,False
1nc6zt3,train,2,http://wfrp.ia/resource/reddit/post/1nc6zt3,ont_total_neutro_mentions,global_counts,,1.0,False
1nc6zt3,train,2,http://wfrp.ia/resource/reddit/post/1nc6zt3,ont_domain_score,global_counts,,1.0,False
1nc6zt3,train,2,http://wfrp.ia/resource/reddit/post/1nc6zt3,ont_domain_density,global_counts,,0.05263157894736842,True
1nc1t63,train,0,http://wfrp.ia/resource/reddit/post/1nc1t63,ont_InteligenciaArtificial_Neutro,ai,http://wfrp.ia/dominio/ciencia-tecnologia#InteligenciaArtificial,2.0,False
1nc1t63,train,0,http://wfrp.ia/resource/reddit/post/1nc1t63,ont_has_ontology_elements,global_counts,,1.0,False
1nc1t63,train,0,http://wfrp.ia/resource/reddit/post/1nc1t63,ont_count_domain_concepts,global_counts,,1.0,False
1nc1t63,train,0,http://wfrp.ia/resource/reddit/post/1nc1t63,ont_total_neutro_mentions,global_counts,,2.0,False
1nc1t63,train,0,http://wfrp.ia/resource/reddit/post/1nc1t63,ont_domain_score,global_counts,,1.5,False
1nc1t63,train,0,http://wfrp.ia/resource/reddit/post/1nc1t63,ont_domain_density,global_counts,,0.0625,True
1nbp281,train,0,http://wfrp.ia/resource/reddit/post/1nbp281,ont_has_ontology_elements,global_counts,,1.0,False
1nbivoz,train,2,http://wfrp.ia/resource/reddit/post/1nbivoz,,,,0.0,False
1nbnnbj,train,2,http://wfrp.ia/resource/reddit/post/1nbnnbj,ont_has_ontology_elements,global_counts,,1.0,False
1nc1297,train,1,http://wfrp.ia/resource/reddit/post/1nc1297,ont_InteligenciaArtificial_Neutro,ai,http://wfrp.ia/dominio/ciencia-tecnologia#InteligenciaArtificial,1.0,False
1nc1297,train,1,http://wfrp.ia/resource/reddit/post/1nc1297,ont_has_ontology_elements,global_counts,,1.0,False
1nc1297,train,1,http://wfrp.ia/resource/reddit/post/1nc1297,ont_count_domain_concepts,global_counts,,1.0,False
1nc1297,train,1,http://wfrp.ia/resource/reddit/post/1nc1297,ont_total_neutro_mentions,global_counts,,1.0,False
1nc1297,train,1,http://wfrp.ia/resource/reddit/post/1nc1297,ont_domain_score,global_counts,,1.0,False
1nc1297,train,1,http://wfrp.ia/resource/reddit/post/1nc1297,ont_domain_density,global_counts,,0.07142857142857142,True
1nc3gx2,train,1,http://wfrp.ia/resource/reddit/post/1nc3gx2,ont_InteligenciaArtificial_Positivo,ai,http://wfrp.ia/dominio/ciencia-tecnologia#InteligenciaArtificial,1.0,False
1nc3gx2,train,1,http://wfrp.ia/resource/reddit/post/1nc3gx2,ont_Etica_Positivo,ethics,http://wfrp.ia/dominio/ciencia-tecnologia#Etica,1.0,False
1nc3gx2,train,1,http://wfrp.ia/resource/reddit/post/1nc3gx2,ont_has_ontology_elements,global_counts,,1.0,False
1nc3gx2,train,1,http://wfrp.ia/resource/reddit/post/1nc3gx2,ont_count_domain_concepts,global_counts,,2.0,False
1nc3gx2,train,1,http://wfrp.ia/resource/reddit/post/1nc3gx2,ont_total_positivo_mentions,global_counts,,2.0,False
1nc3gx2,train,1,http://wfrp.ia/resource/reddit/post/1nc3gx2,ont_domain_score,global_counts,,2.0,False
1nc3gx2,train,1,http://wfrp.ia/resource/reddit/post/1nc3gx2,ont_domain_density,global_counts,,0.25,True
1nbrilo,train,1,http://wfrp.ia/resource/reddit/post/1nbrilo,ont_InteligenciaArtificial_Neutro,ai,http://wfrp.ia/dominio/ciencia-tecnologia#InteligenciaArtificial,2.0,False
1nbrilo,train,1,http://wfrp.ia/resource/reddit/post/1nbrilo,ont_has_ontology_elements,global_counts,,1.0,False
1nbrilo,train,1,http://wfrp.ia/resource/reddit/post/1nbrilo,ont_count_domain_concepts,global_counts,,1.0,False
1nbrilo,train,1,http://wfrp.ia/resource/reddit/post/1nbrilo,ont_total_neutro_mentions,global_counts,,2.0,False
1nbrilo,train,1,http://wfrp.ia/resource/reddit/post/1nbrilo,ont_domain_score,global_counts,,1.5,False
1nbrilo,train,1,http://wfrp.ia/resource/reddit/post/1nbrilo,ont_domain_density,global_counts,,0.038461538461538464,True
1nbk22z,train,1,http://wfrp.ia/resource/reddit/post/1nbk22z,ont_InteligenciaArtificial_Neutro,ai,http://wfrp.ia/dominio/ciencia-tecnologia#InteligenciaArtificial,1.0,False
1nbk22z,train,1,http://wfrp.ia/resource/reddit/post/1nbk22z,ont_has_ontology_elements,global_counts,,1.0,False
1nbk22z,train,1,http://wfrp.ia/resource/reddit/post/1nbk22z,ont_count_domain_concepts,global_counts,,1.0,False
1nbk22z,train,1,http://wfrp.ia/resource/reddit/post/1nbk22z,ont_total_neutro_mentions,global_counts,,1.0,False
1nbk22z,train,1,http://wfrp.ia/resource/reddit/post/1nbk22z,ont_domain_score,global_counts,,1.0,False
1nbk22z,train,1,http://wfrp.ia/resource/reddit/post/1nbk22z,ont_domain_density,global_counts,,0.1111111111111111,True
1nbkhh1,train,0,http://wfrp.ia/resource/reddit/post/1nbkhh1,ont_InteligenciaArtificial_Neutro,ai,http://wfrp.ia/dominio/ciencia-tecnologia#InteligenciaArtificial,2.0,False
1nbkhh1,train,0,http://wfrp.ia/resource/reddit/post/1nbkhh1,ont_has_ontology_elements,global_counts,,1.0,False
1nbkhh1,train,0,http://wfrp.ia/resource/reddit/post/1nbkhh1,ont_count_domain_concepts,global_counts,,1.0,False
1nbkhh1,train,0,http://wfrp.ia/resource/reddit/post/1nbkhh1,ont_total_neutro_mentions,global_counts,,2.0,False
1nbkhh1,train,0,http://wfrp.ia/resource/reddit/post/1nbkhh1,ont_domain_score,global_counts,,2.0,False
1nbkhh1,train,0,http://wfrp.ia/resource/reddit/post/1nbkhh1,ont_domain_density,global_counts,,0.03333333333333333,True
1nbxrod,train,1,http://wfrp.ia/resource/reddit/post/1nbxrod,ont_InteligenciaArtificial_Neutro,ai,http://wfrp.ia/dominio/ciencia-tecnologia#InteligenciaArtificial,1.0,False
1nbxrod,train,1,http://wfrp.ia/resource/reddit/post/1nbxrod,ont_Tecnologia_Neutro,technology,http://wfrp.ia/dominio/ciencia-tecnologia#Tecnologia,1.0,True
1nbxrod,train,1,http://wfrp.ia/resource/reddit/post/1nbxrod,ont_has_ontology_elements,global_counts,,1.0,False
1nbxrod,train,1,http://wfrp.ia/resource/reddit/post/1nbxrod,ont_count_domain_concepts,global_counts,,2.0,False
1nbxrod,train,1,http://wfrp.ia/resource/reddit/post/1nbxrod,ont_total_neutro_mentions,global_counts,,2.0,False
1nbxrod,train,1,http://wfrp.ia/resource/reddit/post/1nbxrod,ont_domain_score,global_counts,,2.0,False
1nbxrod,train,1,http://wfrp.ia/resource/reddit/post/1nbxrod,ont_domain_density,global_counts,,0.18181818181818182,True
1nbj31s,train,2,http://wfrp.ia/resource/reddit/post/1nbj31s,ont_Tecnologia_Neutro,technology,http://wfrp.ia/dominio/ciencia-tecnologia#Tecnologia,1.0,True
1nbj31s,train,2,http://wfrp.ia/resource/reddit/post/1nbj31s,ont_has_ontology_elements,global_counts,,1.0,False
1nbj31s,train,2,http://wfrp.ia/resource/reddit/post/1nbj31s,ont_count_domain_concepts,global_counts,,1.0,False
1nbj31s,train,2,http://wfrp.ia/resource/reddit/post/1nbj31s,ont_total_neutro_mentions,global_counts,,1.0,False
1nbj31s,train,2,http://wfrp.ia/resource/reddit/post/1nbj31s,ont_domain_score,global_counts,,1.0,False
1nbj31s,train,2,http://wfrp.ia/resource/reddit/post/1nbj31s,ont_domain_density,global_counts,,0.041666666666666664,True
1n5p6bt,train,1,http://wfrp.ia/resource/reddit/post/1n5p6bt,ont_InteligenciaArtificial_Neutro,ai,http://wfrp.ia/dominio/ciencia-tecnologia#InteligenciaArtificial,1.0,False
1n5p6bt,train,1,http://wfrp.ia/resource/reddit/post/1n5p6bt,ont_has_ontology_elements,global_counts,,1.0,False
1n5p6bt,train,1,http://wfrp.ia/resource/reddit/post/1n5p6bt,ont_count_domain_concepts,global_counts,,1.0,False
1n5p6bt,train,1,http://wfrp.ia/resource/reddit/post/1n5p6bt,ont_total_neutro_mentions,global_counts,,1.0,False
1n5p6bt,train,1,http://wfrp.ia/resource/reddit/post/1n5p6bt,ont_domain_score,global_counts,,1.0,False
1n5p6bt,train,1,http://wfrp.ia/resource/reddit/post/1n5p6bt,ont_domain_density,global_counts,,0.1111111111111111,True
1n5o260,train,0,http://wfrp.ia/resource/reddit/post/1n5o260,ont_Tecnologia_Neutro,technology,http://wfrp.ia/dominio/ciencia-tecnologia#Tecnologia,1.0,True
1n5o260,train,0,http://wfrp.ia/resource/reddit/post/1n5o260,ont_has_ontology_elements,global_counts,,1.0,False
1n5o260,train,0,http://wfrp.ia/resource/reddit/post/1n5o260,ont_count_domain_concepts,global_counts,,1.0,False
1n5o260,train,0,http://wfrp.ia/resource/reddit/post/1n5o260,ont_total_neutro_mentions,global_counts,,1.0,False
1n5o260,train,0,http://wfrp.ia/resource/reddit/post/1n5o260,ont_domain_score,global_counts,,1.0,False
1n5o260,train,0,http://wfrp.ia/resource/reddit/post/1n5o260,ont_domain_density,global_counts,,0.07692307692307693,True
1n5ii9v,train,2,http://wfrp.ia/resource/reddit/post/1n5ii9v,ont_Tecnologia_Neutro,technology,http://wfrp.ia/dominio/ciencia-tecnologia#Tecnologia,1.0,True
1n5ii9v,train,2,http://wfrp.ia/resource/reddit/post/1n5ii9v,ont_has_ontology_elements,global_counts,,1.0,False
1n5ii9v,train,2,http://wfrp.ia/resource/reddit/post/1n5ii9v,ont_count_domain_concepts,global_counts,,1.0,False
1n5ii9v,train,2,http://wfrp.ia/resource/reddit/post/1n5ii9v,ont_total_neutro_mentions,global_counts,,1.0,False
1n5ii9v,train,2,http://wfrp.ia/resource/reddit/post/1n5ii9v,ont_domain_score,global_counts,,1.0,False
1n5ii9v,train,2,http://wfrp.ia/resource/reddit/post/1n5ii9v,ont_domain_density,global_counts,,0.07142857142857142,True
1n5ihn7,train,2,http://wfrp.ia/resource/reddit/post/1n5ihn7,ont_InteligenciaArtificial_Neutro,ai,http://wfrp.ia/dominio/ciencia-tecnologia#InteligenciaArtificial,1.0,False
1n5ihn7,train,2,http://wfrp.ia/resource/reddit/post/1n5ihn7,ont_Datos_Neutro,data,http://wfrp.ia/dominio/ciencia-tecnologia#Datos,1.0,False
1n5ihn7,train,2,http://wfrp.ia/resource/reddit/post/1n5ihn7,ont_has_ontology_elements,global_counts,,1.0,False
1n5ihn7,train,2,http://wfrp.ia/resource/reddit/post/1n5ihn7,ont_count_domain_concepts,global_counts,,2.0,False
1n5ihn7,train,2,http://wfrp.ia/resource/reddit/post/1n5ihn7,ont_total_neutro_mentions,global_counts,,2.0,False
1n5ihn7,train,2,http://wfrp.ia/resource/reddit/post/1n5ihn7,ont_domain_score,global_counts,,1.5,False
1n5ihn7,train,2,http://wfrp.ia/resource/reddit/post/1n5ihn7,ont_domain_density,global_counts,,0.16666666666666666,True
1n5xdn4,train,1,http://wfrp.ia/resource/reddit/post/1n5xdn4,ont_InteligenciaArtificial_Neutro,ai,http://wfrp.ia/dominio/ciencia-tecnologia#InteligenciaArtificial,1.0,False
1n5xdn4,train,1,http://wfrp.ia/resource/reddit/post/1n5xdn4,ont_Tecnologia_Neutro,technology,http://wfrp.ia/dominio/ciencia-tecnologia#Tecnologia,1.0,True
1n5xdn4,train,1,http://wfrp.ia/resource/reddit/post/1n5xdn4,ont_has_ontology_elements,global_counts,,1.0,False
1n5xdn4,train,1,http://wfrp.ia/resource/reddit/post/1n5xdn4,ont_count_domain_concepts,global_counts,,2.0,False
1n5xdn4,train,1,http://wfrp.ia/resource/reddit/post/1n5xdn4,ont_total_neutro_mentions,global_counts,,2.0,False
1n5xdn4,train,1,http://wfrp.ia/resource/reddit/post/1n5xdn4,ont_domain_score,global_counts,,2.0,False
1n5xdn4,train,1,http://wfrp.ia/resource/reddit/post/1n5xdn4,ont_domain_density,global_counts,,0.18181818181818182,True
1n5ppf8,train,2,http://wfrp.ia/resource/reddit/post/1n5ppf8,ont_has_ontology_elements,global_counts,,1.0,False
1n5g9u1,train,1,http://wfrp.ia/resource/reddit/post/1n5g9u1,ont_InteligenciaArtificial_Neutro,ai,http://wfrp.ia/dominio/ciencia-tecnologia#InteligenciaArtificial,1.0,False
1n5g9u1,train,1,http://wfrp.ia/resource/reddit/post/1n5g9u1,ont_Tecnologia_Neutro,technology,http://wfrp.ia/dominio/ciencia-tecnologia#Tecnologia,1.0,True
1n5g9u1,train,1,http://wfrp.ia/resource/reddit/post/1n5g9u1,ont_has_ontology_elements,global_counts,,1.0,False
1n5g9u1,train,1,http://wfrp.ia/resource/reddit/post/1n5g9u1,ont_count_domain_concepts,global_counts,,2.0,False
1n5g9u1,train,1,http://wfrp.ia/resource/reddit/post/1n5g9u1,ont_total_neutro_mentions,global_counts,,2.0,False
1n5g9u1,train,1,http://wfrp.ia/resource/reddit/post/1n5g9u1,ont_domain_score,global_counts,,2.0,False
1n5g9u1,train,1,http://wfrp.ia/resource/reddit/post/1n5g9u1,ont_domain_density,global_counts,,0.2,True
1n5xzj4,train,2,http://wfrp.ia/resource/reddit/post/1n5xzj4,ont_InteligenciaArtificial_Positivo,ai,http://wfrp.ia/dominio/ciencia-tecnologia#InteligenciaArtificial,1.0,False
1n5xzj4,train,2,http://wfrp.ia/resource/reddit/post/1n5xzj4,ont_Tecnologia_Neutro,technology,http://wfrp.ia/dominio/ciencia-tecnologia#Tecnologia,1.0,True
1n5xzj4,train,2,http://wfrp.ia/resource/reddit/post/1n5xzj4,ont_has_ontology_elements,global_counts,,1.0,False
1n5xzj4,train,2,http://wfrp.ia/resource/reddit/post/1n5xzj4,ont_count_domain_concepts,global_counts,,2.0,False
1n5xzj4,train,2,http://wfrp.ia/resource/reddit/post/1n5xzj4,ont_total_positivo_mentions,global_counts,,1.0,False
1n5xzj4,train,2,http://wfrp.ia/resource/reddit/post/1n5xzj4,ont_total_neutro_mentions,global_counts,,1.0,False
1n5xzj4,train,2,http://wfrp.ia/resource/reddit/post/1n5xzj4,ont_domain_score,global_counts,,2.5,False
1n5xzj4,train,2,http://wfrp.ia/resource/reddit/post/1n5xzj4,ont_domain_density,global_counts,,0.08333333333333333,True
1n65ya1,train,1,http://wfrp.ia/resource/reddit/post/1n65ya1,ont_InteligenciaArtificial_Neutro,ai,http://wfrp.ia/dominio/ciencia-tecnologia#InteligenciaArtificial,1.0,False
1n65ya1,train,1,http://wfrp.ia/resource/reddit/post/1n65ya1,ont_has_ontology_elements,global_counts,,1.0,False
1n65ya1,train,1,http://wfrp.ia/resource/reddit/post/1n65ya1,ont_count_domain_concepts,global_counts,,1.0,False
1n65ya1,train,1,http://wfrp.ia/resource/reddit/post/1n65ya1,ont_total_neutro_mentions,global_counts,,1.0,False
1n65ya1,train,1,http://wfrp.ia/resource/reddit/post/1n65ya1,ont_domain_score,global_counts,,1.0,False
1n65ya1,train,1,http://wfrp.ia/resource/reddit/post/1n65ya1,ont_domain_density,global_counts,,0.1111111111111111,True
1n5xh5e,train,1,http://wfrp.ia/resource/reddit/post/1n5xh5e,ont_InteligenciaArtificial_Neutro,ai,http://wfrp.ia/dominio/ciencia-tecnologia#InteligenciaArtificial,1.0,False
1n5xh5e,train,1,http://wfrp.ia/resource/reddit/post/1n5xh5e,ont_Datos_Neutro,data,http://wfrp.ia/dominio/ciencia-tecnologia#Datos,1.0,False
1n5xh5e,train,1,http://wfrp.ia/resource/reddit/post/1n5xh5e,ont_has_ontology_elements,global_counts,,1.0,False
1n5xh5e,train,1,http://wfrp.ia/resource/reddit/post/1n5xh5e,ont_count_domain_concepts,global_counts,,2.0,False
1n5xh5e,train,1,http://wfrp.ia/resource/reddit/post/1n5xh5e,ont_total_neutro_mentions,global_counts,,2.0,False
1n5xh5e,train,1,http://wfrp.ia/resource/reddit/post/1n5xh5e,ont_domain_score,global_counts,,2.0,False
1n5xh5e,train,1,http://wfrp.ia/resource/reddit/post/1n5xh5e,ont_domain_density,global_counts,,0.13333333333333333,True
1n5qwos,train,0,http://wfrp.ia/resource/reddit/post/1n5qwos,ont_has_ontology_elements,global_counts,,1.0,False
1na7t4x,train,0,http://wfrp.ia/resource/reddit/post/1na7t4x,ont_InteligenciaArtificial_Negativo,ai,http://wfrp.ia/dominio/ciencia-tecnologia#InteligenciaArtificial,1.0,True
1na7t4x,train,0,http://wfrp.ia/resource/reddit/post/1na7t4x,ont_InteligenciaArtificial_Neutro,ai,http://wfrp.ia/dominio/ciencia-tecnologia#InteligenciaArtificial,1.0,False
1na7t4x,train,0,http://wfrp.ia/resource/reddit/post/1na7t4x,ont_has_ontology_elements,global_counts,,1.0,False
1na7t4x,train,0,http://wfrp.ia/resource/reddit/post/1na7t4x,ont_count_domain_concepts,global_counts,,1.0,False
1na7t4x,train,0,http://wfrp.ia/resource/reddit/post/1na7t4x,ont_total_negativo_mentions,global_counts,,1.0,True
1na7t4x,train,0,http://wfrp.ia/resource/reddit/post/1na7t4x,ont_total_neutro_mentions,global_counts,,1.0,False
1na7t4x,train,0,http://wfrp.ia/resource/reddit/post/1na7t4x,ont_domain_score,global_counts,,2.0,False
1na7t4x,train,0,http://wfrp.ia/resource/reddit/post/1na7t4x,ont_domain_density,global_counts,,0.024390243902439025,True
1na9dqa,train,0,http://wfrp.ia/resource/reddit/post/1na9dqa,ont_InteligenciaArtificial_Neutro,ai,http://wfrp.ia/dominio/ciencia-tecnologia#InteligenciaArtificial,1.0,False
1na9dqa,train,0,http://wfrp.ia/resource/reddit/post/1na9dqa,ont_Robot_Neutro,robot,http://wfrp.ia/dominio/ciencia-tecnologia#Robot,1.0,False
1na9dqa,train,0,http://wfrp.ia/resource/reddit/post/1na9dqa,ont_has_ontology_elements,global_counts,,1.0,False
1na9dqa,train,0,http://wfrp.ia/resource/reddit/post/1na9dqa,ont_count_domain_concepts,global_counts,,2.0,False
1na9dqa,train,0,http://wfrp.ia/resource/reddit/post/1na9dqa,ont_total_neutro_mentions,global_counts,,2.0,False
1na9dqa,train,0,http://wfrp.ia/resource/reddit/post/1na9dqa,ont_domain_score,global_counts,,2.0,False
1na9dqa,train,0,http://wfrp.ia/resource/reddit/post/1na9dqa,ont_domain_density,global_counts,,0.16666666666666666,True
1n9thkd,train,1,http://wfrp.ia/resource/reddit/post/1n9thkd,,,,0.0,False
1n9tn2b,train,0,http://wfrp.ia/resource/reddit/post/1n9tn2b,ont_InteligenciaArtificial_Neutro,ai,http://wfrp.ia/dominio/ciencia-tecnologia#InteligenciaArtificial,1.0,False
1n9tn2b,train,0,http://wfrp.ia/resource/reddit/post/1n9tn2b,ont_Robot_Neutro,robot,http://wfrp.ia/dominio/ciencia-tecnologia#Robot,1.0,False
1n9tn2b,train,0,http://wfrp.ia/resource/reddit/post/1n9tn2b,ont_has_ontology_elements,global_counts,,1.0,False
1n9tn2b,train,0,http://wfrp.ia/resource/reddit/post/1n9tn2b,ont_count_domain_concepts,global_counts,,2.0,False
1n9tn2b,train,0,http://wfrp.ia/resource/reddit/post/1n9tn2b,ont_total_neutro_mentions,global_counts,,2.0,False
1n9tn2b,train,0,http://wfrp.ia/resource/reddit/post/1n9tn2b,ont_domain_score,global_counts,,2.0,False
1n9tn2b,train,0,http://wfrp.ia/resource/reddit/post/1n9tn2b,ont_domain_density,global_counts,,0.11764705882352941,True
1n9yi8h,train,2,http://wfrp.ia/resource/reddit/post/1n9yi8h,ont_InteligenciaArtificial_Neutro,ai,http://wfrp.ia/dominio/ciencia-tecnologia#InteligenciaArtificial,1.0,False
1n9yi8h,train,2,http://wfrp.ia/resource/reddit/post/1n9yi8h,ont_has_ontology_elements,global_counts,,1.0,False
1n9yi8h,train,2,http://wfrp.ia/resource/reddit/post/1n9yi8h,ont_count_domain_concepts,global_counts,,1.0,False
1n9yi8h,train,2,http://wfrp.ia/resource/reddit/post/1n9yi8h,ont_total_neutro_mentions,global_counts,,1.0,False
1n9yi8h,train,2,http://wfrp.ia/resource/reddit/post/1n9yi8h,ont_domain_score,global_counts,,1.0,False
1n9yi8h,train,2,http://wfrp.ia/resource/reddit/post/1n9yi8h,ont_domain_density,global_counts,,0.07692307692307693,True
1nai1dy,train,1,http://wfrp.ia/resource/reddit/post/1nai1dy,ont_Datos_Neutro,data,http://wfrp.ia/dominio/ciencia-tecnologia#Datos,1.0,False
1nai1dy,train,1,http://wfrp.ia/resource/reddit/post/1nai1dy,ont_has_ontology_elements,global_counts,,1.0,False
1nai1dy,train,1,http://wfrp.ia/resource/reddit/post/1nai1dy,ont_count_domain_concepts,global_counts,,1.0,False
1nai1dy,train,1,http://wfrp.ia/resource/reddit/post/1nai1dy,ont_total_neutro_mentions,global_counts,,1.0,False
1nai1dy,train,1,http://wfrp.ia/resource/reddit/post/1nai1dy,ont_domain_score,global_counts,,1.0,False
1nai1dy,train,1,http://wfrp.ia/resource/reddit/post/1nai1dy,ont_domain_density,global_counts,,0.05263157894736842,True
1na3hd5,train,0,http://wfrp.ia/resource/reddit/post/1na3hd5,ont_InteligenciaArtificial_Neutro,ai,http://wfrp.ia/dominio/ciencia-tecnologia#InteligenciaArtificial,1.0,False
1na3hd5,train,0,http://wfrp.ia/resource/reddit/post/1na3hd5,ont_Datos_Neutro,data,http://wfrp.ia/dominio/ciencia-tecnologia#Datos,1.0,False
1na3hd5,train,0,http://wfrp.ia/resource/reddit/post/1na3hd5,ont_has_ontology_elements,global_counts,,1.0,False
1na3hd5,train,0,http://wfrp.ia/resource/reddit/post/1na3hd5,ont_count_domain_concepts,global_counts,,2.0,False
1na3hd5,train,0,http://wfrp.ia/resource/reddit/post/1na3hd5,ont_total_neutro_mentions,global_counts,,2.0,False
1na3hd5,train,0,http://wfrp.ia/resource/reddit/post/1na3hd5,ont_domain_score,global_counts,,2.5,False
1na3hd5,train,0,http://wfrp.ia/resource/reddit/post/1na3hd5,ont_domain_density,global_counts,,0.08333333333333333,True
1nhs7cz,train,0,http://wfrp.ia/resource/reddit/post/1nhs7cz,ont_InteligenciaArtificial_Neutro,ai,http://wfrp.ia/dominio/ciencia-tecnologia#InteligenciaArtificial,1.0,False
1nhs7cz,train,0,http://wfrp.ia/resource/reddit/post/1nhs7cz,ont_has_ontology_elements,global_counts,,1.0,False
1nhs7cz,train,0,http://wfrp.ia/resource/reddit/post/1nhs7cz,ont_count_domain_concepts,global_counts,,1.0,False
1nhs7cz,train,0,http://wfrp.ia/resource/reddit/post/1nhs7cz,ont_total_neutro_mentions,global_counts,,1.0,False
1nhs7cz,train,0,http://wfrp.ia/resource/reddit/post/1nhs7cz,ont_domain_score,global_counts,,1.0,False
1nhs7cz,train,0,http://wfrp.ia/resource/reddit/post/1nhs7cz,ont_domain_density,global_counts,,0.1,True
1ni3xu6,train,1,http://wfrp.ia/resource/reddit/post/1ni3xu6,ont_InteligenciaArtificial_Neutro,ai,http://wfrp.ia/dominio/ciencia-tecnologia#InteligenciaArtificial,1.0,False
1ni3xu6,train,1,http://wfrp.ia/resource/reddit/post/1ni3xu6,ont_has_ontology_elements,global_counts,,1.0,False
1ni3xu6,train,1,http://wfrp.ia/resource/reddit/post/1ni3xu6,ont_count_domain_concepts,global_counts,,1.0,False
1ni3xu6,train,1,http://wfrp.ia/resource/reddit/post/1ni3xu6,ont_total_neutro_mentions,global_counts,,1.0,False
1ni3xu6,train,1,http://wfrp.ia/resource/reddit/post/1ni3xu6,ont_domain_score,global_counts,,1.0,False
1ni3xu6,train,1,http://wfrp.ia/resource/reddit/post/1ni3xu6,ont_domain_density,global_counts,,0.08333333333333333,True
1nhz3j9,train,2,http://wfrp.ia/resource/reddit/post/1nhz3j9,ont_Tecnologia_Neutro,technology,http://wfrp.ia/dominio/ciencia-tecnologia#Tecnologia,1.0,True
1nhz3j9,train,2,http://wfrp.ia/resource/reddit/post/1nhz3j9,ont_has_ontology_elements,global_counts,,1.0,False
1nhz3j9,train,2,http://wfrp.ia/resource/reddit/post/1nhz3j9,ont_count_domain_concepts,global_counts,,1.0,False
1nhz3j9,train,2,http://wfrp.ia/resource/reddit/post/1nhz3j9,ont_total_neutro_mentions,global_counts,,1.0,False
1nhz3j9,train,2,http://wfrp.ia/resource/reddit/post/1nhz3j9,ont_domain_score,global_counts,,1.0,False
1nhz3j9,train,2,http://wfrp.ia/resource/reddit/post/1nhz3j9,ont_domain_density,global_counts,,0.09090909090909091,True
1nhwend,train,2,http://wfrp.ia/resource/reddit/post/1nhwend,ont_InteligenciaArtificial_Neutro,ai,http://wfrp.ia/dominio/ciencia-tecnologia#InteligenciaArtificial,1.0,False
1nhwend,train,2,http://wfrp.ia/resource/reddit/post/1nhwend,ont_has_ontology_elements,global_counts,,1.0,False
1nhwend,train,2,http://wfrp.ia/resource/reddit/post/1nhwend,ont_count_domain_concepts,global_counts,,1.0,False
1nhwend,train,2,http://wfrp.ia/resource/reddit/post/1nhwend,ont_total_neutro_mentions,global_counts,,1.0,False
1nhwend,train,2,http://wfrp.ia/resource/reddit/post/1nhwend,ont_domain_score,global_counts,,0.5,False
1nhwend,train,2,http://wfrp.ia/resource/reddit/post/1nhwend,ont_domain_density,global_counts,,0.125,True
1nhtkl8,train,2,http://wfrp.ia/resource/reddit/post/1nhtkl8,,,,0.0,False
1nhlryp,train,0,http://wfrp.ia/resource/reddit/post/1nhlryp,ont_InteligenciaArtificial_Neutro,ai,http://wfrp.ia/dominio/ciencia-tecnologia#InteligenciaArtificial,2.0,False
1nhlryp,train,0,http://wfrp.ia/resource/reddit/post/1nhlryp,ont_Etica_Negativo,ethics,http://wfrp.ia/dominio/ciencia-tecnologia#Etica,1.0,True
1nhlryp,train,0,http://wfrp.ia/resource/reddit/post/1nhlryp,ont_has_ontology_elements,global_counts,,1.0,False
1nhlryp,train,0,http://wfrp.ia/resource/reddit/post/1nhlryp,ont_count_domain_concepts,global_counts,,2.0,False
1nhlryp,train,0,http://wfrp.ia/resource/reddit/post/1nhlryp,ont_total_negativo_mentions,global_counts,,1.0,True
1nhlryp,train,0,http://wfrp.ia/resource/reddit/post/1nhlryp,ont_total_neutro_mentions,global_counts,,2.0,False
1nhlryp,train,0,http://wfrp.ia/resource/reddit/post/1nhlryp,ont_domain_score,global_counts,,3.0,False
1nhlryp,train,0,http://wfrp.ia/resource/reddit/post/1nhlryp,ont_domain_density,global_counts,,0.15384615384615385,True
1nhxa4p,train,2,http://wfrp.ia/resource/reddit/post/1nhxa4p,ont_InteligenciaArtificial_Neutro,ai,http://wfrp.ia/dominio/ciencia-tecnologia#InteligenciaArtificial,1.0,False
1nhxa4p,train,2,http://wfrp.ia/resource/reddit/post/1nhxa4p,ont_has_ontology_elements,global_counts,,1.0,False
1nhxa4p,train,2,http://wfrp.ia/resource/reddit/post/1nhxa4p,ont_count_domain_concepts,global_counts,,1.0,False
1nhxa4p,train,2,http://wfrp.ia/resource/reddit/post/1nhxa4p,ont_total_neutro_mentions,global_counts,,1.0,False
1nhxa4p,train,2,http://wfrp.ia/resource/reddit/post/1nhxa4p,ont_domain_score,global_counts,,1.0,False
1nhxa4p,train,2,http://wfrp.ia/resource/reddit/post/1nhxa4p,ont_domain_density,global_counts,,0.045454545454545456,True
1nhjaeo,train,1,http://wfrp.ia/resource/reddit/post/1nhjaeo,,,,0.0,False
1nhypuu,train,1,http://wfrp.ia/resource/reddit/post/1nhypuu,ont_Datos_Neutro,data,http://wfrp.ia/dominio/ciencia-tecnologia#Datos,2.0,False
1nhypuu,train,1,http://wfrp.ia/resource/reddit/post/1nhypuu,ont_has_ontology_elements,global_counts,,1.0,False
1nhypuu,train,1,http://wfrp.ia/resource/reddit/post/1nhypuu,ont_count_domain_concepts,global_counts,,1.0,False
1nhypuu,train,1,http://wfrp.ia/resource/reddit/post/1nhypuu,ont_total_neutro_mentions,global_counts,,2.0,False
1nhypuu,train,1,http://wfrp.ia/resource/reddit/post/1nhypuu,ont_domain_score,global_counts,,2.0,False
1nhypuu,train,1,http://wfrp.ia/resource/reddit/post/1nhypuu,ont_domain_density,global_counts,,0.03333333333333333,True
1nhfl1e,train,0,http://wfrp.ia/resource/reddit/post/1nhfl1e,ont_InteligenciaArtificial_Neutro,ai,http://wfrp.ia/dominio/ciencia-tecnologia#InteligenciaArtificial,1.0,False
1nhfl1e,train,0,http://wfrp.ia/resource/reddit/post/1nhfl1e,ont_Futuro_Neutro,future,http://wfrp.ia/dominio/ciencia-tecnologia#Futuro,1.0,False
1nhfl1e,train,0,http://wfrp.ia/resource/reddit/post/1nhfl1e,ont_Automatizacion_Neutro,automation,http://wfrp.ia/dominio/ciencia-tecnologia#Automatizacion,1.0,False
1nhfl1e,train,0,http://wfrp.ia/resource/reddit/post/1nhfl1e,ont_has_ontology_elements,global_counts,,1.0,False
1nhfl1e,train,0,http://wfrp.ia/resource/reddit/post/1nhfl1e,ont_count_domain_concepts,global_counts,,4.0,False
1nhfl1e,train,0,http://wfrp.ia/resource/reddit/post/1nhfl1e,ont_total_neutro_mentions,global_counts,,3.0,False
1nhfl1e,train,0,http://wfrp.ia/resource/reddit/post/1nhfl1e,ont_domain_score,global_counts,,4.0,False
1nhfl1e,train,0,http://wfrp.ia/resource/reddit/post/1nhfl1e,ont_domain_density,global_counts,,0.36363636363636365,True
1nhkd8n,train,2,http://wfrp.ia/resource/reddit/post/1nhkd8n,ont_Tecnologia_Neutro,technology,http://wfrp.ia/dominio/ciencia-tecnologia#Tecnologia,1.0,True
1nhkd8n,train,2,http://wfrp.ia/resource/reddit/post/1nhkd8n,ont_has_ontology_elements,global_counts,,1.0,False
1nhkd8n,train,2,http://wfrp.ia/resource/reddit/post/1nhkd8n,ont_count_domain_concepts,global_counts,,1.0,False
1nhkd8n,train,2,http://wfrp.ia/resource/reddit/post/1nhkd8n,ont_total_neutro_mentions,global_counts,,1.0,False
1nhkd8n,train,2,http://wfrp.ia/resource/reddit/post/1nhkd8n,ont_domain_score,global_counts,,1.0,False
1nhkd8n,train,2,http://wfrp.ia/resource/reddit/post/1nhkd8n,ont_domain_density,global_counts,,0.0625,True
1nhuyqr,train,2,http://wfrp.ia/resource/reddit/post/1nhuyqr,ont_InteligenciaArtificial_Neutro,ai,http://wfrp.ia/dominio/ciencia-tecnologia#InteligenciaArtificial,1.0,False
1nhuyqr,train,2,http://wfrp.ia/resource/reddit/post/1nhuyqr,ont_Robot_Neutro,robot,http://wfrp.ia/dominio/ciencia-tecnologia#Robot,1.0,False
1nhuyqr,train,2,http://wfrp.ia/resource/reddit/post/1nhuyqr,ont_has_ontology_elements,global_counts,,1.0,False
1nhuyqr,train,2,http://wfrp.ia/resource/reddit/post/1nhuyqr,ont_count_domain_concepts,global_counts,,2.0,False
1nhuyqr,train,2,http://wfrp.ia/resource/reddit/post/1nhuyqr,ont_total_neutro_mentions,global_counts,,2.0,False
1nhuyqr,train,2,http://wfrp.ia/resource/reddit/post/1nhuyqr,ont_domain_score,global_counts,,2.0,False
1nhuyqr,train,2,http://wfrp.ia/resource/reddit/post/1nhuyqr,ont_domain_density,global_counts,,0.14285714285714285,True
1nhxx3a,train,0,http://wfrp.ia/resource/reddit/post/1nhxx3a,ont_InteligenciaArtificial_Neutro,ai,http://wfrp.ia/dominio/ciencia-tecnologia#InteligenciaArtificial,1.0,False
1nhxx3a,train,0,http://wfrp.ia/resource/reddit/post/1nhxx3a,ont_has_ontology_elements,global_counts,,1.0,False
1nhxx3a,train,0,http://wfrp.ia/resource/reddit/post/1nhxx3a,ont_count_domain_concepts,global_counts,,1.0,False
1nhxx3a,train,0,http://wfrp.ia/resource/reddit/post/1nhxx3a,ont_total_neutro_mentions,global_counts,,1.0,False
1nhxx3a,train,0,http://wfrp.ia/resource/reddit/post/1nhxx3a,ont_domain_score,global_counts,,1.0,False
1nhxx3a,train,0,http://wfrp.ia/resource/reddit/post/1nhxx3a,ont_domain_density,global_counts,,0.08333333333333333,True
1nhlh2x,train,1,http://wfrp.ia/resource/reddit/post/1nhlh2x,ont_InteligenciaArtificial_Neutro,ai,http://wfrp.ia/dominio/ciencia-tecnologia#InteligenciaArtificial,1.0,False
1nhlh2x,train,1,http://wfrp.ia/resource/reddit/post/1nhlh2x,ont_has_ontology_elements,global_counts,,1.0,False
1nhlh2x,train,1,http://wfrp.ia/resource/reddit/post/1nhlh2x,ont_count_domain_concepts,global_counts,,1.0,False
1nhlh2x,train,1,http://wfrp.ia/resource/reddit/post/1nhlh2x,ont_total_neutro_mentions,global_counts,,1.0,False
1nhlh2x,train,1,http://wfrp.ia/resource/reddit/post/1nhlh2x,ont_domain_score,global_counts,,1.5,False
1nhlh2x,train,1,http://wfrp.ia/resource/reddit/post/1nhlh2x,ont_domain_density,global_counts,,0.1,True
1nhlpb9,train,0,http://wfrp.ia/resource/reddit/post/1nhlpb9,ont_InteligenciaArtificial_Neutro,ai,http://wfrp.ia/dominio/ciencia-tecnologia#InteligenciaArtificial,1.0,False
1nhlpb9,train,0,http://wfrp.ia/resource/reddit/post/1nhlpb9,ont_has_ontology_elements,global_counts,,1.0,False
1nhlpb9,train,0,http://wfrp.ia/resource/reddit/post/1nhlpb9,ont_count_domain_concepts,global_counts,,1.0,False
1nhlpb9,train,0,http://wfrp.ia/resource/reddit/post/1nhlpb9,ont_total_neutro_mentions,global_counts,,1.0,False
1nhlpb9,train,0,http://wfrp.ia/resource/reddit/post/1nhlpb9,ont_domain_score,global_counts,,1.0,False
1nhlpb9,train,0,http://wfrp.ia/resource/reddit/post/1nhlpb9,ont_domain_density,global_counts,,0.08333333333333333,True
1nhscop,train,2,http://wfrp.ia/resource/reddit/post/1nhscop,ont_Innovacion_Neutro,innovation,http://wfrp.ia/dominio/ciencia-tecnologia#Innovacion,1.0,True
1nhscop,train,2,http://wfrp.ia/resource/reddit/post/1nhscop,ont_has_ontology_elements,global_counts,,1.0,False
1nhscop,train,2,http://wfrp.ia/resource/reddit/post/1nhscop,ont_count_domain_concepts,global_counts,,1.0,False
1nhscop,train,2,http://wfrp.ia/resource/reddit/post/1nhscop,ont_total_neutro_mentions,global_counts,,1.0,False
1nhscop,train,2,http://wfrp.ia/resource/reddit/post/1nhscop,ont_domain_score,global_counts,,1.0,False
1nhscop,train,2,http://wfrp.ia/resource/reddit/post/1nhscop,ont_domain_density,global_counts,,0.034482758620689655,True
1nhpwks,train,1,http://wfrp.ia/resource/reddit/post/1nhpwks,ont_InteligenciaArtificial_Neutro,ai,http://wfrp.ia/dominio/ciencia-tecnologia#InteligenciaArtificial,1.0,False
1nhpwks,train,1,http://wfrp.ia/resource/reddit/post/1nhpwks,ont_Tecnologia_Positivo,technology,http://wfrp.ia/dominio/ciencia-tecnologia#Tecnologia,1.0,False
1nhpwks,train,1,http://wfrp.ia/resource/reddit/post/1nhpwks,ont_has_ontology_elements,global_counts,,1.0,False
1nhpwks,train,1,http://wfrp.ia/resource/reddit/post/1nhpwks,ont_count_domain_concepts,global_counts,,2.0,False
1nhpwks,train,1,http://wfrp.ia/resource/reddit/post/1nhpwks,ont_total_positivo_mentions,global_counts,,1.0,False
1nhpwks,train,1,http://wfrp.ia/resource/reddit/post/1nhpwks,ont_total_neutro_mentions,global_counts,,1.0,False
1nhpwks,train,1,http://wfrp.ia/resource/reddit/post/1nhpwks,ont_domain_score,global_counts,,2.0,False
1nhpwks,train,1,http://wfrp.ia/resource/reddit/post/1nhpwks,ont_domain_density,global_counts,,0.1111111111111111,True
1ni00a4,train,1,http://wfrp.ia/resource/reddit/post/1ni00a4,ont_InteligenciaArtificial_Neutro,ai,http://wfrp.ia/dominio/ciencia-tecnologia#InteligenciaArtificial,1.0,False
1ni00a4,train,1,http://wfrp.ia/resource/reddit/post/1ni00a4,ont_has_ontology_elements,global_counts,,1.0,False
1ni00a4,train,1,http://wfrp.ia/resource/reddit/post/1ni00a4,ont_count_domain_concepts,global_counts,,1.0,False
1ni00a4,train,1,http://wfrp.ia/resource/reddit/post/1ni00a4,ont_total_neutro_mentions,global_counts,,1.0,False
1ni00a4,train,1,http://wfrp.ia/resource/reddit/post/1ni00a4,ont_domain_score,global_counts,,1.0,False
1ni00a4,train,1,http://wfrp.ia/resource/reddit/post/1ni00a4,ont_domain_density,global_counts,,0.14285714285714285,True
1nhexz0,train,1,http://wfrp.ia/resource/reddit/post/1nhexz0,ont_InteligenciaArtificial_Neutro,ai,http://wfrp.ia/dominio/ciencia-tecnologia#InteligenciaArtificial,1.0,False
1nhexz0,train,1,http://wfrp.ia/resource/reddit/post/1nhexz0,ont_Robot_Neutro,robot,http://wfrp.ia/dominio/ciencia-tecnologia#Robot,1.0,False
1nhexz0,train,1,http://wfrp.ia/resource/reddit/post/1nhexz0,ont_has_ontology_elements,global_counts,,1.0,False
1nhexz0,train,1,http://wfrp.ia/resource/reddit/post/1nhexz0,ont_count_domain_concepts,global_counts,,2.0,False
1nhexz0,train,1,http://wfrp.ia/resource/reddit/post/1nhexz0,ont_total_neutro_mentions,global_counts,,2.0,False
1nhexz0,train,1,http://wfrp.ia/resource/reddit/post/1nhexz0,ont_domain_score,global_counts,,2.0,False
1nhexz0,train,1,http://wfrp.ia/resource/reddit/post/1nhexz0,ont_domain_density,global_counts,,0.25,True
1nfdqnt,train,1,http://wfrp.ia/resource/reddit/post/1nfdqnt,ont_InteligenciaArtificial_Neutro,ai,http://wfrp.ia/dominio/ciencia-tecnologia#InteligenciaArtificial,1.0,False
1nfdqnt,train,1,http://wfrp.ia/resource/reddit/post/1nfdqnt,ont_has_ontology_elements,global_counts,,1.0,False
1nfdqnt,train,1,http://wfrp.ia/resource/reddit/post/1nfdqnt,ont_count_domain_concepts,global_counts,,1.0,False
1nfdqnt,train,1,http://wfrp.ia/resource/reddit/post/1nfdqnt,ont_total_neutro_mentions,global_counts,,1.0,False
1nfdqnt,train,1,http://wfrp.ia/resource/reddit/post/1nfdqnt,ont_domain_score,global_counts,,1.0,False
1nfdqnt,train,1,http://wfrp.ia/resource/reddit/post/1nfdqnt,ont_domain_density,global_counts,,0.08333333333333333,True
1nevhav,train,1,http://wfrp.ia/resource/reddit/post/1nevhav,ont_InteligenciaArtificial_Neutro,ai,http://wfrp.ia/dominio/ciencia-tecnologia#InteligenciaArtificial,1.0,False
1nevhav,train,1,http://wfrp.ia/resource/reddit/post/1nevhav,ont_Tecnologia_Neutro,technology,http://wfrp.ia/dominio/ciencia-tecnologia#Tecnologia,1.0,True
1nevhav,train,1,http://wfrp.ia/resource/reddit/post/1nevhav,ont_has_ontology_elements,global_counts,,1.0,False
1nevhav,train,1,http://wfrp.ia/resource/reddit/post/1nevhav,ont_count_domain_concepts,global_counts,,2.0,False
1nevhav,train,1,http://wfrp.ia/resource/reddit/post/1nevhav,ont_total_neutro_mentions,global_counts,,2.0,False
1nevhav,train,1,http://wfrp.ia/resource/reddit/post/1nevhav,ont_domain_score,global_counts,,2.0,False
1nevhav,train,1,http://wfrp.ia/resource/reddit/post/1nevhav,ont_domain_density,global_counts,,0.3333333333333333,True
1nfmxev,train,0,http://wfrp.ia/resource/reddit/post/1nfmxev,ont_InteligenciaArtificial_Neutro,ai,http://wfrp.ia/dominio/ciencia-tecnologia#InteligenciaArtificial,2.0,False
1nfmxev,train,0,http://wfrp.ia/resource/reddit/post/1nfmxev,ont_Robot_Neutro,robot,http://wfrp.ia/dominio/ciencia-tecnologia#Robot,1.0,False
1nfmxev,train,0,http://wfrp.ia/resource/reddit/post/1nfmxev,ont_has_ontology_elements,global_counts,,1.0,False
1nfmxev,train,0,http://wfrp.ia/resource/reddit/post/1nfmxev,ont_count_domain_concepts,global_counts,,2.0,False
1nfmxev,train,0,http://wfrp.ia/resource/reddit/post/1nfmxev,ont_total_neutro_mentions,global_counts,,3.0,False
1nfmxev,train,0,http://wfrp.ia/resource/reddit/post/1nfmxev,ont_domain_score,global_counts,,3.0,False
1nfmxev,train,0,http://wfrp.ia/resource/reddit/post/1nfmxev,ont_domain_density,global_counts,,0.08,True
1nf24qu,train,0,http://wfrp.ia/resource/reddit/post/1nf24qu,ont_Datos_Neutro,data,http://wfrp.ia/dominio/ciencia-tecnologia#Datos,1.0,False
1nf24qu,train,0,http://wfrp.ia/resource/reddit/post/1nf24qu,ont_has_ontology_elements,global_counts,,1.0,False
1nf24qu,train,0,http://wfrp.ia/resource/reddit/post/1nf24qu,ont_count_domain_concepts,global_counts,,1.0,False
1nf24qu,train,0,http://wfrp.ia/resource/reddit/post/1nf24qu,ont_total_neutro_mentions,global_counts,,1.0,False
1nf24qu,train,0,http://wfrp.ia/resource/reddit/post/1nf24qu,ont_domain_score,global_counts,,1.0,False
1nf24qu,train,0,http://wfrp.ia/resource/reddit/post/1nf24qu,ont_domain_density,global_counts,,0.08333333333333333,True
1nf709i,train,1,http://wfrp.ia/resource/reddit/post/1nf709i,ont_Tecnologia_Neutro,technology,http://wfrp.ia/dominio/ciencia-tecnologia#Tecnologia,1.0,True
1nf709i,train,1,http://wfrp.ia/resource/reddit/post/1nf709i,ont_Datos_Neutro,data,http://wfrp.ia/dominio/ciencia-tecnologia#Datos,1.0,False
1nf709i,train,1,http://wfrp.ia/resource/reddit/post/1nf709i,ont_has_ontology_elements,global_counts,,1.0,False
1nf709i,train,1,http://wfrp.ia/resource/reddit/post/1nf709i,ont_count_domain_concepts,global_counts,,2.0,False
1nf709i,train,1,http://wfrp.ia/resource/reddit/post/1nf709i,ont_total_neutro_mentions,global_counts,,2.0,False
1nf709i,train,1,http://wfrp.ia/resource/reddit/post/1nf709i,ont_domain_score,global_counts,,2.0,False
1nf709i,train,1,http://wfrp.ia/resource/reddit/post/1nf709i,ont_domain_density,global_counts,,0.18181818181818182,True
1nfbmpp,train,1,http://wfrp.ia/resource/reddit/post/1nfbmpp,ont_Tecnologia_Neutro,technology,http://wfrp.ia/dominio/ciencia-tecnologia#Tecnologia,1.0,True
1nfbmpp,train,1,http://wfrp.ia/resource/reddit/post/1nfbmpp,ont_Algoritmo_Neutro,algorithm,http://wfrp.ia/dominio/ciencia-tecnologia#Algoritmo,1.0,False
1nfbmpp,train,1,http://wfrp.ia/resource/reddit/post/1nfbmpp,ont_has_ontology_elements,global_counts,,1.0,False
1nfbmpp,train,1,http://wfrp.ia/resource/reddit/post/1nfbmpp,ont_count_domain_concepts,global_counts,,2.0,False
1nfbmpp,train,1,http://wfrp.ia/resource/reddit/post/1nfbmpp,ont_total_neutro_mentions,global_counts,,2.0,False
1nfbmpp,train,1,http://wfrp.ia/resource/reddit/post/1nfbmpp,ont_domain_score,global_counts,,2.0,False
1nfbmpp,train,1,http://wfrp.ia/resource/reddit/post/1nfbmpp,ont_domain_density,global_counts,,0.18181818181818182,True
1newp1g,train,2,http://wfrp.ia/resource/reddit/post/1newp1g,ont_Tecnologia_Neutro,technology,http://wfrp.ia/dominio/ciencia-tecnologia#Tecnologia,1.0,True
1newp1g,train,2,http://wfrp.ia/resource/reddit/post/1newp1g,ont_has_ontology_elements,global_counts,,1.0,False
1newp1g,train,2,http://wfrp.ia/resource/reddit/post/1newp1g,ont_count_domain_concepts,global_counts,,1.0,False
1newp1g,train,2,http://wfrp.ia/resource/reddit/post/1newp1g,ont_total_neutro_mentions,global_counts,,1.0,False
1newp1g,train,2,http://wfrp.ia/resource/reddit/post/1newp1g,ont_domain_score,global_counts,,1.0,False
1newp1g,train,2,http://wfrp.ia/resource/reddit/post/1newp1g,ont_domain_density,global_counts,,0.1,True
1nfa5r0,train,0,http://wfrp.ia/resource/reddit/post/1nfa5r0,ont_InteligenciaArtificial_Neutro,ai,http://wfrp.ia/dominio/ciencia-tecnologia#InteligenciaArtificial,1.0,False
1nfa5r0,train,0,http://wfrp.ia/resource/reddit/post/1nfa5r0,ont_has_ontology_elements,global_counts,,1.0,False
1nfa5r0,train,0,http://wfrp.ia/resource/reddit/post/1nfa5r0,ont_count_domain_concepts,global_counts,,1.0,False
1nfa5r0,train,0,http://wfrp.ia/resource/reddit/post/1nfa5r0,ont_total_neutro_mentions,global_counts,,1.0,False
1nfa5r0,train,0,http://wfrp.ia/resource/reddit/post/1nfa5r0,ont_domain_score,global_counts,,1.0,False
1nfa5r0,train,0,http://wfrp.ia/resource/reddit/post/1nfa5r0,ont_domain_density,global_counts,,0.05,True
1nez1lx,train,0,http://wfrp.ia/resource/reddit/post/1nez1lx,ont_InteligenciaArtificial_Neutro,ai,http://wfrp.ia/dominio/ciencia-tecnologia#InteligenciaArtificial,1.0,False
1nez1lx,train,0,http://wfrp.ia/resource/reddit/post/1nez1lx,ont_has_ontology_elements,global_counts,,1.0,False
1nez1lx,train,0,http://wfrp.ia/resource/reddit/post/1nez1lx,ont_count_domain_concepts,global_counts,,1.0,False
1nez1lx,train,0,http://wfrp.ia/resource/reddit/post/1nez1lx,ont_total_neutro_mentions,global_counts,,1.0,False
1nez1lx,train,0,http://wfrp.ia/resource/reddit/post/1nez1lx,ont_domain_score,global_counts,,1.0,False
1nez1lx,train,0,http://wfrp.ia/resource/reddit/post/1nez1lx,ont_domain_density,global_counts,,0.16666666666666666,True
1nf9isq,train,2,http://wfrp.ia/resource/reddit/post/1nf9isq,ont_Datos_Neutro,data,http://wfrp.ia/dominio/ciencia-tecnologia#Datos,1.0,False
1nf9isq,train,2,http://wfrp.ia/resource/reddit/post/1nf9isq,ont_has_ontology_elements,global_counts,,1.0,False
1nf9isq,train,2,http://wfrp.ia/resource/reddit/post/1nf9isq,ont_count_domain_concepts,global_counts,,1.0,False
1nf9isq,train,2,http://wfrp.ia/resource/reddit/post/1nf9isq,ont_total_neutro_mentions,global_counts,,1.0,False
1nf9isq,train,2,http://wfrp.ia/resource/reddit/post/1nf9isq,ont_domain_score,global_counts,,1.0,False
1nf9isq,train,2,http://wfrp.ia/resource/reddit/post/1nf9isq,ont_domain_density,global_counts,,0.06666666666666667,True
1nf3rdq,train,0,http://wfrp.ia/resource/reddit/post/1nf3rdq,ont_InteligenciaArtificial_Negativo,ai,http://wfrp.ia/dominio/ciencia-tecnologia#InteligenciaArtificial,2.0,True
1nf3rdq,train,0,http://wfrp.ia/resource/reddit/post/1nf3rdq,ont_InteligenciaArtificial_Neutro,ai,http://wfrp.ia/dominio/ciencia-tecnologia#InteligenciaArtificial,1.0,False
1nf3rdq,train,0,http://wfrp.ia/resource/reddit/post/1nf3rdq,ont_has_ontology_elements,global_counts,,1.0,False
1nf3rdq,train,0,http://wfrp.ia/resource/reddit/post/1nf3rdq,ont_count_domain_concepts,global_counts,,1.0,False
1nf3rdq,train,0,http://wfrp.ia/resource/reddit/post/1nf3rdq,ont_total_negativo_mentions,global_counts,,2.0,True
1nf3rdq,train,0,http://wfrp.ia/resource/reddit/post/1nf3rdq,ont_total_neutro_mentions,global_counts,,1.0,False
1nf3rdq,train,0,http://wfrp.ia/resource/reddit/post/1nf3rdq,ont_domain_score,global_counts,,3.0,False
1nf3rdq,train,0,http://wfrp.ia/resource/reddit/post/1nf3rdq,ont_domain_density,global_counts,,0.045454545454545456,True
1nfc8xw,train,0,http://wfrp.ia/resource/reddit/post/1nfc8xw,ont_InteligenciaArtificial_Neutro,ai,http://wfrp.ia/dominio/ciencia-tecnologia#InteligenciaArtificial,2.0,False
1nfc8xw,train,0,http://wfrp.ia/resource/reddit/post/1nfc8xw,ont_Robot_Neutro,robot,http://wfrp.ia/dominio/ciencia-tecnologia#Robot,2.0,False
1nfc8xw,train,0,http://wfrp.ia/resource/reddit/post/1nfc8xw,ont_has_ontology_elements,global_counts,,1.0,False
1nfc8xw,train,0,http://wfrp.ia/resource/reddit/post/1nfc8xw,ont_count_domain_concepts,global_counts,,3.0,False
1nfc8xw,train,0,http://wfrp.ia/resource/reddit/post/1nfc8xw,ont_total_neutro_mentions,global_counts,,4.0,False
1nfc8xw,train,0,http://wfrp.ia/resource/reddit/post/1nfc8xw,ont_domain_score,global_counts,,4.5,False
1nfc8xw,train,0,http://wfrp.ia/resource/reddit/post/1nfc8xw,ont_domain_density,global_counts,,0.13636363636363635,True
1nf2g9q,train,2,http://wfrp.ia/resource/reddit/post/1nf2g9q,,,,0.0,False
1nf7j6k,train,1,http://wfrp.ia/resource/reddit/post/1nf7j6k,ont_InteligenciaArtificial_Neutro,ai,http://wfrp.ia/dominio/ciencia-tecnologia#InteligenciaArtificial,1.0,False
1nf7j6k,train,1,http://wfrp.ia/resource/reddit/post/1nf7j6k,ont_has_ontology_elements,global_counts,,1.0,False
1nf7j6k,train,1,http://wfrp.ia/resource/reddit/post/1nf7j6k,ont_count_domain_concepts,global_counts,,1.0,False
1nf7j6k,train,1,http://wfrp.ia/resource/reddit/post/1nf7j6k,ont_total_neutro_mentions,global_counts,,1.0,False
1nf7j6k,train,1,http://wfrp.ia/resource/reddit/post/1nf7j6k,ont_domain_score,global_counts,,1.0,False
1nf7j6k,train,1,http://wfrp.ia/resource/reddit/post/1nf7j6k,ont_domain_density,global_counts,,0.1,True
1ngbahx,train,2,http://wfrp.ia/resource/reddit/post/1ngbahx,ont_InteligenciaArtificial_Neutro,ai,http://wfrp.ia/dominio/ciencia-tecnologia#InteligenciaArtificial,1.0,False
1ngbahx,train,2,http://wfrp.ia/resource/reddit/post/1ngbahx,ont_has_ontology_elements,global_counts,,1.0,False
1ngbahx,train,2,http://wfrp.ia/resource/reddit/post/1ngbahx,ont_count_domain_concepts,global_counts,,1.0,False
1ngbahx,train,2,http://wfrp.ia/resource/reddit/post/1ngbahx,ont_total_neutro_mentions,global_counts,,1.0,False
1ngbahx,train,2,http://wfrp.ia/resource/reddit/post/1ngbahx,ont_domain_score,global_counts,,1.0,False
1ngbahx,train,2,http://wfrp.ia/resource/reddit/post/1ngbahx,ont_domain_density,global_counts,,0.0625,True
1nfacvx,train,1,http://wfrp.ia/resource/reddit/post/1nfacvx,ont_InteligenciaArtificial_Positivo,ai,http://wfrp.ia/dominio/ciencia-tecnologia#InteligenciaArtificial,1.0,False
1nfacvx,train,1,http://wfrp.ia/resource/reddit/post/1nfacvx,ont_Etica_Positivo,ethics,http://wfrp.ia/dominio/ciencia-tecnologia#Etica,1.0,False
1nfacvx,train,1,http://wfrp.ia/resource/reddit/post/1nfacvx,ont_has_ontology_elements,global_counts,,1.0,False
1nfacvx,train,1,http://wfrp.ia/resource/reddit/post/1nfacvx,ont_count_domain_concepts,global_counts,,2.0,False
1nfacvx,train,1,http://wfrp.ia/resource/reddit/post/1nfacvx,ont_total_positivo_mentions,global_counts,,2.0,False
1nfacvx,train,1,http://wfrp.ia/resource/reddit/post/1nfacvx,ont_domain_score,global_counts,,2.0,False
1nfacvx,train,1,http://wfrp.ia/resource/reddit/post/1nfacvx,ont_domain_density,global_counts,,0.16666666666666666,True
1ng9nv8,train,2,http://wfrp.ia/resource/reddit/post/1ng9nv8,ont_Datos_Neutro,data,http://wfrp.ia/dominio/ciencia-tecnologia#Datos,1.0,False
1ng9nv8,train,2,http://wfrp.ia/resource/reddit/post/1ng9nv8,ont_has_ontology_elements,global_counts,,1.0,False
1ng9nv8,train,2,http://wfrp.ia/resource/reddit/post/1ng9nv8,ont_count_domain_concepts,global_counts,,1.0,False
1ng9nv8,train,2,http://wfrp.ia/resource/reddit/post/1ng9nv8,ont_total_neutro_mentions,global_counts,,1.0,False
1ng9nv8,train,2,http://wfrp.ia/resource/reddit/post/1ng9nv8,ont_domain_score,global_counts,,1.0,False
1ng9nv8,train,2,http://wfrp.ia/resource/reddit/post/1ng9nv8,ont_domain_density,global_counts,,0.043478260869565216,True
1nga6ls,train,2,http://wfrp.ia/resource/reddit/post/1nga6ls,ont_InteligenciaArtificial_Neutro,ai,http://wfrp.ia/dominio/ciencia-tecnologia#InteligenciaArtificial,1.0,False
1nga6ls,train,2,http://wfrp.ia/resource/reddit/post/1nga6ls,ont_has_ontology_elements,global_counts,,1.0,False
1nga6ls,train,2,http://wfrp.ia/resource/reddit/post/1nga6ls,ont_count_domain_concepts,global_counts,,1.0,False
1nga6ls,train,2,http://wfrp.ia/resource/reddit/post/1nga6ls,ont_total_neutro_mentions,global_counts,,1.0,False
1nga6ls,train,2,http://wfrp.ia/resource/reddit/post/1nga6ls,ont_domain_score,global_counts,,1.0,False
1nga6ls,train,2,http://wfrp.ia/resource/reddit/post/1nga6ls,ont_domain_density,global_counts,,0.041666666666666664,True
1nfxhsa,train,1,http://wfrp.ia/resource/reddit/post/1nfxhsa,ont_InteligenciaArtificial_Neutro,ai,http://wfrp.ia/dominio/ciencia-tecnologia#InteligenciaArtificial,1.0,False
1nfxhsa,train,1,http://wfrp.ia/resource/reddit/post/1nfxhsa,ont_has_ontology_elements,global_counts,,1.0,False
1nfxhsa,train,1,http://wfrp.ia/resource/reddit/post/1nfxhsa,ont_count_domain_concepts,global_counts,,1.0,False
1nfxhsa,train,1,http://wfrp.ia/resource/reddit/post/1nfxhsa,ont_total_neutro_mentions,global_counts,,1.0,False
1nfxhsa,train,1,http://wfrp.ia/resource/reddit/post/1nfxhsa,ont_domain_score,global_counts,,1.0,False
1nfxhsa,train,1,http://wfrp.ia/resource/reddit/post/1nfxhsa,ont_domain_density,global_counts,,0.07692307692307693,True
1ng2r6g,train,1,http://wfrp.ia/resource/reddit/post/1ng2r6g,ont_InteligenciaArtificial_Neutro,ai,http://wfrp.ia/dominio/ciencia-tecnologia#InteligenciaArtificial,1.0,False
1ng2r6g,train,1,http://wfrp.ia/resource/reddit/post/1ng2r6g,ont_has_ontology_elements,global_counts,,1.0,False
1ng2r6g,train,1,http://wfrp.ia/resource/reddit/post/1ng2r6g,ont_count_domain_concepts,global_counts,,1.0,False
1ng2r6g,train,1,http://wfrp.ia/resource/reddit/post/1ng2r6g,ont_total_neutro_mentions,global_counts,,1.0,False
1ng2r6g,train,1,http://wfrp.ia/resource/reddit/post/1ng2r6g,ont_domain_score,global_counts,,1.0,False
1ng2r6g,train,1,http://wfrp.ia/resource/reddit/post/1ng2r6g,ont_domain_density,global_counts,,0.1,True
1ng3sbr,train,0,http://wfrp.ia/resource/reddit/post/1ng3sbr,ont_Datos_Neutro,data,http://wfrp.ia/dominio/ciencia-tecnologia#Datos,1.0,False
1ng3sbr,train,0,http://wfrp.ia/resource/reddit/post/1ng3sbr,ont_has_ontology_elements,global_counts,,1.0,False
1ng3sbr,train,0,http://wfrp.ia/resource/reddit/post/1ng3sbr,ont_count_domain_concepts,global_counts,,1.0,False
1ng3sbr,train,0,http://wfrp.ia/resource/reddit/post/1ng3sbr,ont_total_neutro_mentions,global_counts,,1.0,False
1ng3sbr,train,0,http://wfrp.ia/resource/reddit/post/1ng3sbr,ont_domain_score,global_counts,,1.0,False
1ng3sbr,train,0,http://wfrp.ia/resource/reddit/post/1ng3sbr,ont_domain_density,global_counts,,0.0625,True
1nfq954,train,1,http://wfrp.ia/resource/reddit/post/1nfq954,ont_InteligenciaArtificial_Neutro,ai,http://wfrp.ia/dominio/ciencia-tecnologia#InteligenciaArtificial,2.0,False
1nfq954,train,1,http://wfrp.ia/resource/reddit/post/1nfq954,ont_has_ontology_elements,global_counts,,1.0,False
1nfq954,train,1,http://wfrp.ia/resource/reddit/post/1nfq954,ont_count_domain_concepts,global_counts,,1.0,False
1nfq954,train,1,http://wfrp.ia/resource/reddit/post/1nfq954,ont_total_neutro_mentions,global_counts,,2.0,False
1nfq954,train,1,http://wfrp.ia/resource/reddit/post/1nfq954,ont_domain_score,global_counts,,1.5,False
1nfq954,train,1,http://wfrp.ia/resource/reddit/post/1nfq954,ont_domain_density,global_counts,,0.125,True
1ng6jht,train,2,http://wfrp.ia/resource/reddit/post/1ng6jht,ont_InteligenciaArtificial_Neutro,ai,http://wfrp.ia/dominio/ciencia-tecnologia#InteligenciaArtificial,1.0,False
1ng6jht,train,2,http://wfrp.ia/resource/reddit/post/1ng6jht,ont_has_ontology_elements,global_counts,,1.0,False
1ng6jht,train,2,http://wfrp.ia/resource/reddit/post/1ng6jht,ont_count_domain_concepts,global_counts,,1.0,False
1ng6jht,train,2,http://wfrp.ia/resource/reddit/post/1ng6jht,ont_total_neutro_mentions,global_counts,,1.0,False
1ng6jht,train,2,http://wfrp.ia/resource/reddit/post/1ng6jht,ont_domain_score,global_counts,,0.5,False
1ng6jht,train,2,http://wfrp.ia/resource/reddit/post/1ng6jht,ont_domain_density,global_counts,,0.1,True
1ng14bz,train,1,http://wfrp.ia/resource/reddit/post/1ng14bz,ont_InteligenciaArtificial_Neutro,ai,http://wfrp.ia/dominio/ciencia-tecnologia#InteligenciaArtificial,1.0,False
1ng14bz,train,1,http://wfrp.ia/resource/reddit/post/1ng14bz,ont_has_ontology_elements,global_counts,,1.0,False
1ng14bz,train,1,http://wfrp.ia/resource/reddit/post/1ng14bz,ont_count_domain_concepts,global_counts,,2.0,False
1ng14bz,train,1,http://wfrp.ia/resource/reddit/post/1ng14bz,ont_total_neutro_mentions,global_counts,,1.0,False
1ng14bz,train,1,http://wfrp.ia/resource/reddit/post/1ng14bz,ont_domain_score,global_counts,,2.0,False
1ng14bz,train,1,http://wfrp.ia/resource/reddit/post/1ng14bz,ont_domain_density,global_counts,,0.2857142857142857,True
1ngabok,train,1,http://wfrp.ia/resource/reddit/post/1ngabok,ont_InteligenciaArtificial_Neutro,ai,http://wfrp.ia/dominio/ciencia-tecnologia#InteligenciaArtificial,1.0,False
1ngabok,train,1,http://wfrp.ia/resource/reddit/post/1ngabok,ont_has_ontology_elements,global_counts,,1.0,False
1ngabok,train,1,http://wfrp.ia/resource/reddit/post/1ngabok,ont_count_domain_concepts,global_counts,,1.0,False
1ngabok,train,1,http://wfrp.ia/resource/reddit/post/1ngabok,ont_total_neutro_mentions,global_counts,,1.0,False
1ngabok,train,1,http://wfrp.ia/resource/reddit/post/1ngabok,ont_domain_score,global_counts,,1.0,False
1ngabok,train,1,http://wfrp.ia/resource/reddit/post/1ngabok,ont_domain_density,global_counts,,0.1,True
1nfuj8y,train,1,http://wfrp.ia/resource/reddit/post/1nfuj8y,ont_InteligenciaArtificial_Neutro,ai,http://wfrp.ia/dominio/ciencia-tecnologia#InteligenciaArtificial,1.0,False
1nfuj8y,train,1,http://wfrp.ia/resource/reddit/post/1nfuj8y,ont_has_ontology_elements,global_counts,,1.0,False
1nfuj8y,train,1,http://wfrp.ia/resource/reddit/post/1nfuj8y,ont_count_domain_concepts,global_counts,,1.0,False
1nfuj8y,train,1,http://wfrp.ia/resource/reddit/post/1nfuj8y,ont_total_neutro_mentions,global_counts,,1.0,False
1nfuj8y,train,1,http://wfrp.ia/resource/reddit/post/1nfuj8y,ont_domain_score,global_counts,,1.0,False
1nfuj8y,train,1,http://wfrp.ia/resource/reddit/post/1nfuj8y,ont_domain_density,global_counts,,0.125,True
1ngzmfd,train,2,http://wfrp.ia/resource/reddit/post/1ngzmfd,ont_InteligenciaArtificial_Neutro,ai,http://wfrp.ia/dominio/ciencia-tecnologia#InteligenciaArtificial,1.0,False
1ngzmfd,train,2,http://wfrp.ia/resource/reddit/post/1ngzmfd,ont_has_ontology_elements,global_counts,,1.0,False
1ngzmfd,train,2,http://wfrp.ia/resource/reddit/post/1ngzmfd,ont_count_domain_concepts,global_counts,,1.0,False
1ngzmfd,train,2,http://wfrp.ia/resource/reddit/post/1ngzmfd,ont_total_neutro_mentions,global_counts,,1.0,False
1ngzmfd,train,2,http://wfrp.ia/resource/reddit/post/1ngzmfd,ont_domain_score,global_counts,,1.0,False
1ngzmfd,train,2,http://wfrp.ia/resource/reddit/post/1ngzmfd,ont_domain_density,global_counts,,0.06666666666666667,True
1nh1jfu,train,0,http://wfrp.ia/resource/reddit/post/1nh1jfu,ont_InteligenciaArtificial_Neutro,ai,http://wfrp.ia/dominio/ciencia-tecnologia#InteligenciaArtificial,1.0,False
1nh1jfu,train,0,http://wfrp.ia/resource/reddit/post/1nh1jfu,ont_has_ontology_elements,global_counts,,1.0,False
1nh1jfu,train,0,http://wfrp.ia/resource/reddit/post/1nh1jfu,ont_count_domain_concepts,global_counts,,1.0,False
1nh1jfu,train,0,http://wfrp.ia/resource/reddit/post/1nh1jfu,ont_total_neutro_mentions,global_counts,,1.0,False
1nh1jfu,train,0,http://wfrp.ia/resource/reddit/post/1nh1jfu,ont_domain_score,global_counts,,1.0,False
1nh1jfu,train,0,http://wfrp.ia/resource/reddit/post/1nh1jfu,ont_domain_density,global_counts,,0.1,True
1ngyvaw,train,2,http://wfrp.ia/resource/reddit/post/1ngyvaw,ont_Innovacion_Neutro,innovation,http://wfrp.ia/dominio/ciencia-tecnologia#Innovacion,1.0,True
1ngyvaw,train,2,http://wfrp.ia/resource/reddit/post/1ngyvaw,ont_has_ontology_elements,global_counts,,1.0,False
1ngyvaw,train,2,http://wfrp.ia/resource/reddit/post/1ngyvaw,ont_count_domain_concepts,global_counts,,1.0,False
1ngyvaw,train,2,http://wfrp.ia/resource/reddit/post/1ngyvaw,ont_total_neutro_mentions,global_counts,,1.0,False
1ngyvaw,train,2,http://wfrp.ia/resource/reddit/post/1ngyvaw,ont_domain_score,global_counts,,1.0,False
1ngyvaw,train,2,http://wfrp.ia/resource/reddit/post/1ngyvaw,ont_domain_density,global_counts,,0.09090909090909091,True
1nglgh6,train,1,http://wfrp.ia/resource/reddit/post/1nglgh6,ont_InteligenciaArtificial_Neutro,ai,http://wfrp.ia/dominio/ciencia-tecnologia#InteligenciaArtificial,1.0,False
1nglgh6,train,1,http://wfrp.ia/resource/reddit/post/1nglgh6,ont_has_ontology_elements,global_counts,,1.0,False
1nglgh6,train,1,http://wfrp.ia/resource/reddit/post/1nglgh6,ont_count_domain_concepts,global_counts,,1.0,False
1nglgh6,train,1,http://wfrp.ia/resource/reddit/post/1nglgh6,ont_total_neutro_mentions,global_counts,,1.0,False
1nglgh6,train,1,http://wfrp.ia/resource/reddit/post/1nglgh6,ont_domain_score,global_counts,,1.0,False
1nglgh6,train,1,http://wfrp.ia/resource/reddit/post/1nglgh6,ont_domain_density,global_counts,,0.0625,True
1ngmbja,train,1,http://wfrp.ia/resource/reddit/post/1ngmbja,ont_InteligenciaArtificial_Neutro,ai,http://wfrp.ia/dominio/ciencia-tecnologia#InteligenciaArtificial,1.0,False
1ngmbja,train,1,http://wfrp.ia/resource/reddit/post/1ngmbja,ont_Robot_Neutro,robot,http://wfrp.ia/dominio/ciencia-tecnologia#Robot,1.0,False
1ngmbja,train,1,http://wfrp.ia/resource/reddit/post/1ngmbja,ont_has_ontology_elements,global_counts,,1.0,False
1ngmbja,train,1,http://wfrp.ia/resource/reddit/post/1ngmbja,ont_count_domain_concepts,global_counts,,2.0,False
1ngmbja,train,1,http://wfrp.ia/resource/reddit/post/1ngmbja,ont_total_neutro_mentions,global_counts,,2.0,False
1ngmbja,train,1,http://wfrp.ia/resource/reddit/post/1ngmbja,ont_domain_score,global_counts,,2.0,False
1ngmbja,train,1,http://wfrp.ia/resource/reddit/post/1ngmbja,ont_domain_density,global_counts,,0.08333333333333333,True
1ngumvp,train,1,http://wfrp.ia/resource/reddit/post/1ngumvp,ont_InteligenciaArtificial_Neutro,ai,http://wfrp.ia/dominio/ciencia-tecnologia#InteligenciaArtificial,1.0,False
1ngumvp,train,1,http://wfrp.ia/resource/reddit/post/1ngumvp,ont_has_ontology_elements,global_counts,,1.0,False
1ngumvp,train,1,http://wfrp.ia/resource/reddit/post/1ngumvp,ont_count_domain_concepts,global_counts,,1.0,False
1ngumvp,train,1,http://wfrp.ia/resource/reddit/post/1ngumvp,ont_total_neutro_mentions,global_counts,,1.0,False
1ngumvp,train,1,http://wfrp.ia/resource/reddit/post/1ngumvp,ont_domain_score,global_counts,,1.0,False
1ngumvp,train,1,http://wfrp.ia/resource/reddit/post/1ngumvp,ont_domain_density,global_counts,,0.1,True
1n58tsy,train,2,http://wfrp.ia/resource/reddit/post/1n58tsy,ont_InteligenciaArtificial_Neutro,ai,http://wfrp.ia/dominio/ciencia-tecnologia#InteligenciaArtificial,1.0,False
1n58tsy,train,2,http://wfrp.ia/resource/reddit/post/1n58tsy,ont_Datos_Neutro,data,http://wfrp.ia/dominio/ciencia-tecnologia#Datos,1.0,False
1n58tsy,train,2,http://wfrp.ia/resource/reddit/post/1n58tsy,ont_Algoritmo_Neutro,algorithm,http://wfrp.ia/dominio/ciencia-tecnologia#Algoritmo,1.0,False
1n58tsy,train,2,http://wfrp.ia/resource/reddit/post/1n58tsy,ont_has_ontology_elements,global_counts,,1.0,False
1n58tsy,train,2,http://wfrp.ia/resource/reddit/post/1n58tsy,ont_count_domain_concepts,global_counts,,3.0,False
1n58tsy,train,2,http://wfrp.ia/resource/reddit/post/1n58tsy,ont_total_neutro_mentions,global_counts,,3.0,False
1n58tsy,train,2,http://wfrp.ia/resource/reddit/post/1n58tsy,ont_domain_score,global_counts,,3.0,False
1n58tsy,train,2,http://wfrp.ia/resource/reddit/post/1n58tsy,ont_domain_density,global_counts,,0.08333333333333333,True
1n5ayqj,train,2,http://wfrp.ia/resource/reddit/post/1n5ayqj,ont_InteligenciaArtificial_Neutro,ai,http://wfrp.ia/dominio/ciencia-tecnologia#InteligenciaArtificial,1.0,False
1n5ayqj,train,2,http://wfrp.ia/resource/reddit/post/1n5ayqj,ont_Futuro_Neutro,future,http://wfrp.ia/dominio/ciencia-tecnologia#Futuro,1.0,False
1n5ayqj,train,2,http://wfrp.ia/resource/reddit/post/1n5ayqj,ont_has_ontology_elements,global_counts,,1.0,False
1n5ayqj,train,2,http://wfrp.ia/resource/reddit/post/1n5ayqj,ont_count_domain_concepts,global_counts,,2.0,False
1n5ayqj,train,2,http://wfrp.ia/resource/reddit/post/1n5ayqj,ont_total_neutro_mentions,global_counts,,2.0,False
1n5ayqj,train,2,http://wfrp.ia/resource/reddit/post/1n5ayqj,ont_domain_score,global_counts,,2.0,False
1n5ayqj,train,2,http://wfrp.ia/resource/reddit/post/1n5ayqj,ont_domain_density,global_counts,,0.15384615384615385,True
1n4q77v,train,2,http://wfrp.ia/resource/reddit/post/1n4q77v,ont_InteligenciaArtificial_Neutro,ai,http://wfrp.ia/dominio/ciencia-tecnologia#InteligenciaArtificial,1.0,False
1n4q77v,train,2,http://wfrp.ia/resource/reddit/post/1n4q77v,ont_has_ontology_elements,global_counts,,1.0,False
1n4q77v,train,2,http://wfrp.ia/resource/reddit/post/1n4q77v,ont_count_domain_concepts,global_counts,,1.0,False
1n4q77v,train,2,http://wfrp.ia/resource/reddit/post/1n4q77v,ont_total_neutro_mentions,global_counts,,1.0,False
1n4q77v,train,2,http://wfrp.ia/resource/reddit/post/1n4q77v,ont_domain_score,global_counts,,1.0,False
1n4q77v,train,2,http://wfrp.ia/resource/reddit/post/1n4q77v,ont_domain_density,global_counts,,0.0625,True
1n4wuyw,train,2,http://wfrp.ia/resource/reddit/post/1n4wuyw,ont_InteligenciaArtificial_Neutro,ai,http://wfrp.ia/dominio/ciencia-tecnologia#InteligenciaArtificial,2.0,False
1n4wuyw,train,2,http://wfrp.ia/resource/reddit/post/1n4wuyw,ont_has_ontology_elements,global_counts,,1.0,False
1n4wuyw,train,2,http://wfrp.ia/resource/reddit/post/1n4wuyw,ont_count_domain_concepts,global_counts,,1.0,False
1n4wuyw,train,2,http://wfrp.ia/resource/reddit/post/1n4wuyw,ont_total_neutro_mentions,global_counts,,2.0,False
1n4wuyw,train,2,http://wfrp.ia/resource/reddit/post/1n4wuyw,ont_domain_score,global_counts,,2.0,False
1n4wuyw,train,2,http://wfrp.ia/resource/reddit/post/1n4wuyw,ont_domain_density,global_counts,,0.07692307692307693,True
1n4sw5c,train,2,http://wfrp.ia/resource/reddit/post/1n4sw5c,ont_InteligenciaArtificial_Neutro,ai,http://wfrp.ia/dominio/ciencia-tecnologia#InteligenciaArtificial,1.0,False
1n4sw5c,train,2,http://wfrp.ia/resource/reddit/post/1n4sw5c,ont_has_ontology_elements,global_counts,,1.0,False
1n4sw5c,train,2,http://wfrp.ia/resource/reddit/post/1n4sw5c,ont_count_domain_concepts,global_counts,,1.0,False
1n4sw5c,train,2,http://wfrp.ia/resource/reddit/post/1n4sw5c,ont_total_neutro_mentions,global_counts,,1.0,False
1n4sw5c,train,2,http://wfrp.ia/resource/reddit/post/1n4sw5c,ont_domain_score,global_counts,,1.0,False
1n4sw5c,train,2,http://wfrp.ia/resource/reddit/post/1n4sw5c,ont_domain_density,global_counts,,0.030303030303030304,True
1n4wff5,train,2,http://wfrp.ia/resource/reddit/post/1n4wff5,ont_InteligenciaArtificial_Neutro,ai,http://wfrp.ia/dominio/ciencia-tecnologia#InteligenciaArtificial,1.0,False
1n4wff5,train,2,http://wfrp.ia/resource/reddit/post/1n4wff5,ont_Robot_Neutro,robot,http://wfrp.ia/dominio/ciencia-tecnologia#Robot,1.0,False
1n4wff5,train,2,http://wfrp.ia/resource/reddit/post/1n4wff5,ont_has_ontology_elements,global_counts,,1.0,False
1n4wff5,train,2,http://wfrp.ia/resource/reddit/post/1n4wff5,ont_count_domain_concepts,global_counts,,2.0,False
1n4wff5,train,2,http://wfrp.ia/resource/reddit/post/1n4wff5,ont_total_neutro_mentions,global_counts,,2.0,False
1n4wff5,train,2,http://wfrp.ia/resource/reddit/post/1n4wff5,ont_domain_score,global_counts,,2.0,False
1n4wff5,train,2,http://wfrp.ia/resource/reddit/post/1n4wff5,ont_domain_density,global_counts,,0.2222222222222222,True
1n52x50,train,2,http://wfrp.ia/resource/reddit/post/1n52x50,ont_InteligenciaArtificial_Neutro,ai,http://wfrp.ia/dominio/ciencia-tecnologia#InteligenciaArtificial,2.0,False
1n52x50,train,2,http://wfrp.ia/resource/reddit/post/1n52x50,ont_has_ontology_elements,global_counts,,1.0,False
1n52x50,train,2,http://wfrp.ia/resource/reddit/post/1n52x50,ont_count_domain_concepts,global_counts,,1.0,False
1n52x50,train,2,http://wfrp.ia/resource/reddit/post/1n52x50,ont_total_neutro_mentions,global_counts,,2.0,False
1n52x50,train,2,http://wfrp.ia/resource/reddit/post/1n52x50,ont_domain_score,global_counts,,1.0,False
1n52x50,train,2,http://wfrp.ia/resource/reddit/post/1n52x50,ont_domain_density,global_counts,,0.14285714285714285,True
1n4tkrt,train,2,http://wfrp.ia/resource/reddit/post/1n4tkrt,ont_InteligenciaArtificial_Neutro,ai,http://wfrp.ia/dominio/ciencia-tecnologia#InteligenciaArtificial,1.0,False
1n4tkrt,train,2,http://wfrp.ia/resource/reddit/post/1n4tkrt,ont_has_ontology_elements,global_counts,,1.0,False
1n4tkrt,train,2,http://wfrp.ia/resource/reddit/post/1n4tkrt,ont_count_domain_concepts,global_counts,,1.0,False
1n4tkrt,train,2,http://wfrp.ia/resource/reddit/post/1n4tkrt,ont_total_neutro_mentions,global_counts,,1.0,False
1n4tkrt,train,2,http://wfrp.ia/resource/reddit/post/1n4tkrt,ont_domain_score,global_counts,,1.0,False
1n4tkrt,train,2,http://wfrp.ia/resource/reddit/post/1n4tkrt,ont_domain_density,global_counts,,0.1,True
1n5213v,train,1,http://wfrp.ia/resource/reddit/post/1n5213v,ont_InteligenciaArtificial_Neutro,ai,http://wfrp.ia/dominio/ciencia-tecnologia#InteligenciaArtificial,1.0,False
1n5213v,train,1,http://wfrp.ia/resource/reddit/post/1n5213v,ont_has_ontology_elements,global_counts,,1.0,False
1n5213v,train,1,http://wfrp.ia/resource/reddit/post/1n5213v,ont_count_domain_concepts,global_counts,,1.0,False
1n5213v,train,1,http://wfrp.ia/resource/reddit/post/1n5213v,ont_total_neutro_mentions,global_counts,,1.0,False
1n5213v,train,1,http://wfrp.ia/resource/reddit/post/1n5213v,ont_domain_score,global_counts,,1.0,False
1n5213v,train,1,http://wfrp.ia/resource/reddit/post/1n5213v,ont_domain_density,global_counts,,0.1,True
1n5dgd7,train,2,http://wfrp.ia/resource/reddit/post/1n5dgd7,ont_InteligenciaArtificial_Neutro,ai,http://wfrp.ia/dominio/ciencia-tecnologia#InteligenciaArtificial,2.0,False
1n5dgd7,train,2,http://wfrp.ia/resource/reddit/post/1n5dgd7,ont_has_ontology_elements,global_counts,,1.0,False
1n5dgd7,train,2,http://wfrp.ia/resource/reddit/post/1n5dgd7,ont_count_domain_concepts,global_counts,,1.0,False
1n5dgd7,train,2,http://wfrp.ia/resource/reddit/post/1n5dgd7,ont_total_neutro_mentions,global_counts,,2.0,False
1n5dgd7,train,2,http://wfrp.ia/resource/reddit/post/1n5dgd7,ont_domain_score,global_counts,,2.0,False
1n5dgd7,train,2,http://wfrp.ia/resource/reddit/post/1n5dgd7,ont_domain_density,global_counts,,0.030303030303030304,True
1n4xzzy,train,0,http://wfrp.ia/resource/reddit/post/1n4xzzy,ont_Tecnologia_Neutro,technology,http://wfrp.ia/dominio/ciencia-tecnologia#Tecnologia,1.0,True
1n4xzzy,train,0,http://wfrp.ia/resource/reddit/post/1n4xzzy,ont_has_ontology_elements,global_counts,,1.0,False
1n4xzzy,train,0,http://wfrp.ia/resource/reddit/post/1n4xzzy,ont_count_domain_concepts,global_counts,,1.0,False
1n4xzzy,train,0,http://wfrp.ia/resource/reddit/post/1n4xzzy,ont_total_neutro_mentions,global_counts,,1.0,False
1n4xzzy,train,0,http://wfrp.ia/resource/reddit/post/1n4xzzy,ont_domain_score,global_counts,,1.0,False
1n4xzzy,train,0,http://wfrp.ia/resource/reddit/post/1n4xzzy,ont_domain_density,global_counts,,0.07692307692307693,True
1n4zdpo,train,1,http://wfrp.ia/resource/reddit/post/1n4zdpo,ont_InteligenciaArtificial_Neutro,ai,http://wfrp.ia/dominio/ciencia-tecnologia#InteligenciaArtificial,1.0,False
1n4zdpo,train,1,http://wfrp.ia/resource/reddit/post/1n4zdpo,ont_Futuro_Neutro,future,http://wfrp.ia/dominio/ciencia-tecnologia#Futuro,1.0,False
1n4zdpo,train,1,http://wfrp.ia/resource/reddit/post/1n4zdpo,ont_has_ontology_elements,global_counts,,1.0,False
1n4zdpo,train,1,http://wfrp.ia/resource/reddit/post/1n4zdpo,ont_count_domain_concepts,global_counts,,2.0,False
1n4zdpo,train,1,http://wfrp.ia/resource/reddit/post/1n4zdpo,ont_total_neutro_mentions,global_counts,,2.0,False
1n4zdpo,train,1,http://wfrp.ia/resource/reddit/post/1n4zdpo,ont_domain_score,global_counts,,2.0,False
1n4zdpo,train,1,http://wfrp.ia/resource/reddit/post/1n4zdpo,ont_domain_density,global_counts,,0.2,True
1n4np3i,train,0,http://wfrp.ia/resource/reddit/post/1n4np3i,ont_InteligenciaArtificial_Neutro,ai,http://wfrp.ia/dominio/ciencia-tecnologia#InteligenciaArtificial,1.0,False
1n4np3i,train,0,http://wfrp.ia/resource/reddit/post/1n4np3i,ont_Robot_Neutro,robot,http://wfrp.ia/dominio/ciencia-tecnologia#Robot,1.0,False
1n4np3i,train,0,http://wfrp.ia/resource/reddit/post/1n4np3i,ont_has_ontology_elements,global_counts,,1.0,False
1n4np3i,train,0,http://wfrp.ia/resource/reddit/post/1n4np3i,ont_count_domain_concepts,global_counts,,2.0,False
1n4np3i,train,0,http://wfrp.ia/resource/reddit/post/1n4np3i,ont_total_neutro_mentions,global_counts,,2.0,False
1n4np3i,train,0,http://wfrp.ia/resource/reddit/post/1n4np3i,ont_domain_score,global_counts,,2.0,False
1n4np3i,train,0,http://wfrp.ia/resource/reddit/post/1n4np3i,ont_domain_density,global_counts,,0.2222222222222222,True
1n54z1g,train,2,http://wfrp.ia/resource/reddit/post/1n54z1g,ont_Datos_Neutro,data,http://wfrp.ia/dominio/ciencia-tecnologia#Datos,1.0,False
1n54z1g,train,2,http://wfrp.ia/resource/reddit/post/1n54z1g,ont_has_ontology_elements,global_counts,,1.0,False
1n54z1g,train,2,http://wfrp.ia/resource/reddit/post/1n54z1g,ont_count_domain_concepts,global_counts,,1.0,False
1n54z1g,train,2,http://wfrp.ia/resource/reddit/post/1n54z1g,ont_total_neutro_mentions,global_counts,,1.0,False
1n54z1g,train,2,http://wfrp.ia/resource/reddit/post/1n54z1g,ont_domain_score,global_counts,,1.0,False
1n54z1g,train,2,http://wfrp.ia/resource/reddit/post/1n54z1g,ont_domain_density,global_counts,,0.14285714285714285,True
1n4b3hp,train,0,http://wfrp.ia/resource/reddit/post/1n4b3hp,ont_InteligenciaArtificial_Neutro,ai,http://wfrp.ia/dominio/ciencia-tecnologia#InteligenciaArtificial,1.0,False
1n4b3hp,train,0,http://wfrp.ia/resource/reddit/post/1n4b3hp,ont_Robot_Neutro,robot,http://wfrp.ia/dominio/ciencia-tecnologia#Robot,1.0,False
1n4b3hp,train,0,http://wfrp.ia/resource/reddit/post/1n4b3hp,ont_has_ontology_elements,global_counts,,1.0,False
1n4b3hp,train,0,http://wfrp.ia/resource/reddit/post/1n4b3hp,ont_count_domain_concepts,global_counts,,2.0,False
1n4b3hp,train,0,http://wfrp.ia/resource/reddit/post/1n4b3hp,ont_total_neutro_mentions,global_counts,,2.0,False
1n4b3hp,train,0,http://wfrp.ia/resource/reddit/post/1n4b3hp,ont_domain_score,global_counts,,2.0,False
1n4b3hp,train,0,http://wfrp.ia/resource/reddit/post/1n4b3hp,ont_domain_density,global_counts,,0.2857142857142857,True
1n49pk0,train,2,http://wfrp.ia/resource/reddit/post/1n49pk0,ont_InteligenciaArtificial_Neutro,ai,http://wfrp.ia/dominio/ciencia-tecnologia#InteligenciaArtificial,1.0,False
1n49pk0,train,2,http://wfrp.ia/resource/reddit/post/1n49pk0,ont_Datos_Neutro,data,http://wfrp.ia/dominio/ciencia-tecnologia#Datos,1.0,False
1n49pk0,train,2,http://wfrp.ia/resource/reddit/post/1n49pk0,ont_has_ontology_elements,global_counts,,1.0,False
1n49pk0,train,2,http://wfrp.ia/resource/reddit/post/1n49pk0,ont_count_domain_concepts,global_counts,,2.0,False
1n49pk0,train,2,http://wfrp.ia/resource/reddit/post/1n49pk0,ont_total_neutro_mentions,global_counts,,2.0,False
1n49pk0,train,2,http://wfrp.ia/resource/reddit/post/1n49pk0,ont_domain_score,global_counts,,2.5,False
1n49pk0,train,2,http://wfrp.ia/resource/reddit/post/1n49pk0,ont_domain_density,global_counts,,0.04081632653061224,True
1n4hnhk,train,1,http://wfrp.ia/resource/reddit/post/1n4hnhk,,,,0.0,False
1n4d5e4,train,1,http://wfrp.ia/resource/reddit/post/1n4d5e4,ont_InteligenciaArtificial_Positivo,ai,http://wfrp.ia/dominio/ciencia-tecnologia#InteligenciaArtificial,1.0,False
1n4d5e4,train,1,http://wfrp.ia/resource/reddit/post/1n4d5e4,ont_Tecnologia_Positivo,technology,http://wfrp.ia/dominio/ciencia-tecnologia#Tecnologia,1.0,False
1n4d5e4,train,1,http://wfrp.ia/resource/reddit/post/1n4d5e4,ont_Etica_Positivo,ethics,http://wfrp.ia/dominio/ciencia-tecnologia#Etica,1.0,False
1n4d5e4,train,1,http://wfrp.ia/resource/reddit/post/1n4d5e4,ont_has_ontology_elements,global_counts,,1.0,False
1n4d5e4,train,1,http://wfrp.ia/resource/reddit/post/1n4d5e4,ont_count_domain_concepts,global_counts,,3.0,False
1n4d5e4,train,1,http://wfrp.ia/resource/reddit/post/1n4d5e4,ont_total_positivo_mentions,global_counts,,3.0,False
1n4d5e4,train,1,http://wfrp.ia/resource/reddit/post/1n4d5e4,ont_domain_score,global_counts,,3.0,False
1n4d5e4,train,1,http://wfrp.ia/resource/reddit/post/1n4d5e4,ont_domain_density,global_counts,,0.23076923076923078,True
1n4bba0,train,1,http://wfrp.ia/resource/reddit/post/1n4bba0,ont_InteligenciaArtificial_Neutro,ai,http://wfrp.ia/dominio/ciencia-tecnologia#InteligenciaArtificial,1.0,False
1n4bba0,train,1,http://wfrp.ia/resource/reddit/post/1n4bba0,ont_has_ontology_elements,global_counts,,1.0,False
1n4bba0,train,1,http://wfrp.ia/resource/reddit/post/1n4bba0,ont_count_domain_concepts,global_counts,,1.0,False
1n4bba0,train,1,http://wfrp.ia/resource/reddit/post/1n4bba0,ont_total_neutro_mentions,global_counts,,1.0,False
1n4bba0,train,1,http://wfrp.ia/resource/reddit/post/1n4bba0,ont_domain_score,global_counts,,1.0,False
1n4bba0,train,1,http://wfrp.ia/resource/reddit/post/1n4bba0,ont_domain_density,global_counts,,0.125,True
1n9pgrr,train,2,http://wfrp.ia/resource/reddit/post/1n9pgrr,ont_InteligenciaArtificial_Positivo,ai,http://wfrp.ia/dominio/ciencia-tecnologia#InteligenciaArtificial,1.0,False
1n9pgrr,train,2,http://wfrp.ia/resource/reddit/post/1n9pgrr,ont_has_ontology_elements,global_counts,,1.0,False
1n9pgrr,train,2,http://wfrp.ia/resource/reddit/post/1n9pgrr,ont_count_domain_concepts,global_counts,,1.0,False
1n9pgrr,train,2,http://wfrp.ia/resource/reddit/post/1n9pgrr,ont_total_positivo_mentions,global_counts,,1.0,False
1n9pgrr,train,2,http://wfrp.ia/resource/reddit/post/1n9pgrr,ont_domain_score,global_counts,,1.0,False
1n9pgrr,train,2,http://wfrp.ia/resource/reddit/post/1n9pgrr,ont_domain_density,global_counts,,0.0625,True
1neopeq,train,1,http://wfrp.ia/resource/reddit/post/1neopeq,ont_InteligenciaArtificial_Neutro,ai,http://wfrp.ia/dominio/ciencia-tecnologia#InteligenciaArtificial,1.0,False
1neopeq,train,1,http://wfrp.ia/resource/reddit/post/1neopeq,ont_Futuro_Neutro,future,http://wfrp.ia/dominio/ciencia-tecnologia#Futuro,2.0,False
1neopeq,train,1,http://wfrp.ia/resource/reddit/post/1neopeq,ont_has_ontology_elements,global_counts,,1.0,False
1neopeq,train,1,http://wfrp.ia/resource/reddit/post/1neopeq,ont_count_domain_concepts,global_counts,,2.0,False
1neopeq,train,1,http://wfrp.ia/resource/reddit/post/1neopeq,ont_total_neutro_mentions,global_counts,,3.0,False
1neopeq,train,1,http://wfrp.ia/resource/reddit/post/1neopeq,ont_domain_score,global_counts,,2.0,False
1neopeq,train,1,http://wfrp.ia/resource/reddit/post/1neopeq,ont_domain_density,global_counts,,0.11764705882352941,True
1netm0h,train,2,http://wfrp.ia/resource/reddit/post/1netm0h,ont_InteligenciaArtificial_Positivo,ai,http://wfrp.ia/dominio/ciencia-tecnologia#InteligenciaArtificial,1.0,False
1netm0h,train,2,http://wfrp.ia/resource/reddit/post/1netm0h,ont_InteligenciaArtificial_Neutro,ai,http://wfrp.ia/dominio/ciencia-tecnologia#InteligenciaArtificial,1.0,False
1netm0h,train,2,http://wfrp.ia/resource/reddit/post/1netm0h,ont_has_ontology_elements,global_counts,,1.0,False
1netm0h,train,2,http://wfrp.ia/resource/reddit/post/1netm0h,ont_count_domain_concepts,global_counts,,1.0,False
1netm0h,train,2,http://wfrp.ia/resource/reddit/post/1netm0h,ont_total_positivo_mentions,global_counts,,1.0,False
1netm0h,train,2,http://wfrp.ia/resource/reddit/post/1netm0h,ont_total_neutro_mentions,global_counts,,1.0,False
1netm0h,train,2,http://wfrp.ia/resource/reddit/post/1netm0h,ont_domain_score,global_counts,,1.5,False
1netm0h,train,2,http://wfrp.ia/resource/reddit/post/1netm0h,ont_domain_density,global_counts,,0.07692307692307693,True
1neer1i,train,2,http://wfrp.ia/resource/reddit/post/1neer1i,ont_InteligenciaArtificial_Neutro,ai,http://wfrp.ia/dominio/ciencia-tecnologia#InteligenciaArtificial,1.0,False
1neer1i,train,2,http://wfrp.ia/resource/reddit/post/1neer1i,ont_has_ontology_elements,global_counts,,1.0,False
1neer1i,train,2,http://wfrp.ia/resource/reddit/post/1neer1i,ont_count_domain_concepts,global_counts,,1.0,False
1neer1i,train,2,http://wfrp.ia/resource/reddit/post/1neer1i,ont_total_neutro_mentions,global_counts,,1.0,False
1neer1i,train,2,http://wfrp.ia/resource/reddit/post/1neer1i,ont_domain_score,global_counts,,1.0,False
1neer1i,train,2,http://wfrp.ia/resource/reddit/post/1neer1i,ont_domain_density,global_counts,,0.08333333333333333,True
1nesabq,train,2,http://wfrp.ia/resource/reddit/post/1nesabq,ont_Datos_Neutro,data,http://wfrp.ia/dominio/ciencia-tecnologia#Datos,1.0,False
1nesabq,train,2,http://wfrp.ia/resource/reddit/post/1nesabq,ont_Robot_Neutro,robot,http://wfrp.ia/dominio/ciencia-tecnologia#Robot,1.0,False
1nesabq,train,2,http://wfrp.ia/resource/reddit/post/1nesabq,ont_has_ontology_elements,global_counts,,1.0,False
1nesabq,train,2,http://wfrp.ia/resource/reddit/post/1nesabq,ont_count_domain_concepts,global_counts,,2.0,False
1nesabq,train,2,http://wfrp.ia/resource/reddit/post/1nesabq,ont_total_neutro_mentions,global_counts,,2.0,False
1nesabq,train,2,http://wfrp.ia/resource/reddit/post/1nesabq,ont_domain_score,global_counts,,2.0,False
1nesabq,train,2,http://wfrp.ia/resource/reddit/post/1nesabq,ont_domain_density,global_counts,,0.2,True
1nedc4s,train,1,http://wfrp.ia/resource/reddit/post/1nedc4s,ont_InteligenciaArtificial_Neutro,ai,http://wfrp.ia/dominio/ciencia-tecnologia#InteligenciaArtificial,3.0,False
1nedc4s,train,1,http://wfrp.ia/resource/reddit/post/1nedc4s,ont_Tecnologia_Neutro,technology,http://wfrp.ia/dominio/ciencia-tecnologia#Tecnologia,1.0,True
1nedc4s,train,1,http://wfrp.ia/resource/reddit/post/1nedc4s,ont_has_ontology_elements,global_counts,,1.0,False
1nedc4s,train,1,http://wfrp.ia/resource/reddit/post/1nedc4s,ont_count_domain_concepts,global_counts,,2.0,False
1nedc4s,train,1,http://wfrp.ia/resource/reddit/post/1nedc4s,ont_total_neutro_mentions,global_counts,,4.0,False
1nedc4s,train,1,http://wfrp.ia/resource/reddit/post/1nedc4s,ont_domain_score,global_counts,,3.5,False
1nedc4s,train,1,http://wfrp.ia/resource/reddit/post/1nedc4s,ont_domain_density,global_counts,,0.014084507042253521,True
1neewu3,train,2,http://wfrp.ia/resource/reddit/post/1neewu3,ont_InteligenciaArtificial_Positivo,ai,http://wfrp.ia/dominio/ciencia-tecnologia#InteligenciaArtificial,1.0,False
1neewu3,train,2,http://wfrp.ia/resource/reddit/post/1neewu3,ont_has_ontology_elements,global_counts,,1.0,False
1neewu3,train,2,http://wfrp.ia/resource/reddit/post/1neewu3,ont_count_domain_concepts,global_counts,,1.0,False
1neewu3,train,2,http://wfrp.ia/resource/reddit/post/1neewu3,ont_total_positivo_mentions,global_counts,,1.0,False
1neewu3,train,2,http://wfrp.ia/resource/reddit/post/1neewu3,ont_domain_score,global_counts,,1.0,False
1neewu3,train,2,http://wfrp.ia/resource/reddit/post/1neewu3,ont_domain_density,global_counts,,0.1111111111111111,True
1nemzvd,train,1,http://wfrp.ia/resource/reddit/post/1nemzvd,ont_InteligenciaArtificial_Neutro,ai,http://wfrp.ia/dominio/ciencia-tecnologia#InteligenciaArtificial,2.0,False
1nemzvd,train,1,http://wfrp.ia/resource/reddit/post/1nemzvd,ont_has_ontology_elements,global_counts,,1.0,False
1nemzvd,train,1,http://wfrp.ia/resource/reddit/post/1nemzvd,ont_count_domain_concepts,global_counts,,1.0,False
1nemzvd,train,1,http://wfrp.ia/resource/reddit/post/1nemzvd,ont_total_neutro_mentions,global_counts,,2.0,False
1nemzvd,train,1,http://wfrp.ia/resource/reddit/post/1nemzvd,ont_domain_score,global_counts,,2.0,False
1nemzvd,train,1,http://wfrp.ia/resource/reddit/post/1nemzvd,ont_domain_density,global_counts,,0.02702702702702703,True
1ne8sov,train,2,http://wfrp.ia/resource/reddit/post/1ne8sov,ont_InteligenciaArtificial_Neutro,ai,http://wfrp.ia/dominio/ciencia-tecnologia#InteligenciaArtificial,4.0,False
1ne8sov,train,2,http://wfrp.ia/resource/reddit/post/1ne8sov,ont_has_ontology_elements,global_counts,,1.0,False
1ne8sov,train,2,http://wfrp.ia/resource/reddit/post/1ne8sov,ont_count_domain_concepts,global_counts,,1.0,False
1ne8sov,train,2,http://wfrp.ia/resource/reddit/post/1ne8sov,ont_total_neutro_mentions,global_counts,,4.0,False
1ne8sov,train,2,http://wfrp.ia/resource/reddit/post/1ne8sov,ont_domain_score,global_counts,,1.5,False
1ne8sov,train,2,http://wfrp.ia/resource/reddit/post/1ne8sov,ont_domain_density,global_counts,,0.0036496350364963502,True
1neu4r9,train,2,http://wfrp.ia/resource/reddit/post/1neu4r9,ont_InteligenciaArtificial_Neutro,ai,http://wfrp.ia/dominio/ciencia-tecnologia#InteligenciaArtificial,11.0,False
1neu4r9,train,2,http://wfrp.ia/resource/reddit/post/1neu4r9,ont_Tecnologia_Neutro,technology,http://wfrp.ia/dominio/ciencia-tecnologia#Tecnologia,6.0,True
1neu4r9,train,2,http://wfrp.ia/resource/reddit/post/1neu4r9,ont_Robot_Neutro,robot,http://wfrp.ia/dominio/ciencia-tecnologia#Robot,6.0,False
1neu4r9,train,2,http://wfrp.ia/resource/reddit/post/1neu4r9,ont_has_ontology_elements,global_counts,,1.0,False
1neu4r9,train,2,http://wfrp.ia/resource/reddit/post/1neu4r9,ont_count_domain_concepts,global_counts,,4.0,False
1neu4r9,train,2,http://wfrp.ia/resource/reddit/post/1neu4r9,ont_total_neutro_mentions,global_counts,,23.0,False
1neu4r9,train,2,http://wfrp.ia/resource/reddit/post/1neu4r9,ont_domain_score,global_counts,,17.0,False
1neu4r9,train,2,http://wfrp.ia/resource/reddit/post/1neu4r9,ont_domain_density,global_counts,,0.05970149253731343,True
1nedj4p,train,1,http://wfrp.ia/resource/reddit/post/1nedj4p,ont_InteligenciaArtificial_Neutro,ai,http://wfrp.ia/dominio/ciencia-tecnologia#InteligenciaArtificial,1.0,False
1nedj4p,train,1,http://wfrp.ia/resource/reddit/post/1nedj4p,ont_has_ontology_elements,global_counts,,1.0,False
1nedj4p,train,1,http://wfrp.ia/resource/reddit/post/1nedj4p,ont_count_domain_concepts,global_counts,,1.0,False
1nedj4p,train,1,http://wfrp.ia/resource/reddit/post/1nedj4p,ont_total_neutro_mentions,global_counts,,1.0,False
1nedj4p,train,1,http://wfrp.ia/resource/reddit/post/1nedj4p,ont_domain_score,global_counts,,1.0,False
1nedj4p,train,1,http://wfrp.ia/resource/reddit/post/1nedj4p,ont_domain_density,global_counts,,0.0625,True
1nipc4n,train,2,http://wfrp.ia/resource/reddit/post/1nipc4n,ont_InteligenciaArtificial_Neutro,ai,http://wfrp.ia/dominio/ciencia-tecnologia#InteligenciaArtificial,1.0,False
1nipc4n,train,2,http://wfrp.ia/resource/reddit/post/1nipc4n,ont_Futuro_Neutro,future,http://wfrp.ia/dominio/ciencia-tecnologia#Futuro,1.0,False
1nipc4n,train,2,http://wfrp.ia/resource/reddit/post/1nipc4n,ont_Algoritmo_Neutro,algorithm,http://wfrp.ia/dominio/ciencia-tecnologia#Algoritmo,3.0,False
1nipc4n,train,2,http://wfrp.ia/resource/reddit/post/1nipc4n,ont_Robot_Neutro,robot,http://wfrp.ia/dominio/ciencia-tecnologia#Robot,1.0,False
1nipc4n,train,2,http://wfrp.ia/resource/reddit/post/1nipc4n,ont_Etica_Neutro,ethics,http://wfrp.ia/dominio/ciencia-tecnologia#Etica,3.0,False
1nipc4n,train,2,http://wfrp.ia/resource/reddit/post/1nipc4n,ont_has_ontology_elements,global_counts,,1.0,False
1nipc4n,train,2,http://wfrp.ia/resource/reddit/post/1nipc4n,ont_count_domain_concepts,global_counts,,5.0,False
1nipc4n,train,2,http://wfrp.ia/resource/reddit/post/1nipc4n,ont_total_neutro_mentions,global_counts,,9.0,False
1nipc4n,train,2,http://wfrp.ia/resource/reddit/post/1nipc4n,ont_domain_score,global_counts,,6.0,False
1nipc4n,train,2,http://wfrp.ia/resource/reddit/post/1nipc4n,ont_domain_density,global_counts,,0.056179775280898875,True
1nic1p7,train,1,http://wfrp.ia/resource/reddit/post/1nic1p7,ont_InteligenciaArtificial_Neutro,ai,http://wfrp.ia/dominio/ciencia-tecnologia#InteligenciaArtificial,1.0,False
1nic1p7,train,1,http://wfrp.ia/resource/reddit/post/1nic1p7,ont_Robot_Neutro,robot,http://wfrp.ia/dominio/ciencia-tecnologia#Robot,1.0,False
1nic1p7,train,1,http://wfrp.ia/resource/reddit/post/1nic1p7,ont_has_ontology_elements,global_counts,,1.0,False
1nic1p7,train,1,http://wfrp.ia/resource/reddit/post/1nic1p7,ont_count_domain_concepts,global_counts,,2.0,False
1nic1p7,train,1,http://wfrp.ia/resource/reddit/post/1nic1p7,ont_total_neutro_mentions,global_counts,,2.0,False
1nic1p7,train,1,http://wfrp.ia/resource/reddit/post/1nic1p7,ont_domain_score,global_counts,,1.5,False
1nic1p7,train,1,http://wfrp.ia/resource/reddit/post/1nic1p7,ont_domain_density,global_counts,,0.05128205128205128,True
1nil1oj,train,1,http://wfrp.ia/resource/reddit/post/1nil1oj,ont_InteligenciaArtificial_Neutro,ai,http://wfrp.ia/dominio/ciencia-tecnologia#InteligenciaArtificial,1.0,False
1nil1oj,train,1,http://wfrp.ia/resource/reddit/post/1nil1oj,ont_has_ontology_elements,global_counts,,1.0,False
1nil1oj,train,1,http://wfrp.ia/resource/reddit/post/1nil1oj,ont_count_domain_concepts,global_counts,,1.0,False
1nil1oj,train,1,http://wfrp.ia/resource/reddit/post/1nil1oj,ont_total_neutro_mentions,global_counts,,1.0,False
1nil1oj,train,1,http://wfrp.ia/resource/reddit/post/1nil1oj,ont_domain_score,global_counts,,1.0,False
1nil1oj,train,1,http://wfrp.ia/resource/reddit/post/1nil1oj,ont_domain_density,global_counts,,0.09090909090909091,True
1nj15sh,train,2,http://wfrp.ia/resource/reddit/post/1nj15sh,ont_InteligenciaArtificial_Positivo,ai,http://wfrp.ia/dominio/ciencia-tecnologia#InteligenciaArtificial,1.0,False
1nj15sh,train,2,http://wfrp.ia/resource/reddit/post/1nj15sh,ont_InteligenciaArtificial_Neutro,ai,http://wfrp.ia/dominio/ciencia-tecnologia#InteligenciaArtificial,1.0,False
1nj15sh,train,2,http://wfrp.ia/resource/reddit/post/1nj15sh,ont_Futuro_Neutro,future,http://wfrp.ia/dominio/ciencia-tecnologia#Futuro,1.0,False
1nj15sh,train,2,http://wfrp.ia/resource/reddit/post/1nj15sh,ont_has_ontology_elements,global_counts,,1.0,False
1nj15sh,train,2,http://wfrp.ia/resource/reddit/post/1nj15sh,ont_count_domain_concepts,global_counts,,3.0,False
1nj15sh,train,2,http://wfrp.ia/resource/reddit/post/1nj15sh,ont_total_positivo_mentions,global_counts,,1.0,False
1nj15sh,train,2,http://wfrp.ia/resource/reddit/post/1nj15sh,ont_total_neutro_mentions,global_counts,,2.0,False
1nj15sh,train,2,http://wfrp.ia/resource/reddit/post/1nj15sh,ont_domain_score,global_counts,,4.0,False
1nj15sh,train,2,http://wfrp.ia/resource/reddit/post/1nj15sh,ont_domain_density,global_counts,,0.03614457831325301,True
1nj3r76,train,1,http://wfrp.ia/resource/reddit/post/1nj3r76,ont_InteligenciaArtificial_Neutro,ai,http://wfrp.ia/dominio/ciencia-tecnologia#InteligenciaArtificial,16.0,False
1nj3r76,train,1,http://wfrp.ia/resource/reddit/post/1nj3r76,ont_Tecnologia_Neutro,technology,http://wfrp.ia/dominio/ciencia-tecnologia#Tecnologia,11.0,True
1nj3r76,train,1,http://wfrp.ia/resource/reddit/post/1nj3r76,ont_Robot_Neutro,robot,http://wfrp.ia/dominio/ciencia-tecnologia#Robot,3.0,False
1nj3r76,train,1,http://wfrp.ia/resource/reddit/post/1nj3r76,ont_has_ontology_elements,global_counts,,1.0,False
1nj3r76,train,1,http://wfrp.ia/resource/reddit/post/1nj3r76,ont_count_domain_concepts,global_counts,,3.0,False
1nj3r76,train,1,http://wfrp.ia/resource/reddit/post/1nj3r76,ont_total_neutro_mentions,global_counts,,30.0,False
1nj3r76,train,1,http://wfrp.ia/resource/reddit/post/1nj3r76,ont_domain_score,global_counts,,13.0,False
1nj3r76,train,1,http://wfrp.ia/resource/reddit/post/1nj3r76,ont_domain_density,global_counts,,0.04411764705882353,True
1nicdse,train,1,http://wfrp.ia/resource/reddit/post/1nicdse,ont_InteligenciaArtificial_Neutro,ai,http://wfrp.ia/dominio/ciencia-tecnologia#InteligenciaArtificial,1.0,False
1nicdse,train,1,http://wfrp.ia/resource/reddit/post/1nicdse,ont_has_ontology_elements,global_counts,,1.0,False
1nicdse,train,1,http://wfrp.ia/resource/reddit/post/1nicdse,ont_count_domain_concepts,global_counts,,2.0,False
1nicdse,train,1,http://wfrp.ia/resource/reddit/post/1nicdse,ont_total_neutro_mentions,global_counts,,1.0,False
1nicdse,train,1,http://wfrp.ia/resource/reddit/post/1nicdse,ont_domain_score,global_counts,,2.0,False
1nicdse,train,1,http://wfrp.ia/resource/reddit/post/1nicdse,ont_domain_density,global_counts,,0.1111111111111111,True
1nifd7f,train,2,http://wfrp.ia/resource/reddit/post/1nifd7f,ont_InteligenciaArtificial_Neutro,ai,http://wfrp.ia/dominio/ciencia-tecnologia#InteligenciaArtificial,2.0,False
1nifd7f,train,2,http://wfrp.ia/resource/reddit/post/1nifd7f,ont_AprendizajeAutomatico_Neutro,ml,http://wfrp.ia/dominio/ciencia-tecnologia#AprendizajeAutomatico,2.0,False
1nifd7f,train,2,http://wfrp.ia/resource/reddit/post/1nifd7f,ont_has_ontology_elements,global_counts,,1.0,False
1nifd7f,train,2,http://wfrp.ia/resource/reddit/post/1nifd7f,ont_count_domain_concepts,global_counts,,2.0,False
1nifd7f,train,2,http://wfrp.ia/resource/reddit/post/1nifd7f,ont_total_neutro_mentions,global_counts,,4.0,False
1nifd7f,train,2,http://wfrp.ia/resource/reddit/post/1nifd7f,ont_domain_score,global_counts,,3.5,False
1nifd7f,train,2,http://wfrp.ia/resource/reddit/post/1nifd7f,ont_domain_density,global_counts,,0.010471204188481676,True
1niibtk,train,1,http://wfrp.ia/resource/reddit/post/1niibtk,ont_InteligenciaArtificial_Neutro,ai,http://wfrp.ia/dominio/ciencia-tecnologia#InteligenciaArtificial,6.0,False
1niibtk,train,1,http://wfrp.ia/resource/reddit/post/1niibtk,ont_Algoritmo_Neutro,algorithm,http://wfrp.ia/dominio/ciencia-tecnologia#Algoritmo,1.0,False
1niibtk,train,1,http://wfrp.ia/resource/reddit/post/1niibtk,ont_has_ontology_elements,global_counts,,1.0,False
1niibtk,train,1,http://wfrp.ia/resource/reddit/post/1niibtk,ont_count_domain_concepts,global_counts,,3.0,False
1niibtk,train,1,http://wfrp.ia/resource/reddit/post/1niibtk,ont_total_neutro_mentions,global_counts,,7.0,False
1niibtk,train,1,http://wfrp.ia/resource/reddit/post/1niibtk,ont_domain_score,global_counts,,9.5,False
1niibtk,train,1,http://wfrp.ia/resource/reddit/post/1niibtk,ont_domain_density,global_counts,,0.00684931506849315,True
1ni9pn9,train,1,http://wfrp.ia/resource/reddit/post/1ni9pn9,ont_InteligenciaArtificial_Neutro,ai,http://wfrp.ia/dominio/ciencia-tecnologia#InteligenciaArtificial,3.0,False
1ni9pn9,train,1,http://wfrp.ia/resource/reddit/post/1ni9pn9,ont_AprendizajeAutomatico_Neutro,ml,http://wfrp.ia/dominio/ciencia-tecnologia#AprendizajeAutomatico,1.0,False
1ni9pn9,train,1,http://wfrp.ia/resource/reddit/post/1ni9pn9,ont_Datos_Neutro,data,http://wfrp.ia/dominio/ciencia-tecnologia#Datos,2.0,False
1ni9pn9,train,1,http://wfrp.ia/resource/reddit/post/1ni9pn9,ont_has_ontology_elements,global_counts,,1.0,False
1ni9pn9,train,1,http://wfrp.ia/resource/reddit/post/1ni9pn9,ont_count_domain_concepts,global_counts,,4.0,False
1ni9pn9,train,1,http://wfrp.ia/resource/reddit/post/1ni9pn9,ont_total_neutro_mentions,global_counts,,6.0,False
1ni9pn9,train,1,http://wfrp.ia/resource/reddit/post/1ni9pn9,ont_domain_score,global_counts,,7.0,False
1ni9pn9,train,1,http://wfrp.ia/resource/reddit/post/1ni9pn9,ont_domain_density,global_counts,,0.007079646017699115,True
1nij9up,train,2,http://wfrp.ia/resource/reddit/post/1nij9up,ont_InteligenciaArtificial_Neutro,ai,http://wfrp.ia/dominio/ciencia-tecnologia#InteligenciaArtificial,2.0,False
1nij9up,train,2,http://wfrp.ia/resource/reddit/post/1nij9up,ont_has_ontology_elements,global_counts,,1.0,False
1nij9up,train,2,http://wfrp.ia/resource/reddit/post/1nij9up,ont_count_domain_concepts,global_counts,,1.0,False
1nij9up,train,2,http://wfrp.ia/resource/reddit/post/1nij9up,ont_total_neutro_mentions,global_counts,,2.0,False
1nij9up,train,2,http://wfrp.ia/resource/reddit/post/1nij9up,ont_domain_score,global_counts,,1.0,False
1nij9up,train,2,http://wfrp.ia/resource/reddit/post/1nij9up,ont_domain_density,global_counts,,0.09090909090909091,True
1nickn8,train,2,http://wfrp.ia/resource/reddit/post/1nickn8,ont_InteligenciaArtificial_Neutro,ai,http://wfrp.ia/dominio/ciencia-tecnologia#InteligenciaArtificial,1.0,False
1nickn8,train,2,http://wfrp.ia/resource/reddit/post/1nickn8,ont_Tecnologia_Neutro,technology,http://wfrp.ia/dominio/ciencia-tecnologia#Tecnologia,2.0,True
1nickn8,train,2,http://wfrp.ia/resource/reddit/post/1nickn8,ont_has_ontology_elements,global_counts,,1.0,False
1nickn8,train,2,http://wfrp.ia/resource/reddit/post/1nickn8,ont_count_domain_concepts,global_counts,,2.0,False
1nickn8,train,2,http://wfrp.ia/resource/reddit/post/1nickn8,ont_total_neutro_mentions,global_counts,,3.0,False
1nickn8,train,2,http://wfrp.ia/resource/reddit/post/1nickn8,ont_domain_score,global_counts,,2.0,False
1nickn8,train,2,http://wfrp.ia/resource/reddit/post/1nickn8,ont_domain_density,global_counts,,0.03125,True
1nj5p3m,train,0,http://wfrp.ia/resource/reddit/post/1nj5p3m,ont_InteligenciaArtificial_Neutro,ai,http://wfrp.ia/dominio/ciencia-tecnologia#InteligenciaArtificial,2.0,False
1nj5p3m,train,0,http://wfrp.ia/resource/reddit/post/1nj5p3m,ont_has_ontology_elements,global_counts,,1.0,False
1nj5p3m,train,0,http://wfrp.ia/resource/reddit/post/1nj5p3m,ont_count_domain_concepts,global_counts,,1.0,False
1nj5p3m,train,0,http://wfrp.ia/resource/reddit/post/1nj5p3m,ont_total_neutro_mentions,global_counts,,2.0,False
1nj5p3m,train,0,http://wfrp.ia/resource/reddit/post/1nj5p3m,ont_domain_score,global_counts,,2.0,False
1nj5p3m,train,0,http://wfrp.ia/resource/reddit/post/1nj5p3m,ont_domain_density,global_counts,,0.05263157894736842,True
1njfwj4,train,2,http://wfrp.ia/resource/reddit/post/1njfwj4,ont_InteligenciaArtificial_Neutro,ai,http://wfrp.ia/dominio/ciencia-tecnologia#InteligenciaArtificial,1.0,False
1njfwj4,train,2,http://wfrp.ia/resource/reddit/post/1njfwj4,ont_has_ontology_elements,global_counts,,1.0,False
1njfwj4,train,2,http://wfrp.ia/resource/reddit/post/1njfwj4,ont_count_domain_concepts,global_counts,,1.0,False
1njfwj4,train,2,http://wfrp.ia/resource/reddit/post/1njfwj4,ont_total_neutro_mentions,global_counts,,1.0,False
1njfwj4,train,2,http://wfrp.ia/resource/reddit/post/1njfwj4,ont_domain_score,global_counts,,1.0,False
1njfwj4,train,2,http://wfrp.ia/resource/reddit/post/1njfwj4,ont_domain_density,global_counts,,0.09090909090909091,True
1njkza8,train,1,http://wfrp.ia/resource/reddit/post/1njkza8,ont_InteligenciaArtificial_Neutro,ai,http://wfrp.ia/dominio/ciencia-tecnologia#InteligenciaArtificial,2.0,False
1njkza8,train,1,http://wfrp.ia/resource/reddit/post/1njkza8,ont_has_ontology_elements,global_counts,,1.0,False
1njkza8,train,1,http://wfrp.ia/resource/reddit/post/1njkza8,ont_count_domain_concepts,global_counts,,1.0,False
1njkza8,train,1,http://wfrp.ia/resource/reddit/post/1njkza8,ont_total_neutro_mentions,global_counts,,2.0,False
1njkza8,train,1,http://wfrp.ia/resource/reddit/post/1njkza8,ont_domain_score,global_counts,,2.0,False
1njkza8,train,1,http://wfrp.ia/resource/reddit/post/1njkza8,ont_domain_density,global_counts,,0.045454545454545456,True
1njb5ya,train,2,http://wfrp.ia/resource/reddit/post/1njb5ya,ont_InteligenciaArtificial_Neutro,ai,http://wfrp.ia/dominio/ciencia-tecnologia#InteligenciaArtificial,2.0,False
1njb5ya,train,2,http://wfrp.ia/resource/reddit/post/1njb5ya,ont_AprendizajeAutomatico_Neutro,ml,http://wfrp.ia/dominio/ciencia-tecnologia#AprendizajeAutomatico,1.0,False
1njb5ya,train,2,http://wfrp.ia/resource/reddit/post/1njb5ya,ont_has_ontology_elements,global_counts,,1.0,False
1njb5ya,train,2,http://wfrp.ia/resource/reddit/post/1njb5ya,ont_count_domain_concepts,global_counts,,2.0,False
1njb5ya,train,2,http://wfrp.ia/resource/reddit/post/1njb5ya,ont_total_neutro_mentions,global_counts,,3.0,False
1njb5ya,train,2,http://wfrp.ia/resource/reddit/post/1njb5ya,ont_domain_score,global_counts,,3.0,False
1njb5ya,train,2,http://wfrp.ia/resource/reddit/post/1njb5ya,ont_domain_density,global_counts,,0.018018018018018018,True
1njjldd,train,2,http://wfrp.ia/resource/reddit/post/1njjldd,ont_InteligenciaArtificial_Neutro,ai,http://wfrp.ia/dominio/ciencia-tecnologia#InteligenciaArtificial,1.0,False
1njjldd,train,2,http://wfrp.ia/resource/reddit/post/1njjldd,ont_Tecnologia_Neutro,technology,http://wfrp.ia/dominio/ciencia-tecnologia#Tecnologia,4.0,True
1njjldd,train,2,http://wfrp.ia/resource/reddit/post/1njjldd,ont_has_ontology_elements,global_counts,,1.0,False
1njjldd,train,2,http://wfrp.ia/resource/reddit/post/1njjldd,ont_count_domain_concepts,global_counts,,3.0,False
1njjldd,train,2,http://wfrp.ia/resource/reddit/post/1njjldd,ont_total_neutro_mentions,global_counts,,5.0,False
1njjldd,train,2,http://wfrp.ia/resource/reddit/post/1njjldd,ont_domain_score,global_counts,,3.0,False
1njjldd,train,2,http://wfrp.ia/resource/reddit/post/1njjldd,ont_domain_density,global_counts,,0.018404907975460124,True
1njblno,train,0,http://wfrp.ia/resource/reddit/post/1njblno,ont_InteligenciaArtificial_Positivo,ai,http://wfrp.ia/dominio/ciencia-tecnologia#InteligenciaArtificial,1.0,False
1njblno,train,0,http://wfrp.ia/resource/reddit/post/1njblno,ont_InteligenciaArtificial_Neutro,ai,http://wfrp.ia/dominio/ciencia-tecnologia#InteligenciaArtificial,3.0,False
1njblno,train,0,http://wfrp.ia/resource/reddit/post/1njblno,ont_has_ontology_elements,global_counts,,1.0,False
1njblno,train,0,http://wfrp.ia/resource/reddit/post/1njblno,ont_count_domain_concepts,global_counts,,1.0,False
1njblno,train,0,http://wfrp.ia/resource/reddit/post/1njblno,ont_total_positivo_mentions,global_counts,,1.0,False
1njblno,train,0,http://wfrp.ia/resource/reddit/post/1njblno,ont_total_neutro_mentions,global_counts,,3.0,False
1njblno,train,0,http://wfrp.ia/resource/reddit/post/1njblno,ont_domain_score,global_counts,,4.0,False
1njblno,train,0,http://wfrp.ia/resource/reddit/post/1njblno,ont_domain_density,global_counts,,0.006578947368421052,True
1njf1ag,train,1,http://wfrp.ia/resource/reddit/post/1njf1ag,ont_InteligenciaArtificial_Neutro,ai,http://wfrp.ia/dominio/ciencia-tecnologia#InteligenciaArtificial,1.0,False
1njf1ag,train,1,http://wfrp.ia/resource/reddit/post/1njf1ag,ont_has_ontology_elements,global_counts,,1.0,False
1njf1ag,train,1,http://wfrp.ia/resource/reddit/post/1njf1ag,ont_count_domain_concepts,global_counts,,1.0,False
1njf1ag,train,1,http://wfrp.ia/resource/reddit/post/1njf1ag,ont_total_neutro_mentions,global_counts,,1.0,False
1njf1ag,train,1,http://wfrp.ia/resource/reddit/post/1njf1ag,ont_domain_score,global_counts,,1.0,False
1njf1ag,train,1,http://wfrp.ia/resource/reddit/post/1njf1ag,ont_domain_density,global_counts,,0.14285714285714285,True
1nda6x4,train,2,http://wfrp.ia/resource/reddit/post/1nda6x4,ont_InteligenciaArtificial_Neutro,ai,http://wfrp.ia/dominio/ciencia-tecnologia#InteligenciaArtificial,1.0,False
1nda6x4,train,2,http://wfrp.ia/resource/reddit/post/1nda6x4,ont_Robot_Neutro,robot,http://wfrp.ia/dominio/ciencia-tecnologia#Robot,1.0,False
1nda6x4,train,2,http://wfrp.ia/resource/reddit/post/1nda6x4,ont_has_ontology_elements,global_counts,,1.0,False
1nda6x4,train,2,http://wfrp.ia/resource/reddit/post/1nda6x4,ont_count_domain_concepts,global_counts,,2.0,False
1nda6x4,train,2,http://wfrp.ia/resource/reddit/post/1nda6x4,ont_total_neutro_mentions,global_counts,,2.0,False
1nda6x4,train,2,http://wfrp.ia/resource/reddit/post/1nda6x4,ont_domain_score,global_counts,,2.0,False
1nda6x4,train,2,http://wfrp.ia/resource/reddit/post/1nda6x4,ont_domain_density,global_counts,,0.038461538461538464,True
1ndwdj1,train,2,http://wfrp.ia/resource/reddit/post/1ndwdj1,ont_InteligenciaArtificial_Positivo,ai,http://wfrp.ia/dominio/ciencia-tecnologia#InteligenciaArtificial,1.0,False
1ndwdj1,train,2,http://wfrp.ia/resource/reddit/post/1ndwdj1,ont_InteligenciaArtificial_Neutro,ai,http://wfrp.ia/dominio/ciencia-tecnologia#InteligenciaArtificial,1.0,False
1ndwdj1,train,2,http://wfrp.ia/resource/reddit/post/1ndwdj1,ont_has_ontology_elements,global_counts,,1.0,False
1ndwdj1,train,2,http://wfrp.ia/resource/reddit/post/1ndwdj1,ont_count_domain_concepts,global_counts,,1.0,False
1ndwdj1,train,2,http://wfrp.ia/resource/reddit/post/1ndwdj1,ont_total_positivo_mentions,global_counts,,1.0,False
1ndwdj1,train,2,http://wfrp.ia/resource/reddit/post/1ndwdj1,ont_total_neutro_mentions,global_counts,,1.0,False
1ndwdj1,train,2,http://wfrp.ia/resource/reddit/post/1ndwdj1,ont_domain_score,global_counts,,2.0,False
1ndwdj1,train,2,http://wfrp.ia/resource/reddit/post/1ndwdj1,ont_domain_density,global_counts,,0.01694915254237288,True
1nddslu,train,1,http://wfrp.ia/resource/reddit/post/1nddslu,ont_InteligenciaArtificial_Neutro,ai,http://wfrp.ia/dominio/ciencia-tecnologia#InteligenciaArtificial,1.0,False
1nddslu,train,1,http://wfrp.ia/resource/reddit/post/1nddslu,ont_has_ontology_elements,global_counts,,1.0,False
1nddslu,train,1,http://wfrp.ia/resource/reddit/post/1nddslu,ont_count_domain_concepts,global_counts,,1.0,False
1nddslu,train,1,http://wfrp.ia/resource/reddit/post/1nddslu,ont_total_neutro_mentions,global_counts,,1.0,False
1nddslu,train,1,http://wfrp.ia/resource/reddit/post/1nddslu,ont_domain_score,global_counts,,1.0,False
1nddslu,train,1,http://wfrp.ia/resource/reddit/post/1nddslu,ont_domain_density,global_counts,,0.03225806451612903,True
1ndczym,train,1,http://wfrp.ia/resource/reddit/post/1ndczym,ont_AprendizajeAutomatico_Neutro,ml,http://wfrp.ia/dominio/ciencia-tecnologia#AprendizajeAutomatico,1.0,False
1ndczym,train,1,http://wfrp.ia/resource/reddit/post/1ndczym,ont_has_ontology_elements,global_counts,,1.0,False
1ndczym,train,1,http://wfrp.ia/resource/reddit/post/1ndczym,ont_count_domain_concepts,global_counts,,1.0,False
1ndczym,train,1,http://wfrp.ia/resource/reddit/post/1ndczym,ont_total_neutro_mentions,global_counts,,1.0,False
1ndczym,train,1,http://wfrp.ia/resource/reddit/post/1ndczym,ont_domain_score,global_counts,,1.0,False
1ndczym,train,1,http://wfrp.ia/resource/reddit/post/1ndczym,ont_domain_density,global_counts,,0.14285714285714285,True
1nan5mc,train,1,http://wfrp.ia/resource/reddit/post/1nan5mc,ont_InteligenciaArtificial_Neutro,ai,http://wfrp.ia/dominio/ciencia-tecnologia#InteligenciaArtificial,1.0,False
1nan5mc,train,1,http://wfrp.ia/resource/reddit/post/1nan5mc,ont_has_ontology_elements,global_counts,,1.0,False
1nan5mc,train,1,http://wfrp.ia/resource/reddit/post/1nan5mc,ont_count_domain_concepts,global_counts,,1.0,False
1nan5mc,train,1,http://wfrp.ia/resource/reddit/post/1nan5mc,ont_total_neutro_mentions,global_counts,,1.0,False
1nan5mc,train,1,http://wfrp.ia/resource/reddit/post/1nan5mc,ont_domain_score,global_counts,,1.0,False
1nan5mc,train,1,http://wfrp.ia/resource/reddit/post/1nan5mc,ont_domain_density,global_counts,,0.1,True
1naob47,train,0,http://wfrp.ia/resource/reddit/post/1naob47,ont_InteligenciaArtificial_Neutro,ai,http://wfrp.ia/dominio/ciencia-tecnologia#InteligenciaArtificial,1.0,False
1naob47,train,0,http://wfrp.ia/resource/reddit/post/1naob47,ont_Automatizacion_Neutro,automation,http://wfrp.ia/dominio/ciencia-tecnologia#Automatizacion,1.0,False
1naob47,train,0,http://wfrp.ia/resource/reddit/post/1naob47,ont_has_ontology_elements,global_counts,,1.0,False
1naob47,train,0,http://wfrp.ia/resource/reddit/post/1naob47,ont_count_domain_concepts,global_counts,,2.0,False
1naob47,train,0,http://wfrp.ia/resource/reddit/post/1naob47,ont_total_neutro_mentions,global_counts,,2.0,False
1naob47,train,0,http://wfrp.ia/resource/reddit/post/1naob47,ont_domain_score,global_counts,,2.0,False
1naob47,train,0,http://wfrp.ia/resource/reddit/post/1naob47,ont_domain_density,global_counts,,0.058823529411764705,True
1ncsu6k,train,2,http://wfrp.ia/resource/reddit/post/1ncsu6k,ont_InteligenciaArtificial_Positivo,ai,http://wfrp.ia/dominio/ciencia-tecnologia#InteligenciaArtificial,8.0,False
1ncsu6k,train,2,http://wfrp.ia/resource/reddit/post/1ncsu6k,ont_InteligenciaArtificial_Neutro,ai,http://wfrp.ia/dominio/ciencia-tecnologia#InteligenciaArtificial,11.0,False
1ncsu6k,train,2,http://wfrp.ia/resource/reddit/post/1ncsu6k,ont_AprendizajeAutomatico_Neutro,ml,http://wfrp.ia/dominio/ciencia-tecnologia#AprendizajeAutomatico,1.0,False
1ncsu6k,train,2,http://wfrp.ia/resource/reddit/post/1ncsu6k,ont_Tecnologia_Neutro,technology,http://wfrp.ia/dominio/ciencia-tecnologia#Tecnologia,6.0,True
1ncsu6k,train,2,http://wfrp.ia/resource/reddit/post/1ncsu6k,ont_Etica_Positivo,ethics,http://wfrp.ia/dominio/ciencia-tecnologia#Etica,14.0,False
1ncsu6k,train,2,http://wfrp.ia/resource/reddit/post/1ncsu6k,ont_has_ontology_elements,global_counts,,1.0,False
1ncsu6k,train,2,http://wfrp.ia/resource/reddit/post/1ncsu6k,ont_count_domain_concepts,global_counts,,4.0,False
1ncsu6k,train,2,http://wfrp.ia/resource/reddit/post/1ncsu6k,ont_total_positivo_mentions,global_counts,,22.0,False
1ncsu6k,train,2,http://wfrp.ia/resource/reddit/post/1ncsu6k,ont_total_neutro_mentions,global_counts,,18.0,False
1ncsu6k,train,2,http://wfrp.ia/resource/reddit/post/1ncsu6k,ont_domain_score,global_counts,,25.0,False
1ncsu6k,train,2,http://wfrp.ia/resource/reddit/post/1ncsu6k,ont_domain_density,global_counts,,0.0057553956834532375,True
1nb22ll,train,2,http://wfrp.ia/resource/reddit/post/1nb22ll,ont_InteligenciaArtificial_Neutro,ai,http://wfrp.ia/dominio/ciencia-tecnologia#InteligenciaArtificial,3.0,False
1nb22ll,train,2,http://wfrp.ia/resource/reddit/post/1nb22ll,ont_has_ontology_elements,global_counts,,1.0,False
1nb22ll,train,2,http://wfrp.ia/resource/reddit/post/1nb22ll,ont_count_domain_concepts,global_counts,,1.0,False
1nb22ll,train,2,http://wfrp.ia/resource/reddit/post/1nb22ll,ont_total_neutro_mentions,global_counts,,3.0,False
1nb22ll,train,2,http://wfrp.ia/resource/reddit/post/1nb22ll,ont_domain_score,global_counts,,3.0,False
1nb22ll,train,2,http://wfrp.ia/resource/reddit/post/1nb22ll,ont_domain_density,global_counts,,0.021739130434782608,True
1ncdjhy,train,1,http://wfrp.ia/resource/reddit/post/1ncdjhy,ont_InteligenciaArtificial_Neutro,ai,http://wfrp.ia/dominio/ciencia-tecnologia#InteligenciaArtificial,1.0,False
1ncdjhy,train,1,http://wfrp.ia/resource/reddit/post/1ncdjhy,ont_has_ontology_elements,global_counts,,1.0,False
1ncdjhy,train,1,http://wfrp.ia/resource/reddit/post/1ncdjhy,ont_count_domain_concepts,global_counts,,1.0,False
1ncdjhy,train,1,http://wfrp.ia/resource/reddit/post/1ncdjhy,ont_total_neutro_mentions,global_counts,,1.0,False
1ncdjhy,train,1,http://wfrp.ia/resource/reddit/post/1ncdjhy,ont_domain_score,global_counts,,1.0,False
1ncdjhy,train,1,http://wfrp.ia/resource/reddit/post/1ncdjhy,ont_domain_density,global_counts,,0.07692307692307693,True
1ncm8tt,train,2,http://wfrp.ia/resource/reddit/post/1ncm8tt,ont_InteligenciaArtificial_Neutro,ai,http://wfrp.ia/dominio/ciencia-tecnologia#InteligenciaArtificial,2.0,False
1ncm8tt,train,2,http://wfrp.ia/resource/reddit/post/1ncm8tt,ont_Tecnologia_Neutro,technology,http://wfrp.ia/dominio/ciencia-tecnologia#Tecnologia,2.0,True
1ncm8tt,train,2,http://wfrp.ia/resource/reddit/post/1ncm8tt,ont_has_ontology_elements,global_counts,,1.0,False
1ncm8tt,train,2,http://wfrp.ia/resource/reddit/post/1ncm8tt,ont_count_domain_concepts,global_counts,,2.0,False
1ncm8tt,train,2,http://wfrp.ia/resource/reddit/post/1ncm8tt,ont_total_neutro_mentions,global_counts,,4.0,False
1ncm8tt,train,2,http://wfrp.ia/resource/reddit/post/1ncm8tt,ont_domain_score,global_counts,,3.0,False
1ncm8tt,train,2,http://wfrp.ia/resource/reddit/post/1ncm8tt,ont_domain_density,global_counts,,0.017094017094017096,True
1nb8rrb,train,2,http://wfrp.ia/resource/reddit/post/1nb8rrb,ont_InteligenciaArtificial_Neutro,ai,http://wfrp.ia/dominio/ciencia-tecnologia#InteligenciaArtificial,4.0,False
1nb8rrb,train,2,http://wfrp.ia/resource/reddit/post/1nb8rrb,ont_has_ontology_elements,global_counts,,1.0,False
1nb8rrb,train,2,http://wfrp.ia/resource/reddit/post/1nb8rrb,ont_count_domain_concepts,global_counts,,1.0,False
1nb8rrb,train,2,http://wfrp.ia/resource/reddit/post/1nb8rrb,ont_total_neutro_mentions,global_counts,,4.0,False
1nb8rrb,train,2,http://wfrp.ia/resource/reddit/post/1nb8rrb,ont_domain_score,global_counts,,4.0,False
1nb8rrb,train,2,http://wfrp.ia/resource/reddit/post/1nb8rrb,ont_domain_density,global_counts,,0.007751937984496124,True
1nctj8s,train,0,http://wfrp.ia/resource/reddit/post/1nctj8s,ont_InteligenciaArtificial_Neutro,ai,http://wfrp.ia/dominio/ciencia-tecnologia#InteligenciaArtificial,10.0,False
1nctj8s,train,0,http://wfrp.ia/resource/reddit/post/1nctj8s,ont_Datos_Neutro,data,http://wfrp.ia/dominio/ciencia-tecnologia#Datos,1.0,False
1nctj8s,train,0,http://wfrp.ia/resource/reddit/post/1nctj8s,ont_Algoritmo_Neutro,algorithm,http://wfrp.ia/dominio/ciencia-tecnologia#Algoritmo,1.0,False
1nctj8s,train,0,http://wfrp.ia/resource/reddit/post/1nctj8s,ont_Etica_Positivo,ethics,http://wfrp.ia/dominio/ciencia-tecnologia#Etica,1.0,False
1nctj8s,train,0,http://wfrp.ia/resource/reddit/post/1nctj8s,ont_has_ontology_elements,global_counts,,1.0,False
1nctj8s,train,0,http://wfrp.ia/resource/reddit/post/1nctj8s,ont_count_domain_concepts,global_counts,,5.0,False
1nctj8s,train,0,http://wfrp.ia/resource/reddit/post/1nctj8s,ont_total_positivo_mentions,global_counts,,1.0,False
1nctj8s,train,0,http://wfrp.ia/resource/reddit/post/1nctj8s,ont_total_neutro_mentions,global_counts,,12.0,False
1nctj8s,train,0,http://wfrp.ia/resource/reddit/post/1nctj8s,ont_domain_score,global_counts,,11.5,False
1nctj8s,train,0,http://wfrp.ia/resource/reddit/post/1nctj8s,ont_domain_density,global_counts,,0.009157509157509158,True
1ncpbhw,train,1,http://wfrp.ia/resource/reddit/post/1ncpbhw,ont_InteligenciaArtificial_Neutro,ai,http://wfrp.ia/dominio/ciencia-tecnologia#InteligenciaArtificial,1.0,False
1ncpbhw,train,1,http://wfrp.ia/resource/reddit/post/1ncpbhw,ont_has_ontology_elements,global_counts,,1.0,False
1ncpbhw,train,1,http://wfrp.ia/resource/reddit/post/1ncpbhw,ont_count_domain_concepts,global_counts,,1.0,False
1ncpbhw,train,1,http://wfrp.ia/resource/reddit/post/1ncpbhw,ont_total_neutro_mentions,global_counts,,1.0,False
1ncpbhw,train,1,http://wfrp.ia/resource/reddit/post/1ncpbhw,ont_domain_score,global_counts,,1.0,False
1ncpbhw,train,1,http://wfrp.ia/resource/reddit/post/1ncpbhw,ont_domain_density,global_counts,,0.125,True
1ncr4kq,train,2,http://wfrp.ia/resource/reddit/post/1ncr4kq,ont_InteligenciaArtificial_Neutro,ai,http://wfrp.ia/dominio/ciencia-tecnologia#InteligenciaArtificial,4.0,False
1ncr4kq,train,2,http://wfrp.ia/resource/reddit/post/1ncr4kq,ont_Datos_Neutro,data,http://wfrp.ia/dominio/ciencia-tecnologia#Datos,1.0,False
1ncr4kq,train,2,http://wfrp.ia/resource/reddit/post/1ncr4kq,ont_Algoritmo_Neutro,algorithm,http://wfrp.ia/dominio/ciencia-tecnologia#Algoritmo,1.0,False
1ncr4kq,train,2,http://wfrp.ia/resource/reddit/post/1ncr4kq,ont_has_ontology_elements,global_counts,,1.0,False
1ncr4kq,train,2,http://wfrp.ia/resource/reddit/post/1ncr4kq,ont_count_domain_concepts,global_counts,,3.0,False
1ncr4kq,train,2,http://wfrp.ia/resource/reddit/post/1ncr4kq,ont_total_neutro_mentions,global_counts,,6.0,False
1ncr4kq,train,2,http://wfrp.ia/resource/reddit/post/1ncr4kq,ont_domain_score,global_counts,,7.0,False
1ncr4kq,train,2,http://wfrp.ia/resource/reddit/post/1ncr4kq,ont_domain_density,global_counts,,0.02027027027027027,True
1ncmfug,train,2,http://wfrp.ia/resource/reddit/post/1ncmfug,ont_InteligenciaArtificial_Positivo,ai,http://wfrp.ia/dominio/ciencia-tecnologia#InteligenciaArtificial,1.0,False
1ncmfug,train,2,http://wfrp.ia/resource/reddit/post/1ncmfug,ont_InteligenciaArtificial_Neutro,ai,http://wfrp.ia/dominio/ciencia-tecnologia#InteligenciaArtificial,1.0,False
1ncmfug,train,2,http://wfrp.ia/resource/reddit/post/1ncmfug,ont_Tecnologia_Neutro,technology,http://wfrp.ia/dominio/ciencia-tecnologia#Tecnologia,1.0,True
1ncmfug,train,2,http://wfrp.ia/resource/reddit/post/1ncmfug,ont_has_ontology_elements,global_counts,,1.0,False
1ncmfug,train,2,http://wfrp.ia/resource/reddit/post/1ncmfug,ont_count_domain_concepts,global_counts,,3.0,False
1ncmfug,train,2,http://wfrp.ia/resource/reddit/post/1ncmfug,ont_total_positivo_mentions,global_counts,,1.0,False
1ncmfug,train,2,http://wfrp.ia/resource/reddit/post/1ncmfug,ont_total_neutro_mentions,global_counts,,2.0,False
1ncmfug,train,2,http://wfrp.ia/resource/reddit/post/1ncmfug,ont_domain_score,global_counts,,4.0,False
1ncmfug,train,2,http://wfrp.ia/resource/reddit/post/1ncmfug,ont_domain_density,global_counts,,0.057692307692307696,True
1ncl9jm,train,1,http://wfrp.ia/resource/reddit/post/1ncl9jm,ont_InteligenciaArtificial_Neutro,ai,http://wfrp.ia/dominio/ciencia-tecnologia#InteligenciaArtificial,9.0,False
1ncl9jm,train,1,http://wfrp.ia/resource/reddit/post/1ncl9jm,ont_Datos_Neutro,data,http://wfrp.ia/dominio/ciencia-tecnologia#Datos,1.0,False
1ncl9jm,train,1,http://wfrp.ia/resource/reddit/post/1ncl9jm,ont_Etica_Positivo,ethics,http://wfrp.ia/dominio/ciencia-tecnologia#Etica,1.0,False
1ncl9jm,train,1,http://wfrp.ia/resource/reddit/post/1ncl9jm,ont_has_ontology_elements,global_counts,,1.0,False
1ncl9jm,train,1,http://wfrp.ia/resource/reddit/post/1ncl9jm,ont_count_domain_concepts,global_counts,,4.0,False
1ncl9jm,train,1,http://wfrp.ia/resource/reddit/post/1ncl9jm,ont_total_positivo_mentions,global_counts,,1.0,False
1ncl9jm,train,1,http://wfrp.ia/resource/reddit/post/1ncl9jm,ont_total_neutro_mentions,global_counts,,10.0,False
1ncl9jm,train,1,http://wfrp.ia/resource/reddit/post/1ncl9jm,ont_domain_score,global_counts,,9.5,False
1ncl9jm,train,1,http://wfrp.ia/resource/reddit/post/1ncl9jm,ont_domain_density,global_counts,,0.0121580547112462,True
1nd0q8o,train,1,http://wfrp.ia/resource/reddit/post/1nd0q8o,ont_InteligenciaArtificial_Neutro,ai,http://wfrp.ia/dominio/ciencia-tecnologia#InteligenciaArtificial,1.0,False
1nd0q8o,train,1,http://wfrp.ia/resource/reddit/post/1nd0q8o,ont_has_ontology_elements,global_counts,,1.0,False
1nd0q8o,train,1,http://wfrp.ia/resource/reddit/post/1nd0q8o,ont_count_domain_concepts,global_counts,,1.0,False
1nd0q8o,train,1,http://wfrp.ia/resource/reddit/post/1nd0q8o,ont_total_neutro_mentions,global_counts,,1.0,False
1nd0q8o,train,1,http://wfrp.ia/resource/reddit/post/1nd0q8o,ont_domain_score,global_counts,,2.0,False
1nd0q8o,train,1,http://wfrp.ia/resource/reddit/post/1nd0q8o,ont_domain_density,global_counts,,0.02631578947368421,True
1nchcii,train,2,http://wfrp.ia/resource/reddit/post/1nchcii,ont_InteligenciaArtificial_Negativo,ai,http://wfrp.ia/dominio/ciencia-tecnologia#InteligenciaArtificial,1.0,True
1nchcii,train,2,http://wfrp.ia/resource/reddit/post/1nchcii,ont_InteligenciaArtificial_Neutro,ai,http://wfrp.ia/dominio/ciencia-tecnologia#InteligenciaArtificial,4.0,False
1nchcii,train,2,http://wfrp.ia/resource/reddit/post/1nchcii,ont_AprendizajeAutomatico_Neutro,ml,http://wfrp.ia/dominio/ciencia-tecnologia#AprendizajeAutomatico,1.0,False
1nchcii,train,2,http://wfrp.ia/resource/reddit/post/1nchcii,ont_Datos_Neutro,data,http://wfrp.ia/dominio/ciencia-tecnologia#Datos,1.0,False
1nchcii,train,2,http://wfrp.ia/resource/reddit/post/1nchcii,ont_Robot_Neutro,robot,http://wfrp.ia/dominio/ciencia-tecnologia#Robot,2.0,False
1nchcii,train,2,http://wfrp.ia/resource/reddit/post/1nchcii,ont_Etica_Positivo,ethics,http://wfrp.ia/dominio/ciencia-tecnologia#Etica,1.0,False
1nchcii,train,2,http://wfrp.ia/resource/reddit/post/1nchcii,ont_has_ontology_elements,global_counts,,1.0,False
1nchcii,train,2,http://wfrp.ia/resource/reddit/post/1nchcii,ont_count_domain_concepts,global_counts,,5.0,False
1nchcii,train,2,http://wfrp.ia/resource/reddit/post/1nchcii,ont_total_positivo_mentions,global_counts,,1.0,False
1nchcii,train,2,http://wfrp.ia/resource/reddit/post/1nchcii,ont_total_negativo_mentions,global_counts,,1.0,True
1nchcii,train,2,http://wfrp.ia/resource/reddit/post/1nchcii,ont_total_neutro_mentions,global_counts,,8.0,False
1nchcii,train,2,http://wfrp.ia/resource/reddit/post/1nchcii,ont_domain_score,global_counts,,9.0,False
1nchcii,train,2,http://wfrp.ia/resource/reddit/post/1nchcii,ont_domain_density,global_counts,,0.01845018450184502,True
1ncmi94,train,0,http://wfrp.ia/resource/reddit/post/1ncmi94,ont_InteligenciaArtificial_Neutro,ai,http://wfrp.ia/dominio/ciencia-tecnologia#InteligenciaArtificial,5.0,False
1ncmi94,train,0,http://wfrp.ia/resource/reddit/post/1ncmi94,ont_Tecnologia_Neutro,technology,http://wfrp.ia/dominio/ciencia-tecnologia#Tecnologia,2.0,True
1ncmi94,train,0,http://wfrp.ia/resource/reddit/post/1ncmi94,ont_Datos_Neutro,data,http://wfrp.ia/dominio/ciencia-tecnologia#Datos,1.0,False
1ncmi94,train,0,http://wfrp.ia/resource/reddit/post/1ncmi94,ont_has_ontology_elements,global_counts,,1.0,False
1ncmi94,train,0,http://wfrp.ia/resource/reddit/post/1ncmi94,ont_count_domain_concepts,global_counts,,3.0,False
1ncmi94,train,0,http://wfrp.ia/resource/reddit/post/1ncmi94,ont_total_neutro_mentions,global_counts,,8.0,False
1ncmi94,train,0,http://wfrp.ia/resource/reddit/post/1ncmi94,ont_domain_score,global_counts,,7.0,False
1ncmi94,train,0,http://wfrp.ia/resource/reddit/post/1ncmi94,ont_domain_density,global_counts,,0.039473684210526314,True
1ncc69q,train,2,http://wfrp.ia/resource/reddit/post/1ncc69q,ont_InteligenciaArtificial_Neutro,ai,http://wfrp.ia/dominio/ciencia-tecnologia#InteligenciaArtificial,15.0,False
1ncc69q,train,2,http://wfrp.ia/resource/reddit/post/1ncc69q,ont_Tecnologia_Neutro,technology,http://wfrp.ia/dominio/ciencia-tecnologia#Tecnologia,7.0,True
1ncc69q,train,2,http://wfrp.ia/resource/reddit/post/1ncc69q,ont_Datos_Neutro,data,http://wfrp.ia/dominio/ciencia-tecnologia#Datos,2.0,False
1ncc69q,train,2,http://wfrp.ia/resource/reddit/post/1ncc69q,ont_has_ontology_elements,global_counts,,1.0,False
1ncc69q,train,2,http://wfrp.ia/resource/reddit/post/1ncc69q,ont_count_domain_concepts,global_counts,,4.0,False
1ncc69q,train,2,http://wfrp.ia/resource/reddit/post/1ncc69q,ont_total_neutro_mentions,global_counts,,24.0,False
1ncc69q,train,2,http://wfrp.ia/resource/reddit/post/1ncc69q,ont_domain_score,global_counts,,21.0,False
1ncc69q,train,2,http://wfrp.ia/resource/reddit/post/1ncc69q,ont_domain_density,global_counts,,0.00936768149882904,True
1ncim6k,train,2,http://wfrp.ia/resource/reddit/post/1ncim6k,ont_InteligenciaArtificial_Neutro,ai,http://wfrp.ia/dominio/ciencia-tecnologia#InteligenciaArtificial,5.0,False
1ncim6k,train,2,http://wfrp.ia/resource/reddit/post/1ncim6k,ont_has_ontology_elements,global_counts,,1.0,False
1ncim6k,train,2,http://wfrp.ia/resource/reddit/post/1ncim6k,ont_count_domain_concepts,global_counts,,1.0,False
1ncim6k,train,2,http://wfrp.ia/resource/reddit/post/1ncim6k,ont_total_neutro_mentions,global_counts,,5.0,False
1ncim6k,train,2,http://wfrp.ia/resource/reddit/post/1ncim6k,ont_domain_score,global_counts,,5.0,False
1ncim6k,train,2,http://wfrp.ia/resource/reddit/post/1ncim6k,ont_domain_density,global_counts,,0.006896551724137931,True
1ncl81x,train,1,http://wfrp.ia/resource/reddit/post/1ncl81x,ont_InteligenciaArtificial_Neutro,ai,http://wfrp.ia/dominio/ciencia-tecnologia#InteligenciaArtificial,2.0,False
1ncl81x,train,1,http://wfrp.ia/resource/reddit/post/1ncl81x,ont_has_ontology_elements,global_counts,,1.0,False
1ncl81x,train,1,http://wfrp.ia/resource/reddit/post/1ncl81x,ont_count_domain_concepts,global_counts,,1.0,False
1ncl81x,train,1,http://wfrp.ia/resource/reddit/post/1ncl81x,ont_total_neutro_mentions,global_counts,,2.0,False
1ncl81x,train,1,http://wfrp.ia/resource/reddit/post/1ncl81x,ont_domain_score,global_counts,,2.0,False
1ncl81x,train,1,http://wfrp.ia/resource/reddit/post/1ncl81x,ont_domain_density,global_counts,,0.04,True
1nc04iw,train,1,http://wfrp.ia/resource/reddit/post/1nc04iw,ont_InteligenciaArtificial_Neutro,ai,http://wfrp.ia/dominio/ciencia-tecnologia#InteligenciaArtificial,4.0,False
1nc04iw,train,1,http://wfrp.ia/resource/reddit/post/1nc04iw,ont_has_ontology_elements,global_counts,,1.0,False
1nc04iw,train,1,http://wfrp.ia/resource/reddit/post/1nc04iw,ont_count_domain_concepts,global_counts,,1.0,False
1nc04iw,train,1,http://wfrp.ia/resource/reddit/post/1nc04iw,ont_total_neutro_mentions,global_counts,,4.0,False
1nc04iw,train,1,http://wfrp.ia/resource/reddit/post/1nc04iw,ont_domain_score,global_counts,,4.0,False
1nc04iw,train,1,http://wfrp.ia/resource/reddit/post/1nc04iw,ont_domain_density,global_counts,,0.012658227848101266,True
1nbqkj7,train,2,http://wfrp.ia/resource/reddit/post/1nbqkj7,ont_InteligenciaArtificial_Neutro,ai,http://wfrp.ia/dominio/ciencia-tecnologia#InteligenciaArtificial,7.0,False
1nbqkj7,train,2,http://wfrp.ia/resource/reddit/post/1nbqkj7,ont_Futuro_Neutro,future,http://wfrp.ia/dominio/ciencia-tecnologia#Futuro,3.0,False
1nbqkj7,train,2,http://wfrp.ia/resource/reddit/post/1nbqkj7,ont_Datos_Neutro,data,http://wfrp.ia/dominio/ciencia-tecnologia#Datos,1.0,False
1nbqkj7,train,2,http://wfrp.ia/resource/reddit/post/1nbqkj7,ont_Automatizacion_Neutro,automation,http://wfrp.ia/dominio/ciencia-tecnologia#Automatizacion,1.0,False
1nbqkj7,train,2,http://wfrp.ia/resource/reddit/post/1nbqkj7,ont_has_ontology_elements,global_counts,,1.0,False
1nbqkj7,train,2,http://wfrp.ia/resource/reddit/post/1nbqkj7,ont_count_domain_concepts,global_counts,,6.0,False
1nbqkj7,train,2,http://wfrp.ia/resource/reddit/post/1nbqkj7,ont_total_neutro_mentions,global_counts,,12.0,False
1nbqkj7,train,2,http://wfrp.ia/resource/reddit/post/1nbqkj7,ont_domain_score,global_counts,,11.5,False
1nbqkj7,train,2,http://wfrp.ia/resource/reddit/post/1nbqkj7,ont_domain_density,global_counts,,0.012903225806451613,True
1nbzb9f,train,2,http://wfrp.ia/resource/reddit/post/1nbzb9f,ont_InteligenciaArtificial_Neutro,ai,http://wfrp.ia/dominio/ciencia-tecnologia#InteligenciaArtificial,1.0,False
1nbzb9f,train,2,http://wfrp.ia/resource/reddit/post/1nbzb9f,ont_has_ontology_elements,global_counts,,1.0,False
1nbzb9f,train,2,http://wfrp.ia/resource/reddit/post/1nbzb9f,ont_count_domain_concepts,global_counts,,1.0,False
1nbzb9f,train,2,http://wfrp.ia/resource/reddit/post/1nbzb9f,ont_total_neutro_mentions,global_counts,,1.0,False
1nbzb9f,train,2,http://wfrp.ia/resource/reddit/post/1nbzb9f,ont_domain_score,global_counts,,1.0,False
1nbzb9f,train,2,http://wfrp.ia/resource/reddit/post/1nbzb9f,ont_domain_density,global_counts,,0.045454545454545456,True
1nc9ej4,train,1,http://wfrp.ia/resource/reddit/post/1nc9ej4,ont_InteligenciaArtificial_Neutro,ai,http://wfrp.ia/dominio/ciencia-tecnologia#InteligenciaArtificial,10.0,False
1nc9ej4,train,1,http://wfrp.ia/resource/reddit/post/1nc9ej4,ont_Etica_Neutro,ethics,http://wfrp.ia/dominio/ciencia-tecnologia#Etica,2.0,False
1nc9ej4,train,1,http://wfrp.ia/resource/reddit/post/1nc9ej4,ont_has_ontology_elements,global_counts,,1.0,False
1nc9ej4,train,1,http://wfrp.ia/resource/reddit/post/1nc9ej4,ont_count_domain_concepts,global_counts,,3.0,False
1nc9ej4,train,1,http://wfrp.ia/resource/reddit/post/1nc9ej4,ont_total_neutro_mentions,global_counts,,12.0,False
1nc9ej4,train,1,http://wfrp.ia/resource/reddit/post/1nc9ej4,ont_domain_score,global_counts,,13.5,False
1nc9ej4,train,1,http://wfrp.ia/resource/reddit/post/1nc9ej4,ont_domain_density,global_counts,,0.03614457831325301,True
1nburdo,train,2,http://wfrp.ia/resource/reddit/post/1nburdo,ont_InteligenciaArtificial_Positivo,ai,http://wfrp.ia/dominio/ciencia-tecnologia#InteligenciaArtificial,1.0,False
1nburdo,train,2,http://wfrp.ia/resource/reddit/post/1nburdo,ont_InteligenciaArtificial_Neutro,ai,http://wfrp.ia/dominio/ciencia-tecnologia#InteligenciaArtificial,2.0,False
1nburdo,train,2,http://wfrp.ia/resource/reddit/post/1nburdo,ont_has_ontology_elements,global_counts,,1.0,False
1nburdo,train,2,http://wfrp.ia/resource/reddit/post/1nburdo,ont_count_domain_concepts,global_counts,,1.0,False
1nburdo,train,2,http://wfrp.ia/resource/reddit/post/1nburdo,ont_total_positivo_mentions,global_counts,,1.0,False
1nburdo,train,2,http://wfrp.ia/resource/reddit/post/1nburdo,ont_total_neutro_mentions,global_counts,,2.0,False
1nburdo,train,2,http://wfrp.ia/resource/reddit/post/1nburdo,ont_domain_score,global_counts,,3.0,False
1nburdo,train,2,http://wfrp.ia/resource/reddit/post/1nburdo,ont_domain_density,global_counts,,0.017857142857142856,True
1nbpvjr,train,0,http://wfrp.ia/resource/reddit/post/1nbpvjr,ont_InteligenciaArtificial_Neutro,ai,http://wfrp.ia/dominio/ciencia-tecnologia#InteligenciaArtificial,1.0,False
1nbpvjr,train,0,http://wfrp.ia/resource/reddit/post/1nbpvjr,ont_has_ontology_elements,global_counts,,1.0,False
1nbpvjr,train,0,http://wfrp.ia/resource/reddit/post/1nbpvjr,ont_count_domain_concepts,global_counts,,1.0,False
1nbpvjr,train,0,http://wfrp.ia/resource/reddit/post/1nbpvjr,ont_total_neutro_mentions,global_counts,,1.0,False
1nbpvjr,train,0,http://wfrp.ia/resource/reddit/post/1nbpvjr,ont_domain_score,global_counts,,1.5,False
1nbpvjr,train,0,http://wfrp.ia/resource/reddit/post/1nbpvjr,ont_domain_density,global_counts,,0.047619047619047616,True
1na9dob,train,2,http://wfrp.ia/resource/reddit/post/1na9dob,ont_InteligenciaArtificial_Positivo,ai,http://wfrp.ia/dominio/ciencia-tecnologia#InteligenciaArtificial,1.0,False
1na9dob,train,2,http://wfrp.ia/resource/reddit/post/1na9dob,ont_AprendizajeAutomatico_Positivo,ml,http://wfrp.ia/dominio/ciencia-tecnologia#AprendizajeAutomatico,1.0,False
1na9dob,train,2,http://wfrp.ia/resource/reddit/post/1na9dob,ont_AprendizajeAutomatico_Neutro,ml,http://wfrp.ia/dominio/ciencia-tecnologia#AprendizajeAutomatico,3.0,False
1na9dob,train,2,http://wfrp.ia/resource/reddit/post/1na9dob,ont_Futuro_Neutro,future,http://wfrp.ia/dominio/ciencia-tecnologia#Futuro,1.0,False
1na9dob,train,2,http://wfrp.ia/resource/reddit/post/1na9dob,ont_has_ontology_elements,global_counts,,1.0,False
1na9dob,train,2,http://wfrp.ia/resource/reddit/post/1na9dob,ont_count_domain_concepts,global_counts,,3.0,False
1na9dob,train,2,http://wfrp.ia/resource/reddit/post/1na9dob,ont_total_positivo_mentions,global_counts,,2.0,False
1na9dob,train,2,http://wfrp.ia/resource/reddit/post/1na9dob,ont_total_neutro_mentions,global_counts,,4.0,False
1na9dob,train,2,http://wfrp.ia/resource/reddit/post/1na9dob,ont_domain_score,global_counts,,6.5,False
1na9dob,train,2,http://wfrp.ia/resource/reddit/post/1na9dob,ont_domain_density,global_counts,,0.005454545454545455,True
1n9wabd,train,2,http://wfrp.ia/resource/reddit/post/1n9wabd,ont_AprendizajeAutomatico_Neutro,ml,http://wfrp.ia/dominio/ciencia-tecnologia#AprendizajeAutomatico,1.0,False
1n9wabd,train,2,http://wfrp.ia/resource/reddit/post/1n9wabd,ont_Tecnologia_Neutro,technology,http://wfrp.ia/dominio/ciencia-tecnologia#Tecnologia,1.0,True
1n9wabd,train,2,http://wfrp.ia/resource/reddit/post/1n9wabd,ont_has_ontology_elements,global_counts,,1.0,False
1n9wabd,train,2,http://wfrp.ia/resource/reddit/post/1n9wabd,ont_count_domain_concepts,global_counts,,2.0,False
1n9wabd,train,2,http://wfrp.ia/resource/reddit/post/1n9wabd,ont_total_neutro_mentions,global_counts,,2.0,False
1n9wabd,train,2,http://wfrp.ia/resource/reddit/post/1n9wabd,ont_domain_score,global_counts,,2.0,False
1n9wabd,train,2,http://wfrp.ia/resource/reddit/post/1n9wabd,ont_domain_density,global_counts,,0.009302325581395349,True
1nc7reh,train,2,http://wfrp.ia/resource/reddit/post/1nc7reh,ont_InteligenciaArtificial_Neutro,ai,http://wfrp.ia/dominio/ciencia-tecnologia#InteligenciaArtificial,4.0,False
1nc7reh,train,2,http://wfrp.ia/resource/reddit/post/1nc7reh,ont_Automatizacion_Neutro,automation,http://wfrp.ia/dominio/ciencia-tecnologia#Automatizacion,1.0,False
1nc7reh,train,2,http://wfrp.ia/resource/reddit/post/1nc7reh,ont_has_ontology_elements,global_counts,,1.0,False
1nc7reh,train,2,http://wfrp.ia/resource/reddit/post/1nc7reh,ont_count_domain_concepts,global_counts,,2.0,False
1nc7reh,train,2,http://wfrp.ia/resource/reddit/post/1nc7reh,ont_total_neutro_mentions,global_counts,,5.0,False
1nc7reh,train,2,http://wfrp.ia/resource/reddit/post/1nc7reh,ont_domain_score,global_counts,,5.0,False
1nc7reh,train,2,http://wfrp.ia/resource/reddit/post/1nc7reh,ont_domain_density,global_counts,,0.030303030303030304,True
1nbrv27,train,1,http://wfrp.ia/resource/reddit/post/1nbrv27,ont_InteligenciaArtificial_Neutro,ai,http://wfrp.ia/dominio/ciencia-tecnologia#InteligenciaArtificial,9.0,False
1nbrv27,train,1,http://wfrp.ia/resource/reddit/post/1nbrv27,ont_Datos_Neutro,data,http://wfrp.ia/dominio/ciencia-tecnologia#Datos,1.0,False
1nbrv27,train,1,http://wfrp.ia/resource/reddit/post/1nbrv27,ont_has_ontology_elements,global_counts,,1.0,False
1nbrv27,train,1,http://wfrp.ia/resource/reddit/post/1nbrv27,ont_count_domain_concepts,global_counts,,2.0,False
1nbrv27,train,1,http://wfrp.ia/resource/reddit/post/1nbrv27,ont_total_neutro_mentions,global_counts,,10.0,False
1nbrv27,train,1,http://wfrp.ia/resource/reddit/post/1nbrv27,ont_domain_score,global_counts,,2.5,False
1nbrv27,train,1,http://wfrp.ia/resource/reddit/post/1nbrv27,ont_domain_density,global_counts,,0.006644518272425249,True
1na820q,train,1,http://wfrp.ia/resource/reddit/post/1na820q,ont_InteligenciaArtificial_Neutro,ai,http://wfrp.ia/dominio/ciencia-tecnologia#InteligenciaArtificial,7.0,False
1na820q,train,1,http://wfrp.ia/resource/reddit/post/1na820q,ont_has_ontology_elements,global_counts,,1.0,False
1na820q,train,1,http://wfrp.ia/resource/reddit/post/1na820q,ont_count_domain_concepts,global_counts,,2.0,False
1na820q,train,1,http://wfrp.ia/resource/reddit/post/1na820q,ont_total_neutro_mentions,global_counts,,7.0,False
1na820q,train,1,http://wfrp.ia/resource/reddit/post/1na820q,ont_domain_score,global_counts,,5.5,False
1na820q,train,1,http://wfrp.ia/resource/reddit/post/1na820q,ont_domain_density,global_counts,,0.004889975550122249,True
1nc0uea,train,1,http://wfrp.ia/resource/reddit/post/1nc0uea,ont_InteligenciaArtificial_Positivo,ai,http://wfrp.ia/dominio/ciencia-tecnologia#InteligenciaArtificial,1.0,False
1nc0uea,train,1,http://wfrp.ia/resource/reddit/post/1nc0uea,ont_InteligenciaArtificial_Neutro,ai,http://wfrp.ia/dominio/ciencia-tecnologia#InteligenciaArtificial,5.0,False
1nc0uea,train,1,http://wfrp.ia/resource/reddit/post/1nc0uea,ont_AprendizajeAutomatico_Neutro,ml,http://wfrp.ia/dominio/ciencia-tecnologia#AprendizajeAutomatico,1.0,False
1nc0uea,train,1,http://wfrp.ia/resource/reddit/post/1nc0uea,ont_Datos_Neutro,data,http://wfrp.ia/dominio/ciencia-tecnologia#Datos,1.0,False
1nc0uea,train,1,http://wfrp.ia/resource/reddit/post/1nc0uea,ont_Algoritmo_Neutro,algorithm,http://wfrp.ia/dominio/ciencia-tecnologia#Algoritmo,1.0,False
1nc0uea,train,1,http://wfrp.ia/resource/reddit/post/1nc0uea,ont_has_ontology_elements,global_counts,,1.0,False
1nc0uea,train,1,http://wfrp.ia/resource/reddit/post/1nc0uea,ont_count_domain_concepts,global_counts,,4.0,False
1nc0uea,train,1,http://wfrp.ia/resource/reddit/post/1nc0uea,ont_total_positivo_mentions,global_counts,,1.0,False
1nc0uea,train,1,http://wfrp.ia/resource/reddit/post/1nc0uea,ont_total_neutro_mentions,global_counts,,8.0,False
1nc0uea,train,1,http://wfrp.ia/resource/reddit/post/1nc0uea,ont_domain_score,global_counts,,10.0,False
1nc0uea,train,1,http://wfrp.ia/resource/reddit/post/1nc0uea,ont_domain_density,global_counts,,0.02531645569620253,True
1ni0no3,train,2,http://wfrp.ia/resource/reddit/post/1ni0no3,ont_InteligenciaArtificial_Neutro,ai,http://wfrp.ia/dominio/ciencia-tecnologia#InteligenciaArtificial,1.0,False
1ni0no3,train,2,http://wfrp.ia/resource/reddit/post/1ni0no3,ont_Robot_Neutro,robot,http://wfrp.ia/dominio/ciencia-tecnologia#Robot,1.0,False
1ni0no3,train,2,http://wfrp.ia/resource/reddit/post/1ni0no3,ont_has_ontology_elements,global_counts,,1.0,False
1ni0no3,train,2,http://wfrp.ia/resource/reddit/post/1ni0no3,ont_count_domain_concepts,global_counts,,2.0,False
1ni0no3,train,2,http://wfrp.ia/resource/reddit/post/1ni0no3,ont_total_neutro_mentions,global_counts,,2.0,False
1ni0no3,train,2,http://wfrp.ia/resource/reddit/post/1ni0no3,ont_domain_score,global_counts,,2.0,False
1ni0no3,train,2,http://wfrp.ia/resource/reddit/post/1ni0no3,ont_domain_density,global_counts,,0.045454545454545456,True
1nho6l6,train,1,http://wfrp.ia/resource/reddit/post/1nho6l6,ont_InteligenciaArtificial_Neutro,ai,http://wfrp.ia/dominio/ciencia-tecnologia#InteligenciaArtificial,2.0,False
1nho6l6,train,1,http://wfrp.ia/resource/reddit/post/1nho6l6,ont_has_ontology_elements,global_counts,,1.0,False
1nho6l6,train,1,http://wfrp.ia/resource/reddit/post/1nho6l6,ont_count_domain_concepts,global_counts,,1.0,False
1nho6l6,train,1,http://wfrp.ia/resource/reddit/post/1nho6l6,ont_total_neutro_mentions,global_counts,,2.0,False
1nho6l6,train,1,http://wfrp.ia/resource/reddit/post/1nho6l6,ont_domain_score,global_counts,,2.0,False
1nho6l6,train,1,http://wfrp.ia/resource/reddit/post/1nho6l6,ont_domain_density,global_counts,,0.07142857142857142,True
1nfenka,train,1,http://wfrp.ia/resource/reddit/post/1nfenka,ont_InteligenciaArtificial_Neutro,ai,http://wfrp.ia/dominio/ciencia-tecnologia#InteligenciaArtificial,2.0,False
1nfenka,train,1,http://wfrp.ia/resource/reddit/post/1nfenka,ont_Etica_Positivo,ethics,http://wfrp.ia/dominio/ciencia-tecnologia#Etica,1.0,False
1nfenka,train,1,http://wfrp.ia/resource/reddit/post/1nfenka,ont_has_ontology_elements,global_counts,,1.0,False
1nfenka,train,1,http://wfrp.ia/resource/reddit/post/1nfenka,ont_count_domain_concepts,global_counts,,2.0,False
1nfenka,train,1,http://wfrp.ia/resource/reddit/post/1nfenka,ont_total_positivo_mentions,global_counts,,1.0,False
1nfenka,train,1,http://wfrp.ia/resource/reddit/post/1nfenka,ont_total_neutro_mentions,global_counts,,2.0,False
1nfenka,train,1,http://wfrp.ia/resource/reddit/post/1nfenka,ont_domain_score,global_counts,,3.0,False
1nfenka,train,1,http://wfrp.ia/resource/reddit/post/1nfenka,ont_domain_density,global_counts,,0.07407407407407407,True
1nhn1zp,train,0,http://wfrp.ia/resource/reddit/post/1nhn1zp,ont_InteligenciaArtificial_Neutro,ai,http://wfrp.ia/dominio/ciencia-tecnologia#InteligenciaArtificial,1.0,False
1nhn1zp,train,0,http://wfrp.ia/resource/reddit/post/1nhn1zp,ont_AprendizajeAutomatico_Neutro,ml,http://wfrp.ia/dominio/ciencia-tecnologia#AprendizajeAutomatico,1.0,False
1nhn1zp,train,0,http://wfrp.ia/resource/reddit/post/1nhn1zp,ont_has_ontology_elements,global_counts,,1.0,False
1nhn1zp,train,0,http://wfrp.ia/resource/reddit/post/1nhn1zp,ont_count_domain_concepts,global_counts,,2.0,False
1nhn1zp,train,0,http://wfrp.ia/resource/reddit/post/1nhn1zp,ont_total_neutro_mentions,global_counts,,2.0,False
1nhn1zp,train,0,http://wfrp.ia/resource/reddit/post/1nhn1zp,ont_domain_score,global_counts,,2.0,False
1nhn1zp,train,0,http://wfrp.ia/resource/reddit/post/1nhn1zp,ont_domain_density,global_counts,,0.02702702702702703,True
1nf3ub3,train,2,http://wfrp.ia/resource/reddit/post/1nf3ub3,ont_Robot_Neutro,robot,http://wfrp.ia/dominio/ciencia-tecnologia#Robot,2.0,False
1nf3ub3,train,2,http://wfrp.ia/resource/reddit/post/1nf3ub3,ont_has_ontology_elements,global_counts,,1.0,False
1nf3ub3,train,2,http://wfrp.ia/resource/reddit/post/1nf3ub3,ont_count_domain_concepts,global_counts,,1.0,False
1nf3ub3,train,2,http://wfrp.ia/resource/reddit/post/1nf3ub3,ont_total_neutro_mentions,global_counts,,2.0,False
1nf3ub3,train,2,http://wfrp.ia/resource/reddit/post/1nf3ub3,ont_domain_score,global_counts,,1.0,False
1nf3ub3,train,2,http://wfrp.ia/resource/reddit/post/1nf3ub3,ont_domain_density,global_counts,,0.02,True
1nf0ifw,train,1,http://wfrp.ia/resource/reddit/post/1nf0ifw,ont_InteligenciaArtificial_Neutro,ai,http://wfrp.ia/dominio/ciencia-tecnologia#InteligenciaArtificial,2.0,False
1nf0ifw,train,1,http://wfrp.ia/resource/reddit/post/1nf0ifw,ont_AprendizajeAutomatico_Neutro,ml,http://wfrp.ia/dominio/ciencia-tecnologia#AprendizajeAutomatico,2.0,False
1nf0ifw,train,1,http://wfrp.ia/resource/reddit/post/1nf0ifw,ont_Datos_Neutro,data,http://wfrp.ia/dominio/ciencia-tecnologia#Datos,5.0,False
1nf0ifw,train,1,http://wfrp.ia/resource/reddit/post/1nf0ifw,ont_has_ontology_elements,global_counts,,1.0,False
1nf0ifw,train,1,http://wfrp.ia/resource/reddit/post/1nf0ifw,ont_count_domain_concepts,global_counts,,5.0,False
1nf0ifw,train,1,http://wfrp.ia/resource/reddit/post/1nf0ifw,ont_total_neutro_mentions,global_counts,,9.0,False
1nf0ifw,train,1,http://wfrp.ia/resource/reddit/post/1nf0ifw,ont_domain_score,global_counts,,6.5,False
1nf0ifw,train,1,http://wfrp.ia/resource/reddit/post/1nf0ifw,ont_domain_density,global_counts,,0.02252252252252252,True
1nezlum,train,2,http://wfrp.ia/resource/reddit/post/1nezlum,ont_InteligenciaArtificial_Neutro,ai,http://wfrp.ia/dominio/ciencia-tecnologia#InteligenciaArtificial,4.0,False
1nezlum,train,2,http://wfrp.ia/resource/reddit/post/1nezlum,ont_Robot_Neutro,robot,http://wfrp.ia/dominio/ciencia-tecnologia#Robot,1.0,False
1nezlum,train,2,http://wfrp.ia/resource/reddit/post/1nezlum,ont_Etica_Neutro,ethics,http://wfrp.ia/dominio/ciencia-tecnologia#Etica,1.0,False
1nezlum,train,2,http://wfrp.ia/resource/reddit/post/1nezlum,ont_has_ontology_elements,global_counts,,1.0,False
1nezlum,train,2,http://wfrp.ia/resource/reddit/post/1nezlum,ont_count_domain_concepts,global_counts,,3.0,False
1nezlum,train,2,http://wfrp.ia/resource/reddit/post/1nezlum,ont_total_neutro_mentions,global_counts,,6.0,False
1nezlum,train,2,http://wfrp.ia/resource/reddit/post/1nezlum,ont_domain_score,global_counts,,6.0,False
1nezlum,train,2,http://wfrp.ia/resource/reddit/post/1nezlum,ont_domain_density,global_counts,,0.02857142857142857,True
1nf0nab,train,2,http://wfrp.ia/resource/reddit/post/1nf0nab,ont_InteligenciaArtificial_Neutro,ai,http://wfrp.ia/dominio/ciencia-tecnologia#InteligenciaArtificial,4.0,False
1nf0nab,train,2,http://wfrp.ia/resource/reddit/post/1nf0nab,ont_Robot_Neutro,robot,http://wfrp.ia/dominio/ciencia-tecnologia#Robot,2.0,False
1nf0nab,train,2,http://wfrp.ia/resource/reddit/post/1nf0nab,ont_has_ontology_elements,global_counts,,1.0,False
1nf0nab,train,2,http://wfrp.ia/resource/reddit/post/1nf0nab,ont_count_domain_concepts,global_counts,,2.0,False
1nf0nab,train,2,http://wfrp.ia/resource/reddit/post/1nf0nab,ont_total_neutro_mentions,global_counts,,6.0,False
1nf0nab,train,2,http://wfrp.ia/resource/reddit/post/1nf0nab,ont_domain_score,global_counts,,6.0,False
1nf0nab,train,2,http://wfrp.ia/resource/reddit/post/1nf0nab,ont_domain_density,global_counts,,0.014705882352941176,True
1nezg0p,train,2,http://wfrp.ia/resource/reddit/post/1nezg0p,ont_InteligenciaArtificial_Positivo,ai,http://wfrp.ia/dominio/ciencia-tecnologia#InteligenciaArtificial,4.0,False
1nezg0p,train,2,http://wfrp.ia/resource/reddit/post/1nezg0p,ont_InteligenciaArtificial_Neutro,ai,http://wfrp.ia/dominio/ciencia-tecnologia#InteligenciaArtificial,14.0,False
1nezg0p,train,2,http://wfrp.ia/resource/reddit/post/1nezg0p,ont_AprendizajeAutomatico_Neutro,ml,http://wfrp.ia/dominio/ciencia-tecnologia#AprendizajeAutomatico,1.0,False
1nezg0p,train,2,http://wfrp.ia/resource/reddit/post/1nezg0p,ont_Futuro_Neutro,future,http://wfrp.ia/dominio/ciencia-tecnologia#Futuro,1.0,False
1nezg0p,train,2,http://wfrp.ia/resource/reddit/post/1nezg0p,ont_Datos_Neutro,data,http://wfrp.ia/dominio/ciencia-tecnologia#Datos,4.0,False
1nezg0p,train,2,http://wfrp.ia/resource/reddit/post/1nezg0p,ont_Etica_Positivo,ethics,http://wfrp.ia/dominio/ciencia-tecnologia#Etica,1.0,False
1nezg0p,train,2,http://wfrp.ia/resource/reddit/post/1nezg0p,ont_has_ontology_elements,global_counts,,1.0,False
1nezg0p,train,2,http://wfrp.ia/resource/reddit/post/1nezg0p,ont_count_domain_concepts,global_counts,,8.0,False
1nezg0p,train,2,http://wfrp.ia/resource/reddit/post/1nezg0p,ont_total_positivo_mentions,global_counts,,5.0,False
1nezg0p,train,2,http://wfrp.ia/resource/reddit/post/1nezg0p,ont_total_neutro_mentions,global_counts,,20.0,False
1nezg0p,train,2,http://wfrp.ia/resource/reddit/post/1nezg0p,ont_domain_score,global_counts,,25.0,False
1nezg0p,train,2,http://wfrp.ia/resource/reddit/post/1nezg0p,ont_domain_density,global_counts,,0.006557377049180328,True
1nf6f9x,train,1,http://wfrp.ia/resource/reddit/post/1nf6f9x,ont_InteligenciaArtificial_Neutro,ai,http://wfrp.ia/dominio/ciencia-tecnologia#InteligenciaArtificial,1.0,False
1nf6f9x,train,1,http://wfrp.ia/resource/reddit/post/1nf6f9x,ont_has_ontology_elements,global_counts,,1.0,False
1nf6f9x,train,1,http://wfrp.ia/resource/reddit/post/1nf6f9x,ont_count_domain_concepts,global_counts,,1.0,False
1nf6f9x,train,1,http://wfrp.ia/resource/reddit/post/1nf6f9x,ont_total_neutro_mentions,global_counts,,1.0,False
1nf6f9x,train,1,http://wfrp.ia/resource/reddit/post/1nf6f9x,ont_domain_score,global_counts,,0.5,False
1nf6f9x,train,1,http://wfrp.ia/resource/reddit/post/1nf6f9x,ont_domain_density,global_counts,,0.005813953488372093,True
1nfabgd,train,2,http://wfrp.ia/resource/reddit/post/1nfabgd,ont_InteligenciaArtificial_Neutro,ai,http://wfrp.ia/dominio/ciencia-tecnologia#InteligenciaArtificial,1.0,False
1nfabgd,train,2,http://wfrp.ia/resource/reddit/post/1nfabgd,ont_has_ontology_elements,global_counts,,1.0,False
1nfabgd,train,2,http://wfrp.ia/resource/reddit/post/1nfabgd,ont_count_domain_concepts,global_counts,,1.0,False
1nfabgd,train,2,http://wfrp.ia/resource/reddit/post/1nfabgd,ont_total_neutro_mentions,global_counts,,1.0,False
1nfabgd,train,2,http://wfrp.ia/resource/reddit/post/1nfabgd,ont_domain_score,global_counts,,1.0,False
1nfabgd,train,2,http://wfrp.ia/resource/reddit/post/1nfabgd,ont_domain_density,global_counts,,0.1,True
1nezru6,train,2,http://wfrp.ia/resource/reddit/post/1nezru6,ont_InteligenciaArtificial_Positivo,ai,http://wfrp.ia/dominio/ciencia-tecnologia#InteligenciaArtificial,4.0,False
1nezru6,train,2,http://wfrp.ia/resource/reddit/post/1nezru6,ont_InteligenciaArtificial_Neutro,ai,http://wfrp.ia/dominio/ciencia-tecnologia#InteligenciaArtificial,14.0,False
1nezru6,train,2,http://wfrp.ia/resource/reddit/post/1nezru6,ont_AprendizajeAutomatico_Neutro,ml,http://wfrp.ia/dominio/ciencia-tecnologia#AprendizajeAutomatico,1.0,False
1nezru6,train,2,http://wfrp.ia/resource/reddit/post/1nezru6,ont_Futuro_Neutro,future,http://wfrp.ia/dominio/ciencia-tecnologia#Futuro,1.0,False
1nezru6,train,2,http://wfrp.ia/resource/reddit/post/1nezru6,ont_Datos_Neutro,data,http://wfrp.ia/dominio/ciencia-tecnologia#Datos,4.0,False
1nezru6,train,2,http://wfrp.ia/resource/reddit/post/1nezru6,ont_Etica_Positivo,ethics,http://wfrp.ia/dominio/ciencia-tecnologia#Etica,1.0,False
1nezru6,train,2,http://wfrp.ia/resource/reddit/post/1nezru6,ont_has_ontology_elements,global_counts,,1.0,False
1nezru6,train,2,http://wfrp.ia/resource/reddit/post/1nezru6,ont_count_domain_concepts,global_counts,,8.0,False
1nezru6,train,2,http://wfrp.ia/resource/reddit/post/1nezru6,ont_total_positivo_mentions,global_counts,,5.0,False
1nezru6,train,2,http://wfrp.ia/resource/reddit/post/1nezru6,ont_total_neutro_mentions,global_counts,,20.0,False
1nezru6,train,2,http://wfrp.ia/resource/reddit/post/1nezru6,ont_domain_score,global_counts,,25.0,False
1nezru6,train,2,http://wfrp.ia/resource/reddit/post/1nezru6,ont_domain_density,global_counts,,0.006546644844517185,True
1nf3d79,train,2,http://wfrp.ia/resource/reddit/post/1nf3d79,ont_InteligenciaArtificial_Neutro,ai,http://wfrp.ia/dominio/ciencia-tecnologia#InteligenciaArtificial,2.0,False
1nf3d79,train,2,http://wfrp.ia/resource/reddit/post/1nf3d79,ont_has_ontology_elements,global_counts,,1.0,False
1nf3d79,train,2,http://wfrp.ia/resource/reddit/post/1nf3d79,ont_count_domain_concepts,global_counts,,1.0,False
1nf3d79,train,2,http://wfrp.ia/resource/reddit/post/1nf3d79,ont_total_neutro_mentions,global_counts,,2.0,False
1nf3d79,train,2,http://wfrp.ia/resource/reddit/post/1nf3d79,ont_domain_score,global_counts,,1.5,False
1nf3d79,train,2,http://wfrp.ia/resource/reddit/post/1nf3d79,ont_domain_density,global_counts,,0.02702702702702703,True
1nfmr32,train,0,http://wfrp.ia/resource/reddit/post/1nfmr32,ont_InteligenciaArtificial_Neutro,ai,http://wfrp.ia/dominio/ciencia-tecnologia#InteligenciaArtificial,14.0,False
1nfmr32,train,0,http://wfrp.ia/resource/reddit/post/1nfmr32,ont_Tecnologia_Neutro,technology,http://wfrp.ia/dominio/ciencia-tecnologia#Tecnologia,3.0,True
1nfmr32,train,0,http://wfrp.ia/resource/reddit/post/1nfmr32,ont_Robot_Neutro,robot,http://wfrp.ia/dominio/ciencia-tecnologia#Robot,3.0,False
1nfmr32,train,0,http://wfrp.ia/resource/reddit/post/1nfmr32,ont_Automatizacion_Neutro,automation,http://wfrp.ia/dominio/ciencia-tecnologia#Automatizacion,3.0,False
1nfmr32,train,0,http://wfrp.ia/resource/reddit/post/1nfmr32,ont_has_ontology_elements,global_counts,,1.0,False
1nfmr32,train,0,http://wfrp.ia/resource/reddit/post/1nfmr32,ont_count_domain_concepts,global_counts,,4.0,False
1nfmr32,train,0,http://wfrp.ia/resource/reddit/post/1nfmr32,ont_total_neutro_mentions,global_counts,,23.0,False
1nfmr32,train,0,http://wfrp.ia/resource/reddit/post/1nfmr32,ont_domain_score,global_counts,,9.0,False
1nfmr32,train,0,http://wfrp.ia/resource/reddit/post/1nfmr32,ont_domain_density,global_counts,,0.056338028169014086,True
1nf0eid,train,1,http://wfrp.ia/resource/reddit/post/1nf0eid,ont_InteligenciaArtificial_Neutro,ai,http://wfrp.ia/dominio/ciencia-tecnologia#InteligenciaArtificial,3.0,False
1nf0eid,train,1,http://wfrp.ia/resource/reddit/post/1nf0eid,ont_has_ontology_elements,global_counts,,1.0,False
1nf0eid,train,1,http://wfrp.ia/resource/reddit/post/1nf0eid,ont_count_domain_concepts,global_counts,,1.0,False
1nf0eid,train,1,http://wfrp.ia/resource/reddit/post/1nf0eid,ont_total_neutro_mentions,global_counts,,3.0,False
1nf0eid,train,1,http://wfrp.ia/resource/reddit/post/1nf0eid,ont_domain_score,global_counts,,3.0,False
1nf0eid,train,1,http://wfrp.ia/resource/reddit/post/1nf0eid,ont_domain_density,global_counts,,0.019230769230769232,True
1nfukao,train,2,http://wfrp.ia/resource/reddit/post/1nfukao,ont_InteligenciaArtificial_Neutro,ai,http://wfrp.ia/dominio/ciencia-tecnologia#InteligenciaArtificial,1.0,False
1nfukao,train,2,http://wfrp.ia/resource/reddit/post/1nfukao,ont_has_ontology_elements,global_counts,,1.0,False
1nfukao,train,2,http://wfrp.ia/resource/reddit/post/1nfukao,ont_count_domain_concepts,global_counts,,1.0,False
1nfukao,train,2,http://wfrp.ia/resource/reddit/post/1nfukao,ont_total_neutro_mentions,global_counts,,1.0,False
1nfukao,train,2,http://wfrp.ia/resource/reddit/post/1nfukao,ont_domain_score,global_counts,,1.0,False
1nfukao,train,2,http://wfrp.ia/resource/reddit/post/1nfukao,ont_domain_density,global_counts,,0.02857142857142857,True
1ngi8j1,train,2,http://wfrp.ia/resource/reddit/post/1ngi8j1,ont_InteligenciaArtificial_Neutro,ai,http://wfrp.ia/dominio/ciencia-tecnologia#InteligenciaArtificial,1.0,False
1ngi8j1,train,2,http://wfrp.ia/resource/reddit/post/1ngi8j1,ont_has_ontology_elements,global_counts,,1.0,False
1ngi8j1,train,2,http://wfrp.ia/resource/reddit/post/1ngi8j1,ont_count_domain_concepts,global_counts,,1.0,False
1ngi8j1,train,2,http://wfrp.ia/resource/reddit/post/1ngi8j1,ont_total_neutro_mentions,global_counts,,1.0,False
1ngi8j1,train,2,http://wfrp.ia/resource/reddit/post/1ngi8j1,ont_domain_score,global_counts,,1.0,False
1ngi8j1,train,2,http://wfrp.ia/resource/reddit/post/1ngi8j1,ont_domain_density,global_counts,,0.0196078431372549,True
1ngakf8,train,0,http://wfrp.ia/resource/reddit/post/1ngakf8,ont_InteligenciaArtificial_Neutro,ai,http://wfrp.ia/dominio/ciencia-tecnologia#InteligenciaArtificial,6.0,False
1ngakf8,train,0,http://wfrp.ia/resource/reddit/post/1ngakf8,ont_Tecnologia_Neutro,technology,http://wfrp.ia/dominio/ciencia-tecnologia#Tecnologia,1.0,True
1ngakf8,train,0,http://wfrp.ia/resource/reddit/post/1ngakf8,ont_has_ontology_elements,global_counts,,1.0,False
1ngakf8,train,0,http://wfrp.ia/resource/reddit/post/1ngakf8,ont_count_domain_concepts,global_counts,,2.0,False
1ngakf8,train,0,http://wfrp.ia/resource/reddit/post/1ngakf8,ont_total_neutro_mentions,global_counts,,7.0,False
1ngakf8,train,0,http://wfrp.ia/resource/reddit/post/1ngakf8,ont_domain_score,global_counts,,7.5,False
1ngakf8,train,0,http://wfrp.ia/resource/reddit/post/1ngakf8,ont_domain_density,global_counts,,0.004545454545454545,True
1ngegd0,train,2,http://wfrp.ia/resource/reddit/post/1ngegd0,ont_InteligenciaArtificial_Neutro,ai,http://wfrp.ia/dominio/ciencia-tecnologia#InteligenciaArtificial,5.0,False
1ngegd0,train,2,http://wfrp.ia/resource/reddit/post/1ngegd0,ont_Etica_Positivo,ethics,http://wfrp.ia/dominio/ciencia-tecnologia#Etica,1.0,False
1ngegd0,train,2,http://wfrp.ia/resource/reddit/post/1ngegd0,ont_has_ontology_elements,global_counts,,1.0,False
1ngegd0,train,2,http://wfrp.ia/resource/reddit/post/1ngegd0,ont_count_domain_concepts,global_counts,,2.0,False
1ngegd0,train,2,http://wfrp.ia/resource/reddit/post/1ngegd0,ont_total_positivo_mentions,global_counts,,1.0,False
1ngegd0,train,2,http://wfrp.ia/resource/reddit/post/1ngegd0,ont_total_neutro_mentions,global_counts,,5.0,False
1ngegd0,train,2,http://wfrp.ia/resource/reddit/post/1ngegd0,ont_domain_score,global_counts,,5.5,False
1ngegd0,train,2,http://wfrp.ia/resource/reddit/post/1ngegd0,ont_domain_density,global_counts,,0.009900990099009901,True
1nh1az7,train,1,http://wfrp.ia/resource/reddit/post/1nh1az7,ont_InteligenciaArtificial_Neutro,ai,http://wfrp.ia/dominio/ciencia-tecnologia#InteligenciaArtificial,1.0,False
1nh1az7,train,1,http://wfrp.ia/resource/reddit/post/1nh1az7,ont_has_ontology_elements,global_counts,,1.0,False
1nh1az7,train,1,http://wfrp.ia/resource/reddit/post/1nh1az7,ont_count_domain_concepts,global_counts,,1.0,False
1nh1az7,train,1,http://wfrp.ia/resource/reddit/post/1nh1az7,ont_total_neutro_mentions,global_counts,,1.0,False
1nh1az7,train,1,http://wfrp.ia/resource/reddit/post/1nh1az7,ont_domain_score,global_counts,,1.0,False
1nh1az7,train,1,http://wfrp.ia/resource/reddit/post/1nh1az7,ont_domain_density,global_counts,,0.07692307692307693,True
1nh5tkp,train,2,http://wfrp.ia/resource/reddit/post/1nh5tkp,ont_InteligenciaArtificial_Positivo,ai,http://wfrp.ia/dominio/ciencia-tecnologia#InteligenciaArtificial,1.0,False
1nh5tkp,train,2,http://wfrp.ia/resource/reddit/post/1nh5tkp,ont_InteligenciaArtificial_Neutro,ai,http://wfrp.ia/dominio/ciencia-tecnologia#InteligenciaArtificial,4.0,False
1nh5tkp,train,2,http://wfrp.ia/resource/reddit/post/1nh5tkp,ont_has_ontology_elements,global_counts,,1.0,False
1nh5tkp,train,2,http://wfrp.ia/resource/reddit/post/1nh5tkp,ont_count_domain_concepts,global_counts,,1.0,False
1nh5tkp,train,2,http://wfrp.ia/resource/reddit/post/1nh5tkp,ont_total_positivo_mentions,global_counts,,1.0,False
1nh5tkp,train,2,http://wfrp.ia/resource/reddit/post/1nh5tkp,ont_total_neutro_mentions,global_counts,,4.0,False
1nh5tkp,train,2,http://wfrp.ia/resource/reddit/post/1nh5tkp,ont_domain_score,global_counts,,6.0,False
1nh5tkp,train,2,http://wfrp.ia/resource/reddit/post/1nh5tkp,ont_domain_density,global_counts,,0.008771929824561403,True
1nfu2lk,train,1,http://wfrp.ia/resource/reddit/post/1nfu2lk,ont_InteligenciaArtificial_Neutro,ai,http://wfrp.ia/dominio/ciencia-tecnologia#InteligenciaArtificial,3.0,False
1nfu2lk,train,1,http://wfrp.ia/resource/reddit/post/1nfu2lk,ont_Datos_Positivo,data,http://wfrp.ia/dominio/ciencia-tecnologia#Datos,1.0,False
1nfu2lk,train,1,http://wfrp.ia/resource/reddit/post/1nfu2lk,ont_Robot_Neutro,robot,http://wfrp.ia/dominio/ciencia-tecnologia#Robot,1.0,False
1nfu2lk,train,1,http://wfrp.ia/resource/reddit/post/1nfu2lk,ont_has_ontology_elements,global_counts,,1.0,False
1nfu2lk,train,1,http://wfrp.ia/resource/reddit/post/1nfu2lk,ont_count_domain_concepts,global_counts,,4.0,False
1nfu2lk,train,1,http://wfrp.ia/resource/reddit/post/1nfu2lk,ont_total_positivo_mentions,global_counts,,1.0,False
1nfu2lk,train,1,http://wfrp.ia/resource/reddit/post/1nfu2lk,ont_total_neutro_mentions,global_counts,,4.0,False
1nfu2lk,train,1,http://wfrp.ia/resource/reddit/post/1nfu2lk,ont_domain_score,global_counts,,6.5,False
1nfu2lk,train,1,http://wfrp.ia/resource/reddit/post/1nfu2lk,ont_domain_density,global_counts,,0.018518518518518517,True
1nh8vpo,train,1,http://wfrp.ia/resource/reddit/post/1nh8vpo,ont_InteligenciaArtificial_Positivo,ai,http://wfrp.ia/dominio/ciencia-tecnologia#InteligenciaArtificial,1.0,False
1nh8vpo,train,1,http://wfrp.ia/resource/reddit/post/1nh8vpo,ont_InteligenciaArtificial_Neutro,ai,http://wfrp.ia/dominio/ciencia-tecnologia#InteligenciaArtificial,6.0,False
1nh8vpo,train,1,http://wfrp.ia/resource/reddit/post/1nh8vpo,ont_Futuro_Neutro,future,http://wfrp.ia/dominio/ciencia-tecnologia#Futuro,1.0,False
1nh8vpo,train,1,http://wfrp.ia/resource/reddit/post/1nh8vpo,ont_Datos_Neutro,data,http://wfrp.ia/dominio/ciencia-tecnologia#Datos,1.0,False
1nh8vpo,train,1,http://wfrp.ia/resource/reddit/post/1nh8vpo,ont_Algoritmo_Positivo,algorithm,http://wfrp.ia/dominio/ciencia-tecnologia#Algoritmo,1.0,False
1nh8vpo,train,1,http://wfrp.ia/resource/reddit/post/1nh8vpo,ont_Algoritmo_Neutro,algorithm,http://wfrp.ia/dominio/ciencia-tecnologia#Algoritmo,2.0,False
1nh8vpo,train,1,http://wfrp.ia/resource/reddit/post/1nh8vpo,ont_has_ontology_elements,global_counts,,1.0,False
1nh8vpo,train,1,http://wfrp.ia/resource/reddit/post/1nh8vpo,ont_count_domain_concepts,global_counts,,4.0,False
1nh8vpo,train,1,http://wfrp.ia/resource/reddit/post/1nh8vpo,ont_total_positivo_mentions,global_counts,,2.0,False
1nh8vpo,train,1,http://wfrp.ia/resource/reddit/post/1nh8vpo,ont_total_neutro_mentions,global_counts,,10.0,False
1nh8vpo,train,1,http://wfrp.ia/resource/reddit/post/1nh8vpo,ont_domain_score,global_counts,,10.5,False
1nh8vpo,train,1,http://wfrp.ia/resource/reddit/post/1nh8vpo,ont_domain_density,global_counts,,0.010282776349614395,True
1nhbn44,train,0,http://wfrp.ia/resource/reddit/post/1nhbn44,ont_InteligenciaArtificial_Neutro,ai,http://wfrp.ia/dominio/ciencia-tecnologia#InteligenciaArtificial,14.0,False
1nhbn44,train,0,http://wfrp.ia/resource/reddit/post/1nhbn44,ont_has_ontology_elements,global_counts,,1.0,False
1nhbn44,train,0,http://wfrp.ia/resource/reddit/post/1nhbn44,ont_count_domain_concepts,global_counts,,1.0,False
1nhbn44,train,0,http://wfrp.ia/resource/reddit/post/1nhbn44,ont_total_neutro_mentions,global_counts,,14.0,False
1nhbn44,train,0,http://wfrp.ia/resource/reddit/post/1nhbn44,ont_domain_score,global_counts,,11.5,False
1nhbn44,train,0,http://wfrp.ia/resource/reddit/post/1nhbn44,ont_domain_density,global_counts,,0.01694915254237288,True
1ngiple,train,2,http://wfrp.ia/resource/reddit/post/1ngiple,ont_InteligenciaArtificial_Neutro,ai,http://wfrp.ia/dominio/ciencia-tecnologia#InteligenciaArtificial,1.0,False
1ngiple,train,2,http://wfrp.ia/resource/reddit/post/1ngiple,ont_has_ontology_elements,global_counts,,1.0,False
1ngiple,train,2,http://wfrp.ia/resource/reddit/post/1ngiple,ont_count_domain_concepts,global_counts,,1.0,False
1ngiple,train,2,http://wfrp.ia/resource/reddit/post/1ngiple,ont_total_neutro_mentions,global_counts,,1.0,False
1ngiple,train,2,http://wfrp.ia/resource/reddit/post/1ngiple,ont_domain_score,global_counts,,1.0,False
1ngiple,train,2,http://wfrp.ia/resource/reddit/post/1ngiple,ont_domain_density,global_counts,,0.018867924528301886,True
1nh6z8v,train,1,http://wfrp.ia/resource/reddit/post/1nh6z8v,ont_InteligenciaArtificial_Positivo,ai,http://wfrp.ia/dominio/ciencia-tecnologia#InteligenciaArtificial,3.0,False
1nh6z8v,train,1,http://wfrp.ia/resource/reddit/post/1nh6z8v,ont_InteligenciaArtificial_Neutro,ai,http://wfrp.ia/dominio/ciencia-tecnologia#InteligenciaArtificial,3.0,False
1nh6z8v,train,1,http://wfrp.ia/resource/reddit/post/1nh6z8v,ont_Datos_Neutro,data,http://wfrp.ia/dominio/ciencia-tecnologia#Datos,1.0,False
1nh6z8v,train,1,http://wfrp.ia/resource/reddit/post/1nh6z8v,ont_Robot_Neutro,robot,http://wfrp.ia/dominio/ciencia-tecnologia#Robot,1.0,False
1nh6z8v,train,1,http://wfrp.ia/resource/reddit/post/1nh6z8v,ont_has_ontology_elements,global_counts,,1.0,False
1nh6z8v,train,1,http://wfrp.ia/resource/reddit/post/1nh6z8v,ont_count_domain_concepts,global_counts,,3.0,False
1nh6z8v,train,1,http://wfrp.ia/resource/reddit/post/1nh6z8v,ont_total_positivo_mentions,global_counts,,3.0,False
1nh6z8v,train,1,http://wfrp.ia/resource/reddit/post/1nh6z8v,ont_total_neutro_mentions,global_counts,,5.0,False
1nh6z8v,train,1,http://wfrp.ia/resource/reddit/post/1nh6z8v,ont_domain_score,global_counts,,8.0,False
1nh6z8v,train,1,http://wfrp.ia/resource/reddit/post/1nh6z8v,ont_domain_density,global_counts,,0.018867924528301886,True
1ngym2n,train,2,http://wfrp.ia/resource/reddit/post/1ngym2n,ont_InteligenciaArtificial_Neutro,ai,http://wfrp.ia/dominio/ciencia-tecnologia#InteligenciaArtificial,4.0,False
1ngym2n,train,2,http://wfrp.ia/resource/reddit/post/1ngym2n,ont_has_ontology_elements,global_counts,,1.0,False
1ngym2n,train,2,http://wfrp.ia/resource/reddit/post/1ngym2n,ont_count_domain_concepts,global_counts,,1.0,False
1ngym2n,train,2,http://wfrp.ia/resource/reddit/post/1ngym2n,ont_total_neutro_mentions,global_counts,,4.0,False
1ngym2n,train,2,http://wfrp.ia/resource/reddit/post/1ngym2n,ont_domain_score,global_counts,,5.5,False
1ngym2n,train,2,http://wfrp.ia/resource/reddit/post/1ngym2n,ont_domain_density,global_counts,,0.007407407407407408,True
1nh7a82,train,2,http://wfrp.ia/resource/reddit/post/1nh7a82,ont_InteligenciaArtificial_Neutro,ai,http://wfrp.ia/dominio/ciencia-tecnologia#InteligenciaArtificial,13.0,False
1nh7a82,train,2,http://wfrp.ia/resource/reddit/post/1nh7a82,ont_AprendizajeAutomatico_Neutro,ml,http://wfrp.ia/dominio/ciencia-tecnologia#AprendizajeAutomatico,25.0,False
1nh7a82,train,2,http://wfrp.ia/resource/reddit/post/1nh7a82,ont_Datos_Neutro,data,http://wfrp.ia/dominio/ciencia-tecnologia#Datos,1.0,False
1nh7a82,train,2,http://wfrp.ia/resource/reddit/post/1nh7a82,ont_Etica_Neutro,ethics,http://wfrp.ia/dominio/ciencia-tecnologia#Etica,2.0,False
1nh7a82,train,2,http://wfrp.ia/resource/reddit/post/1nh7a82,ont_has_ontology_elements,global_counts,,1.0,False
1nh7a82,train,2,http://wfrp.ia/resource/reddit/post/1nh7a82,ont_count_domain_concepts,global_counts,,5.0,False
1nh7a82,train,2,http://wfrp.ia/resource/reddit/post/1nh7a82,ont_total_neutro_mentions,global_counts,,41.0,False
1nh7a82,train,2,http://wfrp.ia/resource/reddit/post/1nh7a82,ont_domain_score,global_counts,,30.0,False
1nh7a82,train,2,http://wfrp.ia/resource/reddit/post/1nh7a82,ont_domain_density,global_counts,,0.0035561877667140826,True
1nhrhfl,train,1,http://wfrp.ia/resource/reddit/post/1nhrhfl,ont_Futuro_Neutro,future,http://wfrp.ia/dominio/ciencia-tecnologia#Futuro,1.0,False
1nhrhfl,train,1,http://wfrp.ia/resource/reddit/post/1nhrhfl,ont_has_ontology_elements,global_counts,,1.0,False
1nhrhfl,train,1,http://wfrp.ia/resource/reddit/post/1nhrhfl,ont_count_domain_concepts,global_counts,,2.0,False
1nhrhfl,train,1,http://wfrp.ia/resource/reddit/post/1nhrhfl,ont_total_neutro_mentions,global_counts,,1.0,False
1nhrhfl,train,1,http://wfrp.ia/resource/reddit/post/1nhrhfl,ont_domain_score,global_counts,,2.0,False
1nhrhfl,train,1,http://wfrp.ia/resource/reddit/post/1nhrhfl,ont_domain_density,global_counts,,0.0070921985815602835,True
1mtrxuo,train,2,http://wfrp.ia/resource/reddit/post/1mtrxuo,ont_InteligenciaArtificial_Neutro,ai,http://wfrp.ia/dominio/ciencia-tecnologia#InteligenciaArtificial,1.0,False
1mtrxuo,train,2,http://wfrp.ia/resource/reddit/post/1mtrxuo,ont_Datos_Neutro,data,http://wfrp.ia/dominio/ciencia-tecnologia#Datos,2.0,False
1mtrxuo,train,2,http://wfrp.ia/resource/reddit/post/1mtrxuo,ont_has_ontology_elements,global_counts,,1.0,False
1mtrxuo,train,2,http://wfrp.ia/resource/reddit/post/1mtrxuo,ont_count_domain_concepts,global_counts,,2.0,False
1mtrxuo,train,2,http://wfrp.ia/resource/reddit/post/1mtrxuo,ont_total_neutro_mentions,global_counts,,3.0,False
1mtrxuo,train,2,http://wfrp.ia/resource/reddit/post/1mtrxuo,ont_domain_score,global_counts,,2.0,False
1mtrxuo,train,2,http://wfrp.ia/resource/reddit/post/1mtrxuo,ont_domain_density,global_counts,,0.013793103448275862,True
1n5cmjp,train,2,http://wfrp.ia/resource/reddit/post/1n5cmjp,ont_InteligenciaArtificial_Neutro,ai,http://wfrp.ia/dominio/ciencia-tecnologia#InteligenciaArtificial,1.0,False
1n5cmjp,train,2,http://wfrp.ia/resource/reddit/post/1n5cmjp,ont_has_ontology_elements,global_counts,,1.0,False
1n5cmjp,train,2,http://wfrp.ia/resource/reddit/post/1n5cmjp,ont_count_domain_concepts,global_counts,,1.0,False
1n5cmjp,train,2,http://wfrp.ia/resource/reddit/post/1n5cmjp,ont_total_neutro_mentions,global_counts,,1.0,False
1n5cmjp,train,2,http://wfrp.ia/resource/reddit/post/1n5cmjp,ont_domain_score,global_counts,,2.0,False
1n5cmjp,train,2,http://wfrp.ia/resource/reddit/post/1n5cmjp,ont_domain_density,global_counts,,0.08333333333333333,True
1my6mf6,train,2,http://wfrp.ia/resource/reddit/post/1my6mf6,ont_InteligenciaArtificial_Neutro,ai,http://wfrp.ia/dominio/ciencia-tecnologia#InteligenciaArtificial,1.0,False
1my6mf6,train,2,http://wfrp.ia/resource/reddit/post/1my6mf6,ont_Tecnologia_Neutro,technology,http://wfrp.ia/dominio/ciencia-tecnologia#Tecnologia,1.0,True
1my6mf6,train,2,http://wfrp.ia/resource/reddit/post/1my6mf6,ont_Robot_Neutro,robot,http://wfrp.ia/dominio/ciencia-tecnologia#Robot,1.0,False
1my6mf6,train,2,http://wfrp.ia/resource/reddit/post/1my6mf6,ont_has_ontology_elements,global_counts,,1.0,False
1my6mf6,train,2,http://wfrp.ia/resource/reddit/post/1my6mf6,ont_count_domain_concepts,global_counts,,3.0,False
1my6mf6,train,2,http://wfrp.ia/resource/reddit/post/1my6mf6,ont_total_neutro_mentions,global_counts,,3.0,False
1my6mf6,train,2,http://wfrp.ia/resource/reddit/post/1my6mf6,ont_domain_score,global_counts,,3.0,False
1my6mf6,train,2,http://wfrp.ia/resource/reddit/post/1my6mf6,ont_domain_density,global_counts,,0.014218009478672985,True
1mosuvc,train,2,http://wfrp.ia/resource/reddit/post/1mosuvc,ont_Datos_Neutro,data,http://wfrp.ia/dominio/ciencia-tecnologia#Datos,1.0,False
1mosuvc,train,2,http://wfrp.ia/resource/reddit/post/1mosuvc,ont_has_ontology_elements,global_counts,,1.0,False
1mosuvc,train,2,http://wfrp.ia/resource/reddit/post/1mosuvc,ont_count_domain_concepts,global_counts,,1.0,False
1mosuvc,train,2,http://wfrp.ia/resource/reddit/post/1mosuvc,ont_total_neutro_mentions,global_counts,,1.0,False
1mosuvc,train,2,http://wfrp.ia/resource/reddit/post/1mosuvc,ont_domain_score,global_counts,,1.0,False
1mosuvc,train,2,http://wfrp.ia/resource/reddit/post/1mosuvc,ont_domain_density,global_counts,,0.06666666666666667,True
1n6d2m8,train,1,http://wfrp.ia/resource/reddit/post/1n6d2m8,,,,0.0,False
1nbqabr,train,0,http://wfrp.ia/resource/reddit/post/1nbqabr,ont_has_ontology_elements,global_counts,,1.0,False
1nhy2br,train,0,http://wfrp.ia/resource/reddit/post/1nhy2br,ont_Datos_Neutro,data,http://wfrp.ia/dominio/ciencia-tecnologia#Datos,1.0,False
1nhy2br,train,0,http://wfrp.ia/resource/reddit/post/1nhy2br,ont_has_ontology_elements,global_counts,,1.0,False
1nhy2br,train,0,http://wfrp.ia/resource/reddit/post/1nhy2br,ont_count_domain_concepts,global_counts,,1.0,False
1nhy2br,train,0,http://wfrp.ia/resource/reddit/post/1nhy2br,ont_total_neutro_mentions,global_counts,,1.0,False
1nhy2br,train,0,http://wfrp.ia/resource/reddit/post/1nhy2br,ont_domain_score,global_counts,,1.0,False
1nhy2br,train,0,http://wfrp.ia/resource/reddit/post/1nhy2br,ont_domain_density,global_counts,,0.1,True
1nfhaq6,train,2,http://wfrp.ia/resource/reddit/post/1nfhaq6,,,,0.0,False
1ngpl9s,train,2,http://wfrp.ia/resource/reddit/post/1ngpl9s,ont_InteligenciaArtificial_Neutro,ai,http://wfrp.ia/dominio/ciencia-tecnologia#InteligenciaArtificial,1.0,False
1ngpl9s,train,2,http://wfrp.ia/resource/reddit/post/1ngpl9s,ont_has_ontology_elements,global_counts,,1.0,False
1ngpl9s,train,2,http://wfrp.ia/resource/reddit/post/1ngpl9s,ont_count_domain_concepts,global_counts,,1.0,False
1ngpl9s,train,2,http://wfrp.ia/resource/reddit/post/1ngpl9s,ont_total_neutro_mentions,global_counts,,1.0,False
1ngpl9s,train,2,http://wfrp.ia/resource/reddit/post/1ngpl9s,ont_domain_score,global_counts,,1.0,False
1ngpl9s,train,2,http://wfrp.ia/resource/reddit/post/1ngpl9s,ont_domain_density,global_counts,,0.08333333333333333,True
1n4xzu4,train,1,http://wfrp.ia/resource/reddit/post/1n4xzu4,,,,0.0,False
1n7bpcg,train,2,http://wfrp.ia/resource/reddit/post/1n7bpcg,ont_InteligenciaArtificial_Neutro,ai,http://wfrp.ia/dominio/ciencia-tecnologia#InteligenciaArtificial,3.0,False
1n7bpcg,train,2,http://wfrp.ia/resource/reddit/post/1n7bpcg,ont_has_ontology_elements,global_counts,,1.0,False
1n7bpcg,train,2,http://wfrp.ia/resource/reddit/post/1n7bpcg,ont_count_domain_concepts,global_counts,,2.0,False
1n7bpcg,train,2,http://wfrp.ia/resource/reddit/post/1n7bpcg,ont_total_neutro_mentions,global_counts,,3.0,False
1n7bpcg,train,2,http://wfrp.ia/resource/reddit/post/1n7bpcg,ont_domain_score,global_counts,,4.0,False
1n7bpcg,train,2,http://wfrp.ia/resource/reddit/post/1n7bpcg,ont_domain_density,global_counts,,0.019230769230769232,True
1n7szn3,train,2,http://wfrp.ia/resource/reddit/post/1n7szn3,ont_InteligenciaArtificial_Neutro,ai,http://wfrp.ia/dominio/ciencia-tecnologia#InteligenciaArtificial,1.0,False
1n7szn3,train,2,http://wfrp.ia/resource/reddit/post/1n7szn3,ont_has_ontology_elements,global_counts,,1.0,False
1n7szn3,train,2,http://wfrp.ia/resource/reddit/post/1n7szn3,ont_count_domain_concepts,global_counts,,2.0,False
1n7szn3,train,2,http://wfrp.ia/resource/reddit/post/1n7szn3,ont_total_neutro_mentions,global_counts,,1.0,False
1n7szn3,train,2,http://wfrp.ia/resource/reddit/post/1n7szn3,ont_domain_score,global_counts,,2.0,False
1n7szn3,train,2,http://wfrp.ia/resource/reddit/post/1n7szn3,ont_domain_density,global_counts,,0.010101010101010102,True
1n7tn13,train,0,http://wfrp.ia/resource/reddit/post/1n7tn13,ont_has_ontology_elements,global_counts,,1.0,False
1n7tn13,train,0,http://wfrp.ia/resource/reddit/post/1n7tn13,ont_count_domain_concepts,global_counts,,1.0,False
1n7tn13,train,0,http://wfrp.ia/resource/reddit/post/1n7tn13,ont_domain_score,global_counts,,1.0,False
1n7tn13,train,0,http://wfrp.ia/resource/reddit/post/1n7tn13,ont_domain_density,global_counts,,0.00392156862745098,True
1n80ryz,train,1,http://wfrp.ia/resource/reddit/post/1n80ryz,ont_InteligenciaArtificial_Neutro,ai,http://wfrp.ia/dominio/ciencia-tecnologia#InteligenciaArtificial,4.0,False
1n80ryz,train,1,http://wfrp.ia/resource/reddit/post/1n80ryz,ont_has_ontology_elements,global_counts,,1.0,False
1n80ryz,train,1,http://wfrp.ia/resource/reddit/post/1n80ryz,ont_count_domain_concepts,global_counts,,1.0,False
1n80ryz,train,1,http://wfrp.ia/resource/reddit/post/1n80ryz,ont_total_neutro_mentions,global_counts,,4.0,False
1n80ryz,train,1,http://wfrp.ia/resource/reddit/post/1n80ryz,ont_domain_score,global_counts,,2.5,False
1n80ryz,train,1,http://wfrp.ia/resource/reddit/post/1n80ryz,ont_domain_density,global_counts,,0.009523809523809525,True
1n82has,train,1,http://wfrp.ia/resource/reddit/post/1n82has,ont_InteligenciaArtificial_Neutro,ai,http://wfrp.ia/dominio/ciencia-tecnologia#InteligenciaArtificial,3.0,False
1n82has,train,1,http://wfrp.ia/resource/reddit/post/1n82has,ont_Tecnologia_Neutro,technology,http://wfrp.ia/dominio/ciencia-tecnologia#Tecnologia,1.0,True
1n82has,train,1,http://wfrp.ia/resource/reddit/post/1n82has,ont_has_ontology_elements,global_counts,,1.0,False
1n82has,train,1,http://wfrp.ia/resource/reddit/post/1n82has,ont_count_domain_concepts,global_counts,,2.0,False
1n82has,train,1,http://wfrp.ia/resource/reddit/post/1n82has,ont_total_neutro_mentions,global_counts,,4.0,False
1n82has,train,1,http://wfrp.ia/resource/reddit/post/1n82has,ont_domain_score,global_counts,,4.5,False
1n82has,train,1,http://wfrp.ia/resource/reddit/post/1n82has,ont_domain_density,global_counts,,0.008733624454148471,True
1n84iud,train,1,http://wfrp.ia/resource/reddit/post/1n84iud,ont_Etica_Positivo,ethics,http://wfrp.ia/dominio/ciencia-tecnologia#Etica,1.0,False
1n84iud,train,1,http://wfrp.ia/resource/reddit/post/1n84iud,ont_has_ontology_elements,global_counts,,1.0,False
1n84iud,train,1,http://wfrp.ia/resource/reddit/post/1n84iud,ont_count_domain_concepts,global_counts,,2.0,False
1n84iud,train,1,http://wfrp.ia/resource/reddit/post/1n84iud,ont_total_positivo_mentions,global_counts,,1.0,False
1n84iud,train,1,http://wfrp.ia/resource/reddit/post/1n84iud,ont_domain_score,global_counts,,2.0,False
1n84iud,train,1,http://wfrp.ia/resource/reddit/post/1n84iud,ont_domain_density,global_counts,,0.005405405405405406,True
1n8unq7,train,1,http://wfrp.ia/resource/reddit/post/1n8unq7,ont_has_ontology_elements,global_counts,,1.0,False
1n8cn50,train,2,http://wfrp.ia/resource/reddit/post/1n8cn50,ont_Datos_Neutro,data,http://wfrp.ia/dominio/ciencia-tecnologia#Datos,1.0,False
1n8cn50,train,2,http://wfrp.ia/resource/reddit/post/1n8cn50,ont_Automatizacion_Positivo,automation,http://wfrp.ia/dominio/ciencia-tecnologia#Automatizacion,1.0,False
1n8cn50,train,2,http://wfrp.ia/resource/reddit/post/1n8cn50,ont_Automatizacion_Neutro,automation,http://wfrp.ia/dominio/ciencia-tecnologia#Automatizacion,6.0,False
1n8cn50,train,2,http://wfrp.ia/resource/reddit/post/1n8cn50,ont_has_ontology_elements,global_counts,,1.0,False
1n8cn50,train,2,http://wfrp.ia/resource/reddit/post/1n8cn50,ont_count_domain_concepts,global_counts,,2.0,False
1n8cn50,train,2,http://wfrp.ia/resource/reddit/post/1n8cn50,ont_total_positivo_mentions,global_counts,,1.0,False
1n8cn50,train,2,http://wfrp.ia/resource/reddit/post/1n8cn50,ont_total_neutro_mentions,global_counts,,7.0,False
1n8cn50,train,2,http://wfrp.ia/resource/reddit/post/1n8cn50,ont_domain_score,global_counts,,2.0,False
1n8cn50,train,2,http://wfrp.ia/resource/reddit/post/1n8cn50,ont_domain_density,global_counts,,0.021052631578947368,True
1n9axi2,train,0,http://wfrp.ia/resource/reddit/post/1n9axi2,ont_Datos_Neutro,data,http://wfrp.ia/dominio/ciencia-tecnologia#Datos,1.0,False
1n9axi2,train,0,http://wfrp.ia/resource/reddit/post/1n9axi2,ont_has_ontology_elements,global_counts,,1.0,False
1n9axi2,train,0,http://wfrp.ia/resource/reddit/post/1n9axi2,ont_count_domain_concepts,global_counts,,2.0,False
1n9axi2,train,0,http://wfrp.ia/resource/reddit/post/1n9axi2,ont_total_neutro_mentions,global_counts,,1.0,False
1n9axi2,train,0,http://wfrp.ia/resource/reddit/post/1n9axi2,ont_domain_score,global_counts,,2.0,False
1n9axi2,train,0,http://wfrp.ia/resource/reddit/post/1n9axi2,ont_domain_density,global_counts,,0.01639344262295082,True
1n91imx,train,1,http://wfrp.ia/resource/reddit/post/1n91imx,ont_Tecnologia_Neutro,technology,http://wfrp.ia/dominio/ciencia-tecnologia#Tecnologia,1.0,True
1n91imx,train,1,http://wfrp.ia/resource/reddit/post/1n91imx,ont_has_ontology_elements,global_counts,,1.0,False
1n91imx,train,1,http://wfrp.ia/resource/reddit/post/1n91imx,ont_count_domain_concepts,global_counts,,2.0,False
1n91imx,train,1,http://wfrp.ia/resource/reddit/post/1n91imx,ont_total_neutro_mentions,global_counts,,1.0,False
1n91imx,train,1,http://wfrp.ia/resource/reddit/post/1n91imx,ont_domain_score,global_counts,,2.0,False
1n91imx,train,1,http://wfrp.ia/resource/reddit/post/1n91imx,ont_domain_density,global_counts,,0.04081632653061224,True
1n97p7q,train,2,http://wfrp.ia/resource/reddit/post/1n97p7q,ont_InteligenciaArtificial_Neutro,ai,http://wfrp.ia/dominio/ciencia-tecnologia#InteligenciaArtificial,2.0,False
1n97p7q,train,2,http://wfrp.ia/resource/reddit/post/1n97p7q,ont_AprendizajeAutomatico_Neutro,ml,http://wfrp.ia/dominio/ciencia-tecnologia#AprendizajeAutomatico,3.0,False
1n97p7q,train,2,http://wfrp.ia/resource/reddit/post/1n97p7q,ont_Datos_Neutro,data,http://wfrp.ia/dominio/ciencia-tecnologia#Datos,1.0,False
1n97p7q,train,2,http://wfrp.ia/resource/reddit/post/1n97p7q,ont_Automatizacion_Neutro,automation,http://wfrp.ia/dominio/ciencia-tecnologia#Automatizacion,1.0,False
1n97p7q,train,2,http://wfrp.ia/resource/reddit/post/1n97p7q,ont_has_ontology_elements,global_counts,,1.0,False
1n97p7q,train,2,http://wfrp.ia/resource/reddit/post/1n97p7q,ont_count_domain_concepts,global_counts,,5.0,False
1n97p7q,train,2,http://wfrp.ia/resource/reddit/post/1n97p7q,ont_total_neutro_mentions,global_counts,,7.0,False
1n97p7q,train,2,http://wfrp.ia/resource/reddit/post/1n97p7q,ont_domain_score,global_counts,,8.5,False
1n97p7q,train,2,http://wfrp.ia/resource/reddit/post/1n97p7q,ont_domain_density,global_counts,,0.04504504504504504,True
1n9c1b4,train,0,http://wfrp.ia/resource/reddit/post/1n9c1b4,ont_InteligenciaArtificial_Neutro,ai,http://wfrp.ia/dominio/ciencia-tecnologia#InteligenciaArtificial,3.0,False
1n9c1b4,train,0,http://wfrp.ia/resource/reddit/post/1n9c1b4,ont_has_ontology_elements,global_counts,,1.0,False
1n9c1b4,train,0,http://wfrp.ia/resource/reddit/post/1n9c1b4,ont_count_domain_concepts,global_counts,,1.0,False
1n9c1b4,train,0,http://wfrp.ia/resource/reddit/post/1n9c1b4,ont_total_neutro_mentions,global_counts,,3.0,False
1n9c1b4,train,0,http://wfrp.ia/resource/reddit/post/1n9c1b4,ont_domain_score,global_counts,,3.5,False
1n9c1b4,train,0,http://wfrp.ia/resource/reddit/post/1n9c1b4,ont_domain_density,global_counts,,0.03125,True
1n9e376,train,0,http://wfrp.ia/resource/reddit/post/1n9e376,ont_Datos_Neutro,data,http://wfrp.ia/dominio/ciencia-tecnologia#Datos,1.0,False
1n9e376,train,0,http://wfrp.ia/resource/reddit/post/1n9e376,ont_has_ontology_elements,global_counts,,1.0,False
1n9e376,train,0,http://wfrp.ia/resource/reddit/post/1n9e376,ont_count_domain_concepts,global_counts,,2.0,False
1n9e376,train,0,http://wfrp.ia/resource/reddit/post/1n9e376,ont_total_neutro_mentions,global_counts,,1.0,False
1n9e376,train,0,http://wfrp.ia/resource/reddit/post/1n9e376,ont_domain_score,global_counts,,2.0,False
1n9e376,train,0,http://wfrp.ia/resource/reddit/post/1n9e376,ont_domain_density,global_counts,,0.01098901098901099,True
1n9frmt,train,2,http://wfrp.ia/resource/reddit/post/1n9frmt,ont_Futuro_Neutro,future,http://wfrp.ia/dominio/ciencia-tecnologia#Futuro,1.0,False
1n9frmt,train,2,http://wfrp.ia/resource/reddit/post/1n9frmt,ont_has_ontology_elements,global_counts,,1.0,False
1n9frmt,train,2,http://wfrp.ia/resource/reddit/post/1n9frmt,ont_count_domain_concepts,global_counts,,2.0,False
1n9frmt,train,2,http://wfrp.ia/resource/reddit/post/1n9frmt,ont_total_neutro_mentions,global_counts,,1.0,False
1n9frmt,train,2,http://wfrp.ia/resource/reddit/post/1n9frmt,ont_domain_score,global_counts,,2.0,False
1n9frmt,train,2,http://wfrp.ia/resource/reddit/post/1n9frmt,ont_domain_density,global_counts,,0.0196078431372549,True
1n94vm8,train,2,http://wfrp.ia/resource/reddit/post/1n94vm8,ont_Futuro_Neutro,future,http://wfrp.ia/dominio/ciencia-tecnologia#Futuro,1.0,False
1n94vm8,train,2,http://wfrp.ia/resource/reddit/post/1n94vm8,ont_has_ontology_elements,global_counts,,1.0,False
1n94vm8,train,2,http://wfrp.ia/resource/reddit/post/1n94vm8,ont_count_domain_concepts,global_counts,,2.0,False
1n94vm8,train,2,http://wfrp.ia/resource/reddit/post/1n94vm8,ont_total_neutro_mentions,global_counts,,1.0,False
1n94vm8,train,2,http://wfrp.ia/resource/reddit/post/1n94vm8,ont_domain_score,global_counts,,2.0,False
1n94vm8,train,2,http://wfrp.ia/resource/reddit/post/1n94vm8,ont_domain_density,global_counts,,0.007017543859649123,True
1n9h4hn,train,2,http://wfrp.ia/resource/reddit/post/1n9h4hn,ont_InteligenciaArtificial_Positivo,ai,http://wfrp.ia/dominio/ciencia-tecnologia#InteligenciaArtificial,1.0,False
1n9h4hn,train,2,http://wfrp.ia/resource/reddit/post/1n9h4hn,ont_InteligenciaArtificial_Neutro,ai,http://wfrp.ia/dominio/ciencia-tecnologia#InteligenciaArtificial,1.0,False
1n9h4hn,train,2,http://wfrp.ia/resource/reddit/post/1n9h4hn,ont_Robot_Neutro,robot,http://wfrp.ia/dominio/ciencia-tecnologia#Robot,1.0,False
1n9h4hn,train,2,http://wfrp.ia/resource/reddit/post/1n9h4hn,ont_has_ontology_elements,global_counts,,1.0,False
1n9h4hn,train,2,http://wfrp.ia/resource/reddit/post/1n9h4hn,ont_count_domain_concepts,global_counts,,3.0,False
1n9h4hn,train,2,http://wfrp.ia/resource/reddit/post/1n9h4hn,ont_total_positivo_mentions,global_counts,,1.0,False
1n9h4hn,train,2,http://wfrp.ia/resource/reddit/post/1n9h4hn,ont_total_neutro_mentions,global_counts,,2.0,False
1n9h4hn,train,2,http://wfrp.ia/resource/reddit/post/1n9h4hn,ont_domain_score,global_counts,,4.0,False
1n9h4hn,train,2,http://wfrp.ia/resource/reddit/post/1n9h4hn,ont_domain_density,global_counts,,0.022727272727272728,True
1n6ckdl,train,2,http://wfrp.ia/resource/reddit/post/1n6ckdl,ont_Tecnologia_Neutro,technology,http://wfrp.ia/dominio/ciencia-tecnologia#Tecnologia,1.0,True
1n6ckdl,train,2,http://wfrp.ia/resource/reddit/post/1n6ckdl,ont_has_ontology_elements,global_counts,,1.0,False
1n6ckdl,train,2,http://wfrp.ia/resource/reddit/post/1n6ckdl,ont_count_domain_concepts,global_counts,,1.0,False
1n6ckdl,train,2,http://wfrp.ia/resource/reddit/post/1n6ckdl,ont_total_neutro_mentions,global_counts,,1.0,False
1n6ckdl,train,2,http://wfrp.ia/resource/reddit/post/1n6ckdl,ont_domain_score,global_counts,,1.0,False
1n6ckdl,train,2,http://wfrp.ia/resource/reddit/post/1n6ckdl,ont_domain_density,global_counts,,0.008,True
1n6f5tg,train,2,http://wfrp.ia/resource/reddit/post/1n6f5tg,ont_InteligenciaArtificial_Neutro,ai,http://wfrp.ia/dominio/ciencia-tecnologia#InteligenciaArtificial,1.0,False
1n6f5tg,train,2,http://wfrp.ia/resource/reddit/post/1n6f5tg,ont_has_ontology_elements,global_counts,,1.0,False
1n6f5tg,train,2,http://wfrp.ia/resource/reddit/post/1n6f5tg,ont_count_domain_concepts,global_counts,,2.0,False
1n6f5tg,train,2,http://wfrp.ia/resource/reddit/post/1n6f5tg,ont_total_neutro_mentions,global_counts,,1.0,False
1n6f5tg,train,2,http://wfrp.ia/resource/reddit/post/1n6f5tg,ont_domain_score,global_counts,,2.0,False
1n6f5tg,train,2,http://wfrp.ia/resource/reddit/post/1n6f5tg,ont_domain_density,global_counts,,0.013605442176870748,True
1n6ki2s,train,2,http://wfrp.ia/resource/reddit/post/1n6ki2s,ont_has_ontology_elements,global_counts,,1.0,False
1n6ki2s,train,2,http://wfrp.ia/resource/reddit/post/1n6ki2s,ont_count_domain_concepts,global_counts,,1.0,False
1n6ki2s,train,2,http://wfrp.ia/resource/reddit/post/1n6ki2s,ont_domain_score,global_counts,,1.0,False
1n6ki2s,train,2,http://wfrp.ia/resource/reddit/post/1n6ki2s,ont_domain_density,global_counts,,0.004694835680751174,True
1n6tqzz,train,2,http://wfrp.ia/resource/reddit/post/1n6tqzz,ont_InteligenciaArtificial_Neutro,ai,http://wfrp.ia/dominio/ciencia-tecnologia#InteligenciaArtificial,1.0,False
1n6tqzz,train,2,http://wfrp.ia/resource/reddit/post/1n6tqzz,ont_has_ontology_elements,global_counts,,1.0,False
1n6tqzz,train,2,http://wfrp.ia/resource/reddit/post/1n6tqzz,ont_count_domain_concepts,global_counts,,1.0,False
1n6tqzz,train,2,http://wfrp.ia/resource/reddit/post/1n6tqzz,ont_total_neutro_mentions,global_counts,,1.0,False
1n6tqzz,train,2,http://wfrp.ia/resource/reddit/post/1n6tqzz,ont_domain_score,global_counts,,0.5,False
1n6tqzz,train,2,http://wfrp.ia/resource/reddit/post/1n6tqzz,ont_domain_density,global_counts,,0.07142857142857142,True
1ne6824,train,2,http://wfrp.ia/resource/reddit/post/1ne6824,ont_has_ontology_elements,global_counts,,1.0,False
1nifves,train,2,http://wfrp.ia/resource/reddit/post/1nifves,ont_InteligenciaArtificial_Neutro,ai,http://wfrp.ia/dominio/ciencia-tecnologia#InteligenciaArtificial,3.0,False
1nifves,train,2,http://wfrp.ia/resource/reddit/post/1nifves,ont_has_ontology_elements,global_counts,,1.0,False
1nifves,train,2,http://wfrp.ia/resource/reddit/post/1nifves,ont_count_domain_concepts,global_counts,,1.0,False
1nifves,train,2,http://wfrp.ia/resource/reddit/post/1nifves,ont_total_neutro_mentions,global_counts,,3.0,False
1nifves,train,2,http://wfrp.ia/resource/reddit/post/1nifves,ont_domain_score,global_counts,,3.0,False
1nifves,train,2,http://wfrp.ia/resource/reddit/post/1nifves,ont_domain_density,global_counts,,0.0196078431372549,True
1njprzp,train,2,http://wfrp.ia/resource/reddit/post/1njprzp,ont_Tecnologia_Positivo,technology,http://wfrp.ia/dominio/ciencia-tecnologia#Tecnologia,2.0,False
1njprzp,train,2,http://wfrp.ia/resource/reddit/post/1njprzp,ont_has_ontology_elements,global_counts,,1.0,False
1njprzp,train,2,http://wfrp.ia/resource/reddit/post/1njprzp,ont_count_domain_concepts,global_counts,,1.0,False
1njprzp,train,2,http://wfrp.ia/resource/reddit/post/1njprzp,ont_total_positivo_mentions,global_counts,,2.0,False
1njprzp,train,2,http://wfrp.ia/resource/reddit/post/1njprzp,ont_domain_score,global_counts,,1.0,False
1njprzp,train,2,http://wfrp.ia/resource/reddit/post/1njprzp,ont_domain_density,global_counts,,0.011904761904761904,True
1ndfes1,train,1,http://wfrp.ia/resource/reddit/post/1ndfes1,ont_InteligenciaArtificial_Negativo,ai,http://wfrp.ia/dominio/ciencia-tecnologia#InteligenciaArtificial,1.0,True
1ndfes1,train,1,http://wfrp.ia/resource/reddit/post/1ndfes1,ont_has_ontology_elements,global_counts,,1.0,False
1ndfes1,train,1,http://wfrp.ia/resource/reddit/post/1ndfes1,ont_count_domain_concepts,global_counts,,1.0,False
1ndfes1,train,1,http://wfrp.ia/resource/reddit/post/1ndfes1,ont_total_negativo_mentions,global_counts,,1.0,True
1ndfes1,train,1,http://wfrp.ia/resource/reddit/post/1ndfes1,ont_domain_score,global_counts,,1.0,False
1ndfes1,train,1,http://wfrp.ia/resource/reddit/post/1ndfes1,ont_domain_density,global_counts,,0.07692307692307693,True
1ndx20g,train,0,http://wfrp.ia/resource/reddit/post/1ndx20g,ont_InteligenciaArtificial_Neutro,ai,http://wfrp.ia/dominio/ciencia-tecnologia#InteligenciaArtificial,2.0,False
1ndx20g,train,0,http://wfrp.ia/resource/reddit/post/1ndx20g,ont_AprendizajeAutomatico_Neutro,ml,http://wfrp.ia/dominio/ciencia-tecnologia#AprendizajeAutomatico,1.0,False
1ndx20g,train,0,http://wfrp.ia/resource/reddit/post/1ndx20g,ont_has_ontology_elements,global_counts,,1.0,False
1ndx20g,train,0,http://wfrp.ia/resource/reddit/post/1ndx20g,ont_count_domain_concepts,global_counts,,3.0,False
1ndx20g,train,0,http://wfrp.ia/resource/reddit/post/1ndx20g,ont_total_neutro_mentions,global_counts,,3.0,False
1ndx20g,train,0,http://wfrp.ia/resource/reddit/post/1ndx20g,ont_domain_score,global_counts,,4.5,False
1ndx20g,train,0,http://wfrp.ia/resource/reddit/post/1ndx20g,ont_domain_density,global_counts,,0.029411764705882353,True
1ndi0lc,train,2,http://wfrp.ia/resource/reddit/post/1ndi0lc,ont_Tecnologia_Neutro,technology,http://wfrp.ia/dominio/ciencia-tecnologia#Tecnologia,1.0,True
1ndi0lc,train,2,http://wfrp.ia/resource/reddit/post/1ndi0lc,ont_has_ontology_elements,global_counts,,1.0,False
1ndi0lc,train,2,http://wfrp.ia/resource/reddit/post/1ndi0lc,ont_count_domain_concepts,global_counts,,1.0,False
1ndi0lc,train,2,http://wfrp.ia/resource/reddit/post/1ndi0lc,ont_total_neutro_mentions,global_counts,,1.0,False
1ndi0lc,train,2,http://wfrp.ia/resource/reddit/post/1ndi0lc,ont_domain_score,global_counts,,1.0,False
1ndi0lc,train,2,http://wfrp.ia/resource/reddit/post/1ndi0lc,ont_domain_density,global_counts,,0.008064516129032258,True
1ncn9lx,train,2,http://wfrp.ia/resource/reddit/post/1ncn9lx,ont_has_ontology_elements,global_counts,,1.0,False
1ncn9lx,train,2,http://wfrp.ia/resource/reddit/post/1ncn9lx,ont_count_domain_concepts,global_counts,,1.0,False
1ncn9lx,train,2,http://wfrp.ia/resource/reddit/post/1ncn9lx,ont_domain_score,global_counts,,1.0,False
1ncn9lx,train,2,http://wfrp.ia/resource/reddit/post/1ncn9lx,ont_domain_density,global_counts,,0.014925373134328358,True
1nc6ovu,train,0,http://wfrp.ia/resource/reddit/post/1nc6ovu,,,,0.0,False
1n5hzsl,train,2,http://wfrp.ia/resource/reddit/post/1n5hzsl,ont_InteligenciaArtificial_Neutro,ai,http://wfrp.ia/dominio/ciencia-tecnologia#InteligenciaArtificial,7.0,False
1n5hzsl,train,2,http://wfrp.ia/resource/reddit/post/1n5hzsl,ont_Tecnologia_Neutro,technology,http://wfrp.ia/dominio/ciencia-tecnologia#Tecnologia,3.0,True
1n5hzsl,train,2,http://wfrp.ia/resource/reddit/post/1n5hzsl,ont_has_ontology_elements,global_counts,,1.0,False
1n5hzsl,train,2,http://wfrp.ia/resource/reddit/post/1n5hzsl,ont_count_domain_concepts,global_counts,,2.0,False
1n5hzsl,train,2,http://wfrp.ia/resource/reddit/post/1n5hzsl,ont_total_neutro_mentions,global_counts,,10.0,False
1n5hzsl,train,2,http://wfrp.ia/resource/reddit/post/1n5hzsl,ont_domain_score,global_counts,,10.0,False
1n5hzsl,train,2,http://wfrp.ia/resource/reddit/post/1n5hzsl,ont_domain_density,global_counts,,0.011627906976744186,True
1nbli5r,train,2,http://wfrp.ia/resource/reddit/post/1nbli5r,ont_InteligenciaArtificial_Neutro,ai,http://wfrp.ia/dominio/ciencia-tecnologia#InteligenciaArtificial,3.0,False
1nbli5r,train,2,http://wfrp.ia/resource/reddit/post/1nbli5r,ont_has_ontology_elements,global_counts,,1.0,False
1nbli5r,train,2,http://wfrp.ia/resource/reddit/post/1nbli5r,ont_count_domain_concepts,global_counts,,2.0,False
1nbli5r,train,2,http://wfrp.ia/resource/reddit/post/1nbli5r,ont_total_neutro_mentions,global_counts,,3.0,False
1nbli5r,train,2,http://wfrp.ia/resource/reddit/post/1nbli5r,ont_domain_score,global_counts,,4.5,False
1nbli5r,train,2,http://wfrp.ia/resource/reddit/post/1nbli5r,ont_domain_density,global_counts,,0.058823529411764705,True
1n61lzn,train,2,http://wfrp.ia/resource/reddit/post/1n61lzn,ont_Datos_Neutro,data,http://wfrp.ia/dominio/ciencia-tecnologia#Datos,1.0,False
1n61lzn,train,2,http://wfrp.ia/resource/reddit/post/1n61lzn,ont_Automatizacion_Neutro,automation,http://wfrp.ia/dominio/ciencia-tecnologia#Automatizacion,1.0,False
1n61lzn,train,2,http://wfrp.ia/resource/reddit/post/1n61lzn,ont_has_ontology_elements,global_counts,,1.0,False
1n61lzn,train,2,http://wfrp.ia/resource/reddit/post/1n61lzn,ont_count_domain_concepts,global_counts,,3.0,False
1n61lzn,train,2,http://wfrp.ia/resource/reddit/post/1n61lzn,ont_total_neutro_mentions,global_counts,,2.0,False
1n61lzn,train,2,http://wfrp.ia/resource/reddit/post/1n61lzn,ont_domain_score,global_counts,,3.0,False
1n61lzn,train,2,http://wfrp.ia/resource/reddit/post/1n61lzn,ont_domain_density,global_counts,,0.024,True
1n5k4ol,train,2,http://wfrp.ia/resource/reddit/post/1n5k4ol,ont_InteligenciaArtificial_Positivo,ai,http://wfrp.ia/dominio/ciencia-tecnologia#InteligenciaArtificial,1.0,False
1n5k4ol,train,2,http://wfrp.ia/resource/reddit/post/1n5k4ol,ont_has_ontology_elements,global_counts,,1.0,False
1n5k4ol,train,2,http://wfrp.ia/resource/reddit/post/1n5k4ol,ont_count_domain_concepts,global_counts,,2.0,False
1n5k4ol,train,2,http://wfrp.ia/resource/reddit/post/1n5k4ol,ont_total_positivo_mentions,global_counts,,1.0,False
1n5k4ol,train,2,http://wfrp.ia/resource/reddit/post/1n5k4ol,ont_domain_score,global_counts,,2.0,False
1n5k4ol,train,2,http://wfrp.ia/resource/reddit/post/1n5k4ol,ont_domain_density,global_counts,,0.007662835249042145,True
1n65w6q,train,2,http://wfrp.ia/resource/reddit/post/1n65w6q,ont_Futuro_Neutro,future,http://wfrp.ia/dominio/ciencia-tecnologia#Futuro,1.0,False
1n65w6q,train,2,http://wfrp.ia/resource/reddit/post/1n65w6q,ont_has_ontology_elements,global_counts,,1.0,False
1n65w6q,train,2,http://wfrp.ia/resource/reddit/post/1n65w6q,ont_count_domain_concepts,global_counts,,2.0,False
1n65w6q,train,2,http://wfrp.ia/resource/reddit/post/1n65w6q,ont_total_neutro_mentions,global_counts,,1.0,False
1n65w6q,train,2,http://wfrp.ia/resource/reddit/post/1n65w6q,ont_domain_score,global_counts,,2.0,False
1n65w6q,train,2,http://wfrp.ia/resource/reddit/post/1n65w6q,ont_domain_density,global_counts,,0.00816326530612245,True
1n5m4fg,train,2,http://wfrp.ia/resource/reddit/post/1n5m4fg,ont_InteligenciaArtificial_Neutro,ai,http://wfrp.ia/dominio/ciencia-tecnologia#InteligenciaArtificial,1.0,False
1n5m4fg,train,2,http://wfrp.ia/resource/reddit/post/1n5m4fg,ont_Datos_Neutro,data,http://wfrp.ia/dominio/ciencia-tecnologia#Datos,1.0,False
1n5m4fg,train,2,http://wfrp.ia/resource/reddit/post/1n5m4fg,ont_Automatizacion_Neutro,automation,http://wfrp.ia/dominio/ciencia-tecnologia#Automatizacion,3.0,False
1n5m4fg,train,2,http://wfrp.ia/resource/reddit/post/1n5m4fg,ont_has_ontology_elements,global_counts,,1.0,False
1n5m4fg,train,2,http://wfrp.ia/resource/reddit/post/1n5m4fg,ont_count_domain_concepts,global_counts,,3.0,False
1n5m4fg,train,2,http://wfrp.ia/resource/reddit/post/1n5m4fg,ont_total_neutro_mentions,global_counts,,5.0,False
1n5m4fg,train,2,http://wfrp.ia/resource/reddit/post/1n5m4fg,ont_domain_score,global_counts,,5.0,False
1n5m4fg,train,2,http://wfrp.ia/resource/reddit/post/1n5m4fg,ont_domain_density,global_counts,,0.011627906976744186,True
1n5uqta,train,1,http://wfrp.ia/resource/reddit/post/1n5uqta,ont_Innovacion_Neutro,innovation,http://wfrp.ia/dominio/ciencia-tecnologia#Innovacion,1.0,True
1n5uqta,train,1,http://wfrp.ia/resource/reddit/post/1n5uqta,ont_has_ontology_elements,global_counts,,1.0,False
1n5uqta,train,1,http://wfrp.ia/resource/reddit/post/1n5uqta,ont_count_domain_concepts,global_counts,,2.0,False
1n5uqta,train,1,http://wfrp.ia/resource/reddit/post/1n5uqta,ont_total_neutro_mentions,global_counts,,1.0,False
1n5uqta,train,1,http://wfrp.ia/resource/reddit/post/1n5uqta,ont_domain_score,global_counts,,2.0,False
1n5uqta,train,1,http://wfrp.ia/resource/reddit/post/1n5uqta,ont_domain_density,global_counts,,0.001670843776106934,True
1n5ytjf,train,2,http://wfrp.ia/resource/reddit/post/1n5ytjf,ont_Tecnologia_Neutro,technology,http://wfrp.ia/dominio/ciencia-tecnologia#Tecnologia,1.0,True
1n5ytjf,train,2,http://wfrp.ia/resource/reddit/post/1n5ytjf,ont_has_ontology_elements,global_counts,,1.0,False
1n5ytjf,train,2,http://wfrp.ia/resource/reddit/post/1n5ytjf,ont_count_domain_concepts,global_counts,,2.0,False
1n5ytjf,train,2,http://wfrp.ia/resource/reddit/post/1n5ytjf,ont_total_neutro_mentions,global_counts,,1.0,False
1n5ytjf,train,2,http://wfrp.ia/resource/reddit/post/1n5ytjf,ont_domain_score,global_counts,,2.0,False
1n5ytjf,train,2,http://wfrp.ia/resource/reddit/post/1n5ytjf,ont_domain_density,global_counts,,0.0044444444444444444,True
1n6af3u,train,2,http://wfrp.ia/resource/reddit/post/1n6af3u,ont_Automatizacion_Neutro,automation,http://wfrp.ia/dominio/ciencia-tecnologia#Automatizacion,2.0,False
1n6af3u,train,2,http://wfrp.ia/resource/reddit/post/1n6af3u,ont_has_ontology_elements,global_counts,,1.0,False
1n6af3u,train,2,http://wfrp.ia/resource/reddit/post/1n6af3u,ont_count_domain_concepts,global_counts,,1.0,False
1n6af3u,train,2,http://wfrp.ia/resource/reddit/post/1n6af3u,ont_total_neutro_mentions,global_counts,,2.0,False
1n6af3u,train,2,http://wfrp.ia/resource/reddit/post/1n6af3u,ont_domain_score,global_counts,,2.0,False
1n6af3u,train,2,http://wfrp.ia/resource/reddit/post/1n6af3u,ont_domain_density,global_counts,,0.017543859649122806,True
1n5pw2f,train,2,http://wfrp.ia/resource/reddit/post/1n5pw2f,ont_Datos_Neutro,data,http://wfrp.ia/dominio/ciencia-tecnologia#Datos,1.0,False
1n5pw2f,train,2,http://wfrp.ia/resource/reddit/post/1n5pw2f,ont_has_ontology_elements,global_counts,,1.0,False
1n5pw2f,train,2,http://wfrp.ia/resource/reddit/post/1n5pw2f,ont_count_domain_concepts,global_counts,,1.0,False
1n5pw2f,train,2,http://wfrp.ia/resource/reddit/post/1n5pw2f,ont_total_neutro_mentions,global_counts,,1.0,False
1n5pw2f,train,2,http://wfrp.ia/resource/reddit/post/1n5pw2f,ont_domain_score,global_counts,,1.0,False
1n5pw2f,train,2,http://wfrp.ia/resource/reddit/post/1n5pw2f,ont_domain_density,global_counts,,0.006944444444444444,True
1n5svun,train,2,http://wfrp.ia/resource/reddit/post/1n5svun,ont_Datos_Neutro,data,http://wfrp.ia/dominio/ciencia-tecnologia#Datos,3.0,False
1n5svun,train,2,http://wfrp.ia/resource/reddit/post/1n5svun,ont_has_ontology_elements,global_counts,,1.0,False
1n5svun,train,2,http://wfrp.ia/resource/reddit/post/1n5svun,ont_count_domain_concepts,global_counts,,2.0,False
1n5svun,train,2,http://wfrp.ia/resource/reddit/post/1n5svun,ont_total_neutro_mentions,global_counts,,3.0,False
1n5svun,train,2,http://wfrp.ia/resource/reddit/post/1n5svun,ont_domain_score,global_counts,,3.0,False
1n5svun,train,2,http://wfrp.ia/resource/reddit/post/1n5svun,ont_domain_density,global_counts,,0.019417475728155338,True
1n60ge4,train,1,http://wfrp.ia/resource/reddit/post/1n60ge4,ont_InteligenciaArtificial_Neutro,ai,http://wfrp.ia/dominio/ciencia-tecnologia#InteligenciaArtificial,1.0,False
1n60ge4,train,1,http://wfrp.ia/resource/reddit/post/1n60ge4,ont_Tecnologia_Neutro,technology,http://wfrp.ia/dominio/ciencia-tecnologia#Tecnologia,1.0,True
1n60ge4,train,1,http://wfrp.ia/resource/reddit/post/1n60ge4,ont_has_ontology_elements,global_counts,,1.0,False
1n60ge4,train,1,http://wfrp.ia/resource/reddit/post/1n60ge4,ont_count_domain_concepts,global_counts,,2.0,False
1n60ge4,train,1,http://wfrp.ia/resource/reddit/post/1n60ge4,ont_total_neutro_mentions,global_counts,,2.0,False
1n60ge4,train,1,http://wfrp.ia/resource/reddit/post/1n60ge4,ont_domain_score,global_counts,,2.0,False
1n60ge4,train,1,http://wfrp.ia/resource/reddit/post/1n60ge4,ont_domain_density,global_counts,,0.15384615384615385,True
1na40hm,train,1,http://wfrp.ia/resource/reddit/post/1na40hm,ont_Datos_Neutro,data,http://wfrp.ia/dominio/ciencia-tecnologia#Datos,3.0,False
1na40hm,train,1,http://wfrp.ia/resource/reddit/post/1na40hm,ont_has_ontology_elements,global_counts,,1.0,False
1na40hm,train,1,http://wfrp.ia/resource/reddit/post/1na40hm,ont_count_domain_concepts,global_counts,,1.0,False
1na40hm,train,1,http://wfrp.ia/resource/reddit/post/1na40hm,ont_total_neutro_mentions,global_counts,,3.0,False
1na40hm,train,1,http://wfrp.ia/resource/reddit/post/1na40hm,ont_domain_score,global_counts,,1.0,False
1na40hm,train,1,http://wfrp.ia/resource/reddit/post/1na40hm,ont_domain_density,global_counts,,0.013888888888888888,True
1n9s76f,train,2,http://wfrp.ia/resource/reddit/post/1n9s76f,ont_has_ontology_elements,global_counts,,1.0,False
1nfupj3,train,2,http://wfrp.ia/resource/reddit/post/1nfupj3,ont_InteligenciaArtificial_Neutro,ai,http://wfrp.ia/dominio/ciencia-tecnologia#InteligenciaArtificial,1.0,False
1nfupj3,train,2,http://wfrp.ia/resource/reddit/post/1nfupj3,ont_has_ontology_elements,global_counts,,1.0,False
1nfupj3,train,2,http://wfrp.ia/resource/reddit/post/1nfupj3,ont_count_domain_concepts,global_counts,,2.0,False
1nfupj3,train,2,http://wfrp.ia/resource/reddit/post/1nfupj3,ont_total_neutro_mentions,global_counts,,1.0,False
1nfupj3,train,2,http://wfrp.ia/resource/reddit/post/1nfupj3,ont_domain_score,global_counts,,1.5,False
1nfupj3,train,2,http://wfrp.ia/resource/reddit/post/1nfupj3,ont_domain_density,global_counts,,0.012048192771084338,True
1nfsuz4,train,2,http://wfrp.ia/resource/reddit/post/1nfsuz4,ont_Etica_Positivo,ethics,http://wfrp.ia/dominio/ciencia-tecnologia#Etica,1.0,False
1nfsuz4,train,2,http://wfrp.ia/resource/reddit/post/1nfsuz4,ont_has_ontology_elements,global_counts,,1.0,False
1nfsuz4,train,2,http://wfrp.ia/resource/reddit/post/1nfsuz4,ont_count_domain_concepts,global_counts,,1.0,False
1nfsuz4,train,2,http://wfrp.ia/resource/reddit/post/1nfsuz4,ont_total_positivo_mentions,global_counts,,1.0,False
1nfsuz4,train,2,http://wfrp.ia/resource/reddit/post/1nfsuz4,ont_domain_score,global_counts,,1.0,False
1nfsuz4,train,2,http://wfrp.ia/resource/reddit/post/1nfsuz4,ont_domain_density,global_counts,,0.125,True
1nfvc8u,train,2,http://wfrp.ia/resource/reddit/post/1nfvc8u,ont_InteligenciaArtificial_Neutro,ai,http://wfrp.ia/dominio/ciencia-tecnologia#InteligenciaArtificial,1.0,False
1nfvc8u,train,2,http://wfrp.ia/resource/reddit/post/1nfvc8u,ont_has_ontology_elements,global_counts,,1.0,False
1nfvc8u,train,2,http://wfrp.ia/resource/reddit/post/1nfvc8u,ont_count_domain_concepts,global_counts,,1.0,False
1nfvc8u,train,2,http://wfrp.ia/resource/reddit/post/1nfvc8u,ont_total_neutro_mentions,global_counts,,1.0,False
1nfvc8u,train,2,http://wfrp.ia/resource/reddit/post/1nfvc8u,ont_domain_score,global_counts,,1.0,False
1nfvc8u,train,2,http://wfrp.ia/resource/reddit/post/1nfvc8u,ont_domain_density,global_counts,,0.019230769230769232,True
1ngtxyu,train,1,http://wfrp.ia/resource/reddit/post/1ngtxyu,ont_Automatizacion_Neutro,automation,http://wfrp.ia/dominio/ciencia-tecnologia#Automatizacion,2.0,False
1ngtxyu,train,1,http://wfrp.ia/resource/reddit/post/1ngtxyu,ont_has_ontology_elements,global_counts,,1.0,False
1ngtxyu,train,1,http://wfrp.ia/resource/reddit/post/1ngtxyu,ont_count_domain_concepts,global_counts,,1.0,False
1ngtxyu,train,1,http://wfrp.ia/resource/reddit/post/1ngtxyu,ont_total_neutro_mentions,global_counts,,2.0,False
1ngtxyu,train,1,http://wfrp.ia/resource/reddit/post/1ngtxyu,ont_domain_score,global_counts,,1.0,False
1ngtxyu,train,1,http://wfrp.ia/resource/reddit/post/1ngtxyu,ont_domain_density,global_counts,,0.07142857142857142,True
1n4xufl,train,2,http://wfrp.ia/resource/reddit/post/1n4xufl,ont_InteligenciaArtificial_Neutro,ai,http://wfrp.ia/dominio/ciencia-tecnologia#InteligenciaArtificial,1.0,False
1n4xufl,train,2,http://wfrp.ia/resource/reddit/post/1n4xufl,ont_has_ontology_elements,global_counts,,1.0,False
1n4xufl,train,2,http://wfrp.ia/resource/reddit/post/1n4xufl,ont_count_domain_concepts,global_counts,,2.0,False
1n4xufl,train,2,http://wfrp.ia/resource/reddit/post/1n4xufl,ont_total_neutro_mentions,global_counts,,1.0,False
1n4xufl,train,2,http://wfrp.ia/resource/reddit/post/1n4xufl,ont_domain_score,global_counts,,2.0,False
1n4xufl,train,2,http://wfrp.ia/resource/reddit/post/1n4xufl,ont_domain_density,global_counts,,0.012121212121212121,True
1n4u9br,train,2,http://wfrp.ia/resource/reddit/post/1n4u9br,ont_InteligenciaArtificial_Neutro,ai,http://wfrp.ia/dominio/ciencia-tecnologia#InteligenciaArtificial,4.0,False
1n4u9br,train,2,http://wfrp.ia/resource/reddit/post/1n4u9br,ont_has_ontology_elements,global_counts,,1.0,False
1n4u9br,train,2,http://wfrp.ia/resource/reddit/post/1n4u9br,ont_count_domain_concepts,global_counts,,1.0,False
1n4u9br,train,2,http://wfrp.ia/resource/reddit/post/1n4u9br,ont_total_neutro_mentions,global_counts,,4.0,False
1n4u9br,train,2,http://wfrp.ia/resource/reddit/post/1n4u9br,ont_domain_score,global_counts,,4.0,False
1n4u9br,train,2,http://wfrp.ia/resource/reddit/post/1n4u9br,ont_domain_density,global_counts,,0.003816793893129771,True
1n4lfpg,train,0,http://wfrp.ia/resource/reddit/post/1n4lfpg,ont_InteligenciaArtificial_Neutro,ai,http://wfrp.ia/dominio/ciencia-tecnologia#InteligenciaArtificial,1.0,False
1n4lfpg,train,0,http://wfrp.ia/resource/reddit/post/1n4lfpg,ont_has_ontology_elements,global_counts,,1.0,False
1n4lfpg,train,0,http://wfrp.ia/resource/reddit/post/1n4lfpg,ont_count_domain_concepts,global_counts,,1.0,False
1n4lfpg,train,0,http://wfrp.ia/resource/reddit/post/1n4lfpg,ont_total_neutro_mentions,global_counts,,1.0,False
1n4lfpg,train,0,http://wfrp.ia/resource/reddit/post/1n4lfpg,ont_domain_score,global_counts,,1.0,False
1n4lfpg,train,0,http://wfrp.ia/resource/reddit/post/1n4lfpg,ont_domain_density,global_counts,,0.1,True
1n4k5so,train,1,http://wfrp.ia/resource/reddit/post/1n4k5so,ont_Datos_Neutro,data,http://wfrp.ia/dominio/ciencia-tecnologia#Datos,2.0,False
1n4k5so,train,1,http://wfrp.ia/resource/reddit/post/1n4k5so,ont_has_ontology_elements,global_counts,,1.0,False
1n4k5so,train,1,http://wfrp.ia/resource/reddit/post/1n4k5so,ont_count_domain_concepts,global_counts,,2.0,False
1n4k5so,train,1,http://wfrp.ia/resource/reddit/post/1n4k5so,ont_total_neutro_mentions,global_counts,,2.0,False
1n4k5so,train,1,http://wfrp.ia/resource/reddit/post/1n4k5so,ont_domain_score,global_counts,,2.0,False
1n4k5so,train,1,http://wfrp.ia/resource/reddit/post/1n4k5so,ont_domain_density,global_counts,,0.024691358024691357,True
1n43fx3,train,2,http://wfrp.ia/resource/reddit/post/1n43fx3,ont_InteligenciaArtificial_Neutro,ai,http://wfrp.ia/dominio/ciencia-tecnologia#InteligenciaArtificial,2.0,False
1n43fx3,train,2,http://wfrp.ia/resource/reddit/post/1n43fx3,ont_Tecnologia_Positivo,technology,http://wfrp.ia/dominio/ciencia-tecnologia#Tecnologia,2.0,False
1n43fx3,train,2,http://wfrp.ia/resource/reddit/post/1n43fx3,ont_Innovacion_Neutro,innovation,http://wfrp.ia/dominio/ciencia-tecnologia#Innovacion,1.0,True
1n43fx3,train,2,http://wfrp.ia/resource/reddit/post/1n43fx3,ont_has_ontology_elements,global_counts,,1.0,False
1n43fx3,train,2,http://wfrp.ia/resource/reddit/post/1n43fx3,ont_count_domain_concepts,global_counts,,4.0,False
1n43fx3,train,2,http://wfrp.ia/resource/reddit/post/1n43fx3,ont_total_positivo_mentions,global_counts,,2.0,False
1n43fx3,train,2,http://wfrp.ia/resource/reddit/post/1n43fx3,ont_total_neutro_mentions,global_counts,,3.0,False
1n43fx3,train,2,http://wfrp.ia/resource/reddit/post/1n43fx3,ont_domain_score,global_counts,,5.0,False
1n43fx3,train,2,http://wfrp.ia/resource/reddit/post/1n43fx3,ont_domain_density,global_counts,,0.08,True
1n45rlx,train,2,http://wfrp.ia/resource/reddit/post/1n45rlx,ont_Datos_Neutro,data,http://wfrp.ia/dominio/ciencia-tecnologia#Datos,1.0,False
1n45rlx,train,2,http://wfrp.ia/resource/reddit/post/1n45rlx,ont_Robot_Neutro,robot,http://wfrp.ia/dominio/ciencia-tecnologia#Robot,11.0,False
1n45rlx,train,2,http://wfrp.ia/resource/reddit/post/1n45rlx,ont_Automatizacion_Neutro,automation,http://wfrp.ia/dominio/ciencia-tecnologia#Automatizacion,2.0,False
1n45rlx,train,2,http://wfrp.ia/resource/reddit/post/1n45rlx,ont_has_ontology_elements,global_counts,,1.0,False
1n45rlx,train,2,http://wfrp.ia/resource/reddit/post/1n45rlx,ont_count_domain_concepts,global_counts,,4.0,False
1n45rlx,train,2,http://wfrp.ia/resource/reddit/post/1n45rlx,ont_total_neutro_mentions,global_counts,,14.0,False
1n45rlx,train,2,http://wfrp.ia/resource/reddit/post/1n45rlx,ont_domain_score,global_counts,,6.0,False
1n45rlx,train,2,http://wfrp.ia/resource/reddit/post/1n45rlx,ont_domain_density,global_counts,,0.013986013986013986,True
1n7kp63,train,2,http://wfrp.ia/resource/reddit/post/1n7kp63,,,,0.0,False
1n7setu,train,2,http://wfrp.ia/resource/reddit/post/1n7setu,,,,0.0,False
1n7albd,train,1,http://wfrp.ia/resource/reddit/post/1n7albd,ont_InteligenciaArtificial_Neutro,ai,http://wfrp.ia/dominio/ciencia-tecnologia#InteligenciaArtificial,1.0,False
1n7albd,train,1,http://wfrp.ia/resource/reddit/post/1n7albd,ont_has_ontology_elements,global_counts,,1.0,False
1n7albd,train,1,http://wfrp.ia/resource/reddit/post/1n7albd,ont_count_domain_concepts,global_counts,,1.0,False
1n7albd,train,1,http://wfrp.ia/resource/reddit/post/1n7albd,ont_total_neutro_mentions,global_counts,,1.0,False
1n7albd,train,1,http://wfrp.ia/resource/reddit/post/1n7albd,ont_domain_score,global_counts,,1.0,False
1n7albd,train,1,http://wfrp.ia/resource/reddit/post/1n7albd,ont_domain_density,global_counts,,0.09090909090909091,True
1n7bv9o,train,2,http://wfrp.ia/resource/reddit/post/1n7bv9o,,,,0.0,False
1n80bjb,train,2,http://wfrp.ia/resource/reddit/post/1n80bjb,ont_Datos_Neutro,data,http://wfrp.ia/dominio/ciencia-tecnologia#Datos,1.0,False
1n80bjb,train,2,http://wfrp.ia/resource/reddit/post/1n80bjb,ont_has_ontology_elements,global_counts,,1.0,False
1n80bjb,train,2,http://wfrp.ia/resource/reddit/post/1n80bjb,ont_count_domain_concepts,global_counts,,1.0,False
1n80bjb,train,2,http://wfrp.ia/resource/reddit/post/1n80bjb,ont_total_neutro_mentions,global_counts,,1.0,False
1n80bjb,train,2,http://wfrp.ia/resource/reddit/post/1n80bjb,ont_domain_score,global_counts,,1.0,False
1n80bjb,train,2,http://wfrp.ia/resource/reddit/post/1n80bjb,ont_domain_density,global_counts,,0.1,True
1n8ltt3,train,2,http://wfrp.ia/resource/reddit/post/1n8ltt3,ont_Tecnologia_Neutro,technology,http://wfrp.ia/dominio/ciencia-tecnologia#Tecnologia,1.0,True
1n8ltt3,train,2,http://wfrp.ia/resource/reddit/post/1n8ltt3,ont_has_ontology_elements,global_counts,,1.0,False
1n8ltt3,train,2,http://wfrp.ia/resource/reddit/post/1n8ltt3,ont_count_domain_concepts,global_counts,,1.0,False
1n8ltt3,train,2,http://wfrp.ia/resource/reddit/post/1n8ltt3,ont_total_neutro_mentions,global_counts,,1.0,False
1n8ltt3,train,2,http://wfrp.ia/resource/reddit/post/1n8ltt3,ont_domain_score,global_counts,,1.0,False
1n8ltt3,train,2,http://wfrp.ia/resource/reddit/post/1n8ltt3,ont_domain_density,global_counts,,0.07692307692307693,True
1n8gcjj,train,2,http://wfrp.ia/resource/reddit/post/1n8gcjj,ont_Tecnologia_Neutro,technology,http://wfrp.ia/dominio/ciencia-tecnologia#Tecnologia,1.0,True
1n8gcjj,train,2,http://wfrp.ia/resource/reddit/post/1n8gcjj,ont_has_ontology_elements,global_counts,,1.0,False
1n8gcjj,train,2,http://wfrp.ia/resource/reddit/post/1n8gcjj,ont_count_domain_concepts,global_counts,,1.0,False
1n8gcjj,train,2,http://wfrp.ia/resource/reddit/post/1n8gcjj,ont_total_neutro_mentions,global_counts,,1.0,False
1n8gcjj,train,2,http://wfrp.ia/resource/reddit/post/1n8gcjj,ont_domain_score,global_counts,,1.0,False
1n8gcjj,train,2,http://wfrp.ia/resource/reddit/post/1n8gcjj,ont_domain_density,global_counts,,0.06666666666666667,True
1n8te3e,train,2,http://wfrp.ia/resource/reddit/post/1n8te3e,ont_Datos_Neutro,data,http://wfrp.ia/dominio/ciencia-tecnologia#Datos,1.0,False
1n8te3e,train,2,http://wfrp.ia/resource/reddit/post/1n8te3e,ont_has_ontology_elements,global_counts,,1.0,False
1n8te3e,train,2,http://wfrp.ia/resource/reddit/post/1n8te3e,ont_count_domain_concepts,global_counts,,1.0,False
1n8te3e,train,2,http://wfrp.ia/resource/reddit/post/1n8te3e,ont_total_neutro_mentions,global_counts,,1.0,False
1n8te3e,train,2,http://wfrp.ia/resource/reddit/post/1n8te3e,ont_domain_score,global_counts,,1.0,False
1n8te3e,train,2,http://wfrp.ia/resource/reddit/post/1n8te3e,ont_domain_density,global_counts,,0.1,True
1n99eh8,train,1,http://wfrp.ia/resource/reddit/post/1n99eh8,,,,0.0,False
1n8zlpl,train,2,http://wfrp.ia/resource/reddit/post/1n8zlpl,ont_Tecnologia_Neutro,technology,http://wfrp.ia/dominio/ciencia-tecnologia#Tecnologia,1.0,True
1n8zlpl,train,2,http://wfrp.ia/resource/reddit/post/1n8zlpl,ont_has_ontology_elements,global_counts,,1.0,False
1n8zlpl,train,2,http://wfrp.ia/resource/reddit/post/1n8zlpl,ont_count_domain_concepts,global_counts,,1.0,False
1n8zlpl,train,2,http://wfrp.ia/resource/reddit/post/1n8zlpl,ont_total_neutro_mentions,global_counts,,1.0,False
1n8zlpl,train,2,http://wfrp.ia/resource/reddit/post/1n8zlpl,ont_domain_score,global_counts,,1.0,False
1n8zlpl,train,2,http://wfrp.ia/resource/reddit/post/1n8zlpl,ont_domain_density,global_counts,,0.08333333333333333,True
1n92hin,train,0,http://wfrp.ia/resource/reddit/post/1n92hin,ont_Tecnologia_Neutro,technology,http://wfrp.ia/dominio/ciencia-tecnologia#Tecnologia,1.0,True
1n92hin,train,0,http://wfrp.ia/resource/reddit/post/1n92hin,ont_has_ontology_elements,global_counts,,1.0,False
1n92hin,train,0,http://wfrp.ia/resource/reddit/post/1n92hin,ont_count_domain_concepts,global_counts,,1.0,False
1n92hin,train,0,http://wfrp.ia/resource/reddit/post/1n92hin,ont_total_neutro_mentions,global_counts,,1.0,False
1n92hin,train,0,http://wfrp.ia/resource/reddit/post/1n92hin,ont_domain_score,global_counts,,1.0,False
1n92hin,train,0,http://wfrp.ia/resource/reddit/post/1n92hin,ont_domain_density,global_counts,,0.08333333333333333,True
1n9f01t,train,2,http://wfrp.ia/resource/reddit/post/1n9f01t,ont_Tecnologia_Neutro,technology,http://wfrp.ia/dominio/ciencia-tecnologia#Tecnologia,1.0,True
1n9f01t,train,2,http://wfrp.ia/resource/reddit/post/1n9f01t,ont_has_ontology_elements,global_counts,,1.0,False
1n9f01t,train,2,http://wfrp.ia/resource/reddit/post/1n9f01t,ont_count_domain_concepts,global_counts,,1.0,False
1n9f01t,train,2,http://wfrp.ia/resource/reddit/post/1n9f01t,ont_total_neutro_mentions,global_counts,,1.0,False
1n9f01t,train,2,http://wfrp.ia/resource/reddit/post/1n9f01t,ont_domain_score,global_counts,,1.0,False
1n9f01t,train,2,http://wfrp.ia/resource/reddit/post/1n9f01t,ont_domain_density,global_counts,,0.045454545454545456,True
1n96uy1,train,1,http://wfrp.ia/resource/reddit/post/1n96uy1,ont_Datos_Neutro,data,http://wfrp.ia/dominio/ciencia-tecnologia#Datos,1.0,False
1n96uy1,train,1,http://wfrp.ia/resource/reddit/post/1n96uy1,ont_has_ontology_elements,global_counts,,1.0,False
1n96uy1,train,1,http://wfrp.ia/resource/reddit/post/1n96uy1,ont_count_domain_concepts,global_counts,,1.0,False
1n96uy1,train,1,http://wfrp.ia/resource/reddit/post/1n96uy1,ont_total_neutro_mentions,global_counts,,1.0,False
1n96uy1,train,1,http://wfrp.ia/resource/reddit/post/1n96uy1,ont_domain_score,global_counts,,1.0,False
1n96uy1,train,1,http://wfrp.ia/resource/reddit/post/1n96uy1,ont_domain_density,global_counts,,0.07142857142857142,True
1n9jhvz,train,2,http://wfrp.ia/resource/reddit/post/1n9jhvz,ont_Datos_Neutro,data,http://wfrp.ia/dominio/ciencia-tecnologia#Datos,1.0,False
1n9jhvz,train,2,http://wfrp.ia/resource/reddit/post/1n9jhvz,ont_has_ontology_elements,global_counts,,1.0,False
1n9jhvz,train,2,http://wfrp.ia/resource/reddit/post/1n9jhvz,ont_count_domain_concepts,global_counts,,1.0,False
1n9jhvz,train,2,http://wfrp.ia/resource/reddit/post/1n9jhvz,ont_total_neutro_mentions,global_counts,,1.0,False
1n9jhvz,train,2,http://wfrp.ia/resource/reddit/post/1n9jhvz,ont_domain_score,global_counts,,1.0,False
1n9jhvz,train,2,http://wfrp.ia/resource/reddit/post/1n9jhvz,ont_domain_density,global_counts,,0.09090909090909091,True
1n6yi5h,train,1,http://wfrp.ia/resource/reddit/post/1n6yi5h,ont_InteligenciaArtificial_Negativo,ai,http://wfrp.ia/dominio/ciencia-tecnologia#InteligenciaArtificial,1.0,True
1n6yi5h,train,1,http://wfrp.ia/resource/reddit/post/1n6yi5h,ont_has_ontology_elements,global_counts,,1.0,False
1n6yi5h,train,1,http://wfrp.ia/resource/reddit/post/1n6yi5h,ont_count_domain_concepts,global_counts,,1.0,False
1n6yi5h,train,1,http://wfrp.ia/resource/reddit/post/1n6yi5h,ont_total_negativo_mentions,global_counts,,1.0,True
1n6yi5h,train,1,http://wfrp.ia/resource/reddit/post/1n6yi5h,ont_domain_score,global_counts,,1.0,False
1n6yi5h,train,1,http://wfrp.ia/resource/reddit/post/1n6yi5h,ont_domain_density,global_counts,,0.09090909090909091,True
1n6vkun,train,2,http://wfrp.ia/resource/reddit/post/1n6vkun,ont_Futuro_Neutro,future,http://wfrp.ia/dominio/ciencia-tecnologia#Futuro,1.0,False
1n6vkun,train,2,http://wfrp.ia/resource/reddit/post/1n6vkun,ont_has_ontology_elements,global_counts,,1.0,False
1n6vkun,train,2,http://wfrp.ia/resource/reddit/post/1n6vkun,ont_count_domain_concepts,global_counts,,1.0,False
1n6vkun,train,2,http://wfrp.ia/resource/reddit/post/1n6vkun,ont_total_neutro_mentions,global_counts,,1.0,False
1n6vkun,train,2,http://wfrp.ia/resource/reddit/post/1n6vkun,ont_domain_score,global_counts,,1.0,False
1n6vkun,train,2,http://wfrp.ia/resource/reddit/post/1n6vkun,ont_domain_density,global_counts,,0.09090909090909091,True
1n6ft9j,train,2,http://wfrp.ia/resource/reddit/post/1n6ft9j,ont_Tecnologia_Neutro,technology,http://wfrp.ia/dominio/ciencia-tecnologia#Tecnologia,1.0,True
1n6ft9j,train,2,http://wfrp.ia/resource/reddit/post/1n6ft9j,ont_has_ontology_elements,global_counts,,1.0,False
1n6ft9j,train,2,http://wfrp.ia/resource/reddit/post/1n6ft9j,ont_count_domain_concepts,global_counts,,1.0,False
1n6ft9j,train,2,http://wfrp.ia/resource/reddit/post/1n6ft9j,ont_total_neutro_mentions,global_counts,,1.0,False
1n6ft9j,train,2,http://wfrp.ia/resource/reddit/post/1n6ft9j,ont_domain_score,global_counts,,1.0,False
1n6ft9j,train,2,http://wfrp.ia/resource/reddit/post/1n6ft9j,ont_domain_density,global_counts,,0.08333333333333333,True
1ne3pzz,train,2,http://wfrp.ia/resource/reddit/post/1ne3pzz,ont_Tecnologia_Neutro,technology,http://wfrp.ia/dominio/ciencia-tecnologia#Tecnologia,1.0,True
1ne3pzz,train,2,http://wfrp.ia/resource/reddit/post/1ne3pzz,ont_has_ontology_elements,global_counts,,1.0,False
1ne3pzz,train,2,http://wfrp.ia/resource/reddit/post/1ne3pzz,ont_count_domain_concepts,global_counts,,1.0,False
1ne3pzz,train,2,http://wfrp.ia/resource/reddit/post/1ne3pzz,ont_total_neutro_mentions,global_counts,,1.0,False
1ne3pzz,train,2,http://wfrp.ia/resource/reddit/post/1ne3pzz,ont_domain_score,global_counts,,1.0,False
1ne3pzz,train,2,http://wfrp.ia/resource/reddit/post/1ne3pzz,ont_domain_density,global_counts,,0.08333333333333333,True
1ne4lus,train,0,http://wfrp.ia/resource/reddit/post/1ne4lus,ont_InteligenciaArtificial_Positivo,ai,http://wfrp.ia/dominio/ciencia-tecnologia#InteligenciaArtificial,1.0,False
1ne4lus,train,0,http://wfrp.ia/resource/reddit/post/1ne4lus,ont_InteligenciaArtificial_Negativo,ai,http://wfrp.ia/dominio/ciencia-tecnologia#InteligenciaArtificial,1.0,True
1ne4lus,train,0,http://wfrp.ia/resource/reddit/post/1ne4lus,ont_InteligenciaArtificial_Neutro,ai,http://wfrp.ia/dominio/ciencia-tecnologia#InteligenciaArtificial,1.0,False
1ne4lus,train,0,http://wfrp.ia/resource/reddit/post/1ne4lus,ont_Tecnologia_Neutro,technology,http://wfrp.ia/dominio/ciencia-tecnologia#Tecnologia,1.0,True
1ne4lus,train,0,http://wfrp.ia/resource/reddit/post/1ne4lus,ont_has_ontology_elements,global_counts,,1.0,False
1ne4lus,train,0,http://wfrp.ia/resource/reddit/post/1ne4lus,ont_count_domain_concepts,global_counts,,2.0,False
1ne4lus,train,0,http://wfrp.ia/resource/reddit/post/1ne4lus,ont_total_positivo_mentions,global_counts,,1.0,False
1ne4lus,train,0,http://wfrp.ia/resource/reddit/post/1ne4lus,ont_total_negativo_mentions,global_counts,,1.0,True
1ne4lus,train,0,http://wfrp.ia/resource/reddit/post/1ne4lus,ont_total_neutro_mentions,global_counts,,2.0,False
1ne4lus,train,0,http://wfrp.ia/resource/reddit/post/1ne4lus,ont_domain_score,global_counts,,4.0,False
1ne4lus,train,0,http://wfrp.ia/resource/reddit/post/1ne4lus,ont_domain_density,global_counts,,0.08333333333333333,True
1neqnbd,train,1,http://wfrp.ia/resource/reddit/post/1neqnbd,,,,0.0,False
1nee6v5,train,0,http://wfrp.ia/resource/reddit/post/1nee6v5,,,,0.0,False
1nea3yj,train,2,http://wfrp.ia/resource/reddit/post/1nea3yj,ont_Datos_Neutro,data,http://wfrp.ia/dominio/ciencia-tecnologia#Datos,1.0,False
1nea3yj,train,2,http://wfrp.ia/resource/reddit/post/1nea3yj,ont_has_ontology_elements,global_counts,,1.0,False
1nea3yj,train,2,http://wfrp.ia/resource/reddit/post/1nea3yj,ont_count_domain_concepts,global_counts,,2.0,False
1nea3yj,train,2,http://wfrp.ia/resource/reddit/post/1nea3yj,ont_total_neutro_mentions,global_counts,,1.0,False
1nea3yj,train,2,http://wfrp.ia/resource/reddit/post/1nea3yj,ont_domain_score,global_counts,,2.0,False
1nea3yj,train,2,http://wfrp.ia/resource/reddit/post/1nea3yj,ont_domain_density,global_counts,,0.06451612903225806,True
1nik9nd,train,2,http://wfrp.ia/resource/reddit/post/1nik9nd,ont_InteligenciaArtificial_Neutro,ai,http://wfrp.ia/dominio/ciencia-tecnologia#InteligenciaArtificial,1.0,False
1nik9nd,train,2,http://wfrp.ia/resource/reddit/post/1nik9nd,ont_has_ontology_elements,global_counts,,1.0,False
1nik9nd,train,2,http://wfrp.ia/resource/reddit/post/1nik9nd,ont_count_domain_concepts,global_counts,,1.0,False
1nik9nd,train,2,http://wfrp.ia/resource/reddit/post/1nik9nd,ont_total_neutro_mentions,global_counts,,1.0,False
1nik9nd,train,2,http://wfrp.ia/resource/reddit/post/1nik9nd,ont_domain_score,global_counts,,1.0,False
1nik9nd,train,2,http://wfrp.ia/resource/reddit/post/1nik9nd,ont_domain_density,global_counts,,0.038461538461538464,True
1nigcuf,train,2,http://wfrp.ia/resource/reddit/post/1nigcuf,ont_has_ontology_elements,global_counts,,1.0,False
1njbdfb,train,1,http://wfrp.ia/resource/reddit/post/1njbdfb,ont_Datos_Neutro,data,http://wfrp.ia/dominio/ciencia-tecnologia#Datos,1.0,False
1njbdfb,train,1,http://wfrp.ia/resource/reddit/post/1njbdfb,ont_has_ontology_elements,global_counts,,1.0,False
1njbdfb,train,1,http://wfrp.ia/resource/reddit/post/1njbdfb,ont_count_domain_concepts,global_counts,,1.0,False
1njbdfb,train,1,http://wfrp.ia/resource/reddit/post/1njbdfb,ont_total_neutro_mentions,global_counts,,1.0,False
1njbdfb,train,1,http://wfrp.ia/resource/reddit/post/1njbdfb,ont_domain_score,global_counts,,1.0,False
1njbdfb,train,1,http://wfrp.ia/resource/reddit/post/1njbdfb,ont_domain_density,global_counts,,0.02127659574468085,True
1ndlcnf,train,2,http://wfrp.ia/resource/reddit/post/1ndlcnf,ont_Datos_Neutro,data,http://wfrp.ia/dominio/ciencia-tecnologia#Datos,1.0,False
1ndlcnf,train,2,http://wfrp.ia/resource/reddit/post/1ndlcnf,ont_has_ontology_elements,global_counts,,1.0,False
1ndlcnf,train,2,http://wfrp.ia/resource/reddit/post/1ndlcnf,ont_count_domain_concepts,global_counts,,1.0,False
1ndlcnf,train,2,http://wfrp.ia/resource/reddit/post/1ndlcnf,ont_total_neutro_mentions,global_counts,,1.0,False
1ndlcnf,train,2,http://wfrp.ia/resource/reddit/post/1ndlcnf,ont_domain_score,global_counts,,1.0,False
1ndlcnf,train,2,http://wfrp.ia/resource/reddit/post/1ndlcnf,ont_domain_density,global_counts,,0.058823529411764705,True
1ndgxfa,train,1,http://wfrp.ia/resource/reddit/post/1ndgxfa,ont_Datos_Neutro,data,http://wfrp.ia/dominio/ciencia-tecnologia#Datos,1.0,False
1ndgxfa,train,1,http://wfrp.ia/resource/reddit/post/1ndgxfa,ont_has_ontology_elements,global_counts,,1.0,False
1ndgxfa,train,1,http://wfrp.ia/resource/reddit/post/1ndgxfa,ont_count_domain_concepts,global_counts,,1.0,False
1ndgxfa,train,1,http://wfrp.ia/resource/reddit/post/1ndgxfa,ont_total_neutro_mentions,global_counts,,1.0,False
1ndgxfa,train,1,http://wfrp.ia/resource/reddit/post/1ndgxfa,ont_domain_score,global_counts,,1.0,False
1ndgxfa,train,1,http://wfrp.ia/resource/reddit/post/1ndgxfa,ont_domain_density,global_counts,,0.1,True
1ncpy89,train,2,http://wfrp.ia/resource/reddit/post/1ncpy89,ont_Datos_Positivo,data,http://wfrp.ia/dominio/ciencia-tecnologia#Datos,1.0,False
1ncpy89,train,2,http://wfrp.ia/resource/reddit/post/1ncpy89,ont_has_ontology_elements,global_counts,,1.0,False
1ncpy89,train,2,http://wfrp.ia/resource/reddit/post/1ncpy89,ont_count_domain_concepts,global_counts,,1.0,False
1ncpy89,train,2,http://wfrp.ia/resource/reddit/post/1ncpy89,ont_total_positivo_mentions,global_counts,,1.0,False
1ncpy89,train,2,http://wfrp.ia/resource/reddit/post/1ncpy89,ont_domain_score,global_counts,,1.0,False
1ncpy89,train,2,http://wfrp.ia/resource/reddit/post/1ncpy89,ont_domain_density,global_counts,,0.09090909090909091,True
1ncyepz,train,2,http://wfrp.ia/resource/reddit/post/1ncyepz,ont_Datos_Neutro,data,http://wfrp.ia/dominio/ciencia-tecnologia#Datos,1.0,False
1ncyepz,train,2,http://wfrp.ia/resource/reddit/post/1ncyepz,ont_has_ontology_elements,global_counts,,1.0,False
1ncyepz,train,2,http://wfrp.ia/resource/reddit/post/1ncyepz,ont_count_domain_concepts,global_counts,,1.0,False
1ncyepz,train,2,http://wfrp.ia/resource/reddit/post/1ncyepz,ont_total_neutro_mentions,global_counts,,1.0,False
1ncyepz,train,2,http://wfrp.ia/resource/reddit/post/1ncyepz,ont_domain_score,global_counts,,1.0,False
1ncyepz,train,2,http://wfrp.ia/resource/reddit/post/1ncyepz,ont_domain_density,global_counts,,0.07142857142857142,True
1ncp25f,train,2,http://wfrp.ia/resource/reddit/post/1ncp25f,ont_Datos_Neutro,data,http://wfrp.ia/dominio/ciencia-tecnologia#Datos,1.0,False
1ncp25f,train,2,http://wfrp.ia/resource/reddit/post/1ncp25f,ont_has_ontology_elements,global_counts,,1.0,False
1ncp25f,train,2,http://wfrp.ia/resource/reddit/post/1ncp25f,ont_count_domain_concepts,global_counts,,1.0,False
1ncp25f,train,2,http://wfrp.ia/resource/reddit/post/1ncp25f,ont_total_neutro_mentions,global_counts,,1.0,False
1ncp25f,train,2,http://wfrp.ia/resource/reddit/post/1ncp25f,ont_domain_score,global_counts,,1.0,False
1ncp25f,train,2,http://wfrp.ia/resource/reddit/post/1ncp25f,ont_domain_density,global_counts,,0.09090909090909091,True
1ncvrr2,train,2,http://wfrp.ia/resource/reddit/post/1ncvrr2,ont_has_ontology_elements,global_counts,,1.0,False
1nc1d99,train,2,http://wfrp.ia/resource/reddit/post/1nc1d99,ont_Etica_Neutro,ethics,http://wfrp.ia/dominio/ciencia-tecnologia#Etica,1.0,False
1nc1d99,train,2,http://wfrp.ia/resource/reddit/post/1nc1d99,ont_has_ontology_elements,global_counts,,1.0,False
1nc1d99,train,2,http://wfrp.ia/resource/reddit/post/1nc1d99,ont_count_domain_concepts,global_counts,,1.0,False
1nc1d99,train,2,http://wfrp.ia/resource/reddit/post/1nc1d99,ont_total_neutro_mentions,global_counts,,1.0,False
1nc1d99,train,2,http://wfrp.ia/resource/reddit/post/1nc1d99,ont_domain_score,global_counts,,1.0,False
1nc1d99,train,2,http://wfrp.ia/resource/reddit/post/1nc1d99,ont_domain_density,global_counts,,0.05555555555555555,True
1nbto59,train,2,http://wfrp.ia/resource/reddit/post/1nbto59,ont_Tecnologia_Neutro,technology,http://wfrp.ia/dominio/ciencia-tecnologia#Tecnologia,1.0,True
1nbto59,train,2,http://wfrp.ia/resource/reddit/post/1nbto59,ont_has_ontology_elements,global_counts,,1.0,False
1nbto59,train,2,http://wfrp.ia/resource/reddit/post/1nbto59,ont_count_domain_concepts,global_counts,,1.0,False
1nbto59,train,2,http://wfrp.ia/resource/reddit/post/1nbto59,ont_total_neutro_mentions,global_counts,,1.0,False
1nbto59,train,2,http://wfrp.ia/resource/reddit/post/1nbto59,ont_domain_score,global_counts,,1.0,False
1nbto59,train,2,http://wfrp.ia/resource/reddit/post/1nbto59,ont_domain_density,global_counts,,0.07692307692307693,True
1n5yap8,train,2,http://wfrp.ia/resource/reddit/post/1n5yap8,ont_Tecnologia_Neutro,technology,http://wfrp.ia/dominio/ciencia-tecnologia#Tecnologia,1.0,True
1n5yap8,train,2,http://wfrp.ia/resource/reddit/post/1n5yap8,ont_has_ontology_elements,global_counts,,1.0,False
1n5yap8,train,2,http://wfrp.ia/resource/reddit/post/1n5yap8,ont_count_domain_concepts,global_counts,,1.0,False
1n5yap8,train,2,http://wfrp.ia/resource/reddit/post/1n5yap8,ont_total_neutro_mentions,global_counts,,1.0,False
1n5yap8,train,2,http://wfrp.ia/resource/reddit/post/1n5yap8,ont_domain_score,global_counts,,1.0,False
1n5yap8,train,2,http://wfrp.ia/resource/reddit/post/1n5yap8,ont_domain_density,global_counts,,0.043478260869565216,True
1nhtatt,train,1,http://wfrp.ia/resource/reddit/post/1nhtatt,ont_InteligenciaArtificial_Neutro,ai,http://wfrp.ia/dominio/ciencia-tecnologia#InteligenciaArtificial,1.0,False
1nhtatt,train,1,http://wfrp.ia/resource/reddit/post/1nhtatt,ont_Robot_Neutro,robot,http://wfrp.ia/dominio/ciencia-tecnologia#Robot,1.0,False
1nhtatt,train,1,http://wfrp.ia/resource/reddit/post/1nhtatt,ont_has_ontology_elements,global_counts,,1.0,False
1nhtatt,train,1,http://wfrp.ia/resource/reddit/post/1nhtatt,ont_count_domain_concepts,global_counts,,2.0,False
1nhtatt,train,1,http://wfrp.ia/resource/reddit/post/1nhtatt,ont_total_neutro_mentions,global_counts,,2.0,False
1nhtatt,train,1,http://wfrp.ia/resource/reddit/post/1nhtatt,ont_domain_score,global_counts,,2.0,False
1nhtatt,train,1,http://wfrp.ia/resource/reddit/post/1nhtatt,ont_domain_density,global_counts,,0.2,True
1nhzemi,train,1,http://wfrp.ia/resource/reddit/post/1nhzemi,ont_InteligenciaArtificial_Neutro,ai,http://wfrp.ia/dominio/ciencia-tecnologia#InteligenciaArtificial,1.0,False
1nhzemi,train,1,http://wfrp.ia/resource/reddit/post/1nhzemi,ont_Tecnologia_Neutro,technology,http://wfrp.ia/dominio/ciencia-tecnologia#Tecnologia,1.0,True
1nhzemi,train,1,http://wfrp.ia/resource/reddit/post/1nhzemi,ont_has_ontology_elements,global_counts,,1.0,False
1nhzemi,train,1,http://wfrp.ia/resource/reddit/post/1nhzemi,ont_count_domain_concepts,global_counts,,3.0,False
1nhzemi,train,1,http://wfrp.ia/resource/reddit/post/1nhzemi,ont_total_neutro_mentions,global_counts,,2.0,False
1nhzemi,train,1,http://wfrp.ia/resource/reddit/post/1nhzemi,ont_domain_score,global_counts,,3.0,False
1nhzemi,train,1,http://wfrp.ia/resource/reddit/post/1nhzemi,ont_domain_density,global_counts,,0.3,True
1nhdvz5,train,2,http://wfrp.ia/resource/reddit/post/1nhdvz5,ont_Datos_Neutro,data,http://wfrp.ia/dominio/ciencia-tecnologia#Datos,1.0,False
1nhdvz5,train,2,http://wfrp.ia/resource/reddit/post/1nhdvz5,ont_has_ontology_elements,global_counts,,1.0,False
1nhdvz5,train,2,http://wfrp.ia/resource/reddit/post/1nhdvz5,ont_count_domain_concepts,global_counts,,1.0,False
1nhdvz5,train,2,http://wfrp.ia/resource/reddit/post/1nhdvz5,ont_total_neutro_mentions,global_counts,,1.0,False
1nhdvz5,train,2,http://wfrp.ia/resource/reddit/post/1nhdvz5,ont_domain_score,global_counts,,1.0,False
1nhdvz5,train,2,http://wfrp.ia/resource/reddit/post/1nhdvz5,ont_domain_density,global_counts,,0.09090909090909091,True
1nhm82w,train,1,http://wfrp.ia/resource/reddit/post/1nhm82w,ont_Futuro_Neutro,future,http://wfrp.ia/dominio/ciencia-tecnologia#Futuro,1.0,False
1nhm82w,train,1,http://wfrp.ia/resource/reddit/post/1nhm82w,ont_has_ontology_elements,global_counts,,1.0,False
1nhm82w,train,1,http://wfrp.ia/resource/reddit/post/1nhm82w,ont_count_domain_concepts,global_counts,,1.0,False
1nhm82w,train,1,http://wfrp.ia/resource/reddit/post/1nhm82w,ont_total_neutro_mentions,global_counts,,1.0,False
1nhm82w,train,1,http://wfrp.ia/resource/reddit/post/1nhm82w,ont_domain_score,global_counts,,1.0,False
1nhm82w,train,1,http://wfrp.ia/resource/reddit/post/1nhm82w,ont_domain_density,global_counts,,0.06666666666666667,True
1nhol85,train,2,http://wfrp.ia/resource/reddit/post/1nhol85,ont_InteligenciaArtificial_Neutro,ai,http://wfrp.ia/dominio/ciencia-tecnologia#InteligenciaArtificial,1.0,False
1nhol85,train,2,http://wfrp.ia/resource/reddit/post/1nhol85,ont_has_ontology_elements,global_counts,,1.0,False
1nhol85,train,2,http://wfrp.ia/resource/reddit/post/1nhol85,ont_count_domain_concepts,global_counts,,1.0,False
1nhol85,train,2,http://wfrp.ia/resource/reddit/post/1nhol85,ont_total_neutro_mentions,global_counts,,1.0,False
1nhol85,train,2,http://wfrp.ia/resource/reddit/post/1nhol85,ont_domain_score,global_counts,,1.0,False
1nhol85,train,2,http://wfrp.ia/resource/reddit/post/1nhol85,ont_domain_density,global_counts,,0.1111111111111111,True
1nf431y,train,2,http://wfrp.ia/resource/reddit/post/1nf431y,ont_Datos_Neutro,data,http://wfrp.ia/dominio/ciencia-tecnologia#Datos,1.0,False
1nf431y,train,2,http://wfrp.ia/resource/reddit/post/1nf431y,ont_has_ontology_elements,global_counts,,1.0,False
1nf431y,train,2,http://wfrp.ia/resource/reddit/post/1nf431y,ont_count_domain_concepts,global_counts,,1.0,False
1nf431y,train,2,http://wfrp.ia/resource/reddit/post/1nf431y,ont_total_neutro_mentions,global_counts,,1.0,False
1nf431y,train,2,http://wfrp.ia/resource/reddit/post/1nf431y,ont_domain_score,global_counts,,1.0,False
1nf431y,train,2,http://wfrp.ia/resource/reddit/post/1nf431y,ont_domain_density,global_counts,,0.07692307692307693,True
1nfcqkq,train,2,http://wfrp.ia/resource/reddit/post/1nfcqkq,ont_Datos_Neutro,data,http://wfrp.ia/dominio/ciencia-tecnologia#Datos,1.0,False
1nfcqkq,train,2,http://wfrp.ia/resource/reddit/post/1nfcqkq,ont_has_ontology_elements,global_counts,,1.0,False
1nfcqkq,train,2,http://wfrp.ia/resource/reddit/post/1nfcqkq,ont_count_domain_concepts,global_counts,,1.0,False
1nfcqkq,train,2,http://wfrp.ia/resource/reddit/post/1nfcqkq,ont_total_neutro_mentions,global_counts,,1.0,False
1nfcqkq,train,2,http://wfrp.ia/resource/reddit/post/1nfcqkq,ont_domain_score,global_counts,,1.0,False
1nfcqkq,train,2,http://wfrp.ia/resource/reddit/post/1nfcqkq,ont_domain_density,global_counts,,0.125,True
1nfdrer,train,2,http://wfrp.ia/resource/reddit/post/1nfdrer,ont_Tecnologia_Neutro,technology,http://wfrp.ia/dominio/ciencia-tecnologia#Tecnologia,1.0,True
1nfdrer,train,2,http://wfrp.ia/resource/reddit/post/1nfdrer,ont_has_ontology_elements,global_counts,,1.0,False
1nfdrer,train,2,http://wfrp.ia/resource/reddit/post/1nfdrer,ont_count_domain_concepts,global_counts,,1.0,False
1nfdrer,train,2,http://wfrp.ia/resource/reddit/post/1nfdrer,ont_total_neutro_mentions,global_counts,,1.0,False
1nfdrer,train,2,http://wfrp.ia/resource/reddit/post/1nfdrer,ont_domain_score,global_counts,,1.0,False
1nfdrer,train,2,http://wfrp.ia/resource/reddit/post/1nfdrer,ont_domain_density,global_counts,,0.07692307692307693,True
1nf36mt,train,1,http://wfrp.ia/resource/reddit/post/1nf36mt,,,,0.0,False
1nfg3lo,train,2,http://wfrp.ia/resource/reddit/post/1nfg3lo,ont_has_ontology_elements,global_counts,,1.0,False
1nfupiv,train,1,http://wfrp.ia/resource/reddit/post/1nfupiv,ont_Datos_Neutro,data,http://wfrp.ia/dominio/ciencia-tecnologia#Datos,1.0,False
1nfupiv,train,1,http://wfrp.ia/resource/reddit/post/1nfupiv,ont_has_ontology_elements,global_counts,,1.0,False
1nfupiv,train,1,http://wfrp.ia/resource/reddit/post/1nfupiv,ont_count_domain_concepts,global_counts,,1.0,False
1nfupiv,train,1,http://wfrp.ia/resource/reddit/post/1nfupiv,ont_total_neutro_mentions,global_counts,,1.0,False
1nfupiv,train,1,http://wfrp.ia/resource/reddit/post/1nfupiv,ont_domain_score,global_counts,,1.0,False
1nfupiv,train,1,http://wfrp.ia/resource/reddit/post/1nfupiv,ont_domain_density,global_counts,,0.09090909090909091,True
1ngmcyu,train,0,http://wfrp.ia/resource/reddit/post/1ngmcyu,ont_InteligenciaArtificial_Neutro,ai,http://wfrp.ia/dominio/ciencia-tecnologia#InteligenciaArtificial,1.0,False
1ngmcyu,train,0,http://wfrp.ia/resource/reddit/post/1ngmcyu,ont_has_ontology_elements,global_counts,,1.0,False
1ngmcyu,train,0,http://wfrp.ia/resource/reddit/post/1ngmcyu,ont_count_domain_concepts,global_counts,,1.0,False
1ngmcyu,train,0,http://wfrp.ia/resource/reddit/post/1ngmcyu,ont_total_neutro_mentions,global_counts,,1.0,False
1ngmcyu,train,0,http://wfrp.ia/resource/reddit/post/1ngmcyu,ont_domain_score,global_counts,,1.0,False
1ngmcyu,train,0,http://wfrp.ia/resource/reddit/post/1ngmcyu,ont_domain_density,global_counts,,0.0625,True
1n4x1nn,train,1,http://wfrp.ia/resource/reddit/post/1n4x1nn,ont_Futuro_Neutro,future,http://wfrp.ia/dominio/ciencia-tecnologia#Futuro,1.0,False
1n4x1nn,train,1,http://wfrp.ia/resource/reddit/post/1n4x1nn,ont_has_ontology_elements,global_counts,,1.0,False
1n4x1nn,train,1,http://wfrp.ia/resource/reddit/post/1n4x1nn,ont_count_domain_concepts,global_counts,,1.0,False
1n4x1nn,train,1,http://wfrp.ia/resource/reddit/post/1n4x1nn,ont_total_neutro_mentions,global_counts,,1.0,False
1n4x1nn,train,1,http://wfrp.ia/resource/reddit/post/1n4x1nn,ont_domain_score,global_counts,,1.0,False
1n4x1nn,train,1,http://wfrp.ia/resource/reddit/post/1n4x1nn,ont_domain_density,global_counts,,0.07142857142857142,True
1n4u384,train,1,http://wfrp.ia/resource/reddit/post/1n4u384,ont_InteligenciaArtificial_Negativo,ai,http://wfrp.ia/dominio/ciencia-tecnologia#InteligenciaArtificial,1.0,True
1n4u384,train,1,http://wfrp.ia/resource/reddit/post/1n4u384,ont_has_ontology_elements,global_counts,,1.0,False
1n4u384,train,1,http://wfrp.ia/resource/reddit/post/1n4u384,ont_count_domain_concepts,global_counts,,1.0,False
1n4u384,train,1,http://wfrp.ia/resource/reddit/post/1n4u384,ont_total_negativo_mentions,global_counts,,1.0,True
1n4u384,train,1,http://wfrp.ia/resource/reddit/post/1n4u384,ont_domain_score,global_counts,,1.0,False
1n4u384,train,1,http://wfrp.ia/resource/reddit/post/1n4u384,ont_domain_density,global_counts,,0.125,True
1n43wuz,train,2,http://wfrp.ia/resource/reddit/post/1n43wuz,,,,0.0,False
1n47r71,train,1,http://wfrp.ia/resource/reddit/post/1n47r71,ont_Datos_Neutro,data,http://wfrp.ia/dominio/ciencia-tecnologia#Datos,1.0,False
1n47r71,train,1,http://wfrp.ia/resource/reddit/post/1n47r71,ont_has_ontology_elements,global_counts,,1.0,False
1n47r71,train,1,http://wfrp.ia/resource/reddit/post/1n47r71,ont_count_domain_concepts,global_counts,,1.0,False
1n47r71,train,1,http://wfrp.ia/resource/reddit/post/1n47r71,ont_total_neutro_mentions,global_counts,,1.0,False
1n47r71,train,1,http://wfrp.ia/resource/reddit/post/1n47r71,ont_domain_score,global_counts,,1.0,False
1n47r71,train,1,http://wfrp.ia/resource/reddit/post/1n47r71,ont_domain_density,global_counts,,0.0625,True
1kq4whd,train,2,http://wfrp.ia/resource/reddit/post/1kq4whd,ont_InteligenciaArtificial_Neutro,ai,http://wfrp.ia/dominio/ciencia-tecnologia#InteligenciaArtificial,1.0,False
1kq4whd,train,2,http://wfrp.ia/resource/reddit/post/1kq4whd,ont_has_ontology_elements,global_counts,,1.0,False
1kq4whd,train,2,http://wfrp.ia/resource/reddit/post/1kq4whd,ont_count_domain_concepts,global_counts,,1.0,False
1kq4whd,train,2,http://wfrp.ia/resource/reddit/post/1kq4whd,ont_total_neutro_mentions,global_counts,,1.0,False
1kq4whd,train,2,http://wfrp.ia/resource/reddit/post/1kq4whd,ont_domain_score,global_counts,,2.0,False
1kq4whd,train,2,http://wfrp.ia/resource/reddit/post/1kq4whd,ont_domain_density,global_counts,,0.07692307692307693,True
1kw3tnv,train,2,http://wfrp.ia/resource/reddit/post/1kw3tnv,ont_has_ontology_elements,global_counts,,1.0,False
1ky4r8x,train,2,http://wfrp.ia/resource/reddit/post/1ky4r8x,ont_InteligenciaArtificial_Neutro,ai,http://wfrp.ia/dominio/ciencia-tecnologia#InteligenciaArtificial,3.0,False
1ky4r8x,train,2,http://wfrp.ia/resource/reddit/post/1ky4r8x,ont_has_ontology_elements,global_counts,,1.0,False
1ky4r8x,train,2,http://wfrp.ia/resource/reddit/post/1ky4r8x,ont_count_domain_concepts,global_counts,,1.0,False
1ky4r8x,train,2,http://wfrp.ia/resource/reddit/post/1ky4r8x,ont_total_neutro_mentions,global_counts,,3.0,False
1ky4r8x,train,2,http://wfrp.ia/resource/reddit/post/1ky4r8x,ont_domain_score,global_counts,,1.5,False
1ky4r8x,train,2,http://wfrp.ia/resource/reddit/post/1ky4r8x,ont_domain_density,global_counts,,0.02564102564102564,True
1kmsrff,train,2,http://wfrp.ia/resource/reddit/post/1kmsrff,ont_has_ontology_elements,global_counts,,1.0,False
1lxd8nl,train,2,http://wfrp.ia/resource/reddit/post/1lxd8nl,ont_Datos_Neutro,data,http://wfrp.ia/dominio/ciencia-tecnologia#Datos,1.0,False
1lxd8nl,train,2,http://wfrp.ia/resource/reddit/post/1lxd8nl,ont_has_ontology_elements,global_counts,,1.0,False
1lxd8nl,train,2,http://wfrp.ia/resource/reddit/post/1lxd8nl,ont_count_domain_concepts,global_counts,,1.0,False
1lxd8nl,train,2,http://wfrp.ia/resource/reddit/post/1lxd8nl,ont_total_neutro_mentions,global_counts,,1.0,False
1lxd8nl,train,2,http://wfrp.ia/resource/reddit/post/1lxd8nl,ont_domain_score,global_counts,,1.0,False
1lxd8nl,train,2,http://wfrp.ia/resource/reddit/post/1lxd8nl,ont_domain_density,global_counts,,0.08333333333333333,True
1mcb6gs,train,2,http://wfrp.ia/resource/reddit/post/1mcb6gs,ont_InteligenciaArtificial_Neutro,ai,http://wfrp.ia/dominio/ciencia-tecnologia#InteligenciaArtificial,3.0,False
1mcb6gs,train,2,http://wfrp.ia/resource/reddit/post/1mcb6gs,ont_has_ontology_elements,global_counts,,1.0,False
1mcb6gs,train,2,http://wfrp.ia/resource/reddit/post/1mcb6gs,ont_count_domain_concepts,global_counts,,1.0,False
1mcb6gs,train,2,http://wfrp.ia/resource/reddit/post/1mcb6gs,ont_total_neutro_mentions,global_counts,,3.0,False
1mcb6gs,train,2,http://wfrp.ia/resource/reddit/post/1mcb6gs,ont_domain_score,global_counts,,4.0,False
1mcb6gs,train,2,http://wfrp.ia/resource/reddit/post/1mcb6gs,ont_domain_density,global_counts,,0.009708737864077669,True
1mbjuzg,train,2,http://wfrp.ia/resource/reddit/post/1mbjuzg,ont_InteligenciaArtificial_Neutro,ai,http://wfrp.ia/dominio/ciencia-tecnologia#InteligenciaArtificial,1.0,False
1mbjuzg,train,2,http://wfrp.ia/resource/reddit/post/1mbjuzg,ont_Futuro_Neutro,future,http://wfrp.ia/dominio/ciencia-tecnologia#Futuro,1.0,False
1mbjuzg,train,2,http://wfrp.ia/resource/reddit/post/1mbjuzg,ont_has_ontology_elements,global_counts,,1.0,False
1mbjuzg,train,2,http://wfrp.ia/resource/reddit/post/1mbjuzg,ont_count_domain_concepts,global_counts,,2.0,False
1mbjuzg,train,2,http://wfrp.ia/resource/reddit/post/1mbjuzg,ont_total_neutro_mentions,global_counts,,2.0,False
1mbjuzg,train,2,http://wfrp.ia/resource/reddit/post/1mbjuzg,ont_domain_score,global_counts,,3.0,False
1mbjuzg,train,2,http://wfrp.ia/resource/reddit/post/1mbjuzg,ont_domain_density,global_counts,,0.008298755186721992,True
1lu4kr1,train,0,http://wfrp.ia/resource/reddit/post/1lu4kr1,ont_has_ontology_elements,global_counts,,1.0,False
1ltu1oh,train,2,http://wfrp.ia/resource/reddit/post/1ltu1oh,ont_InteligenciaArtificial_Neutro,ai,http://wfrp.ia/dominio/ciencia-tecnologia#InteligenciaArtificial,1.0,False
1ltu1oh,train,2,http://wfrp.ia/resource/reddit/post/1ltu1oh,ont_has_ontology_elements,global_counts,,1.0,False
1ltu1oh,train,2,http://wfrp.ia/resource/reddit/post/1ltu1oh,ont_count_domain_concepts,global_counts,,1.0,False
1ltu1oh,train,2,http://wfrp.ia/resource/reddit/post/1ltu1oh,ont_total_neutro_mentions,global_counts,,1.0,False
1ltu1oh,train,2,http://wfrp.ia/resource/reddit/post/1ltu1oh,ont_domain_score,global_counts,,2.0,False
1ltu1oh,train,2,http://wfrp.ia/resource/reddit/post/1ltu1oh,ont_domain_density,global_counts,,0.05555555555555555,True
1m0b804,train,2,http://wfrp.ia/resource/reddit/post/1m0b804,ont_InteligenciaArtificial_Neutro,ai,http://wfrp.ia/dominio/ciencia-tecnologia#InteligenciaArtificial,1.0,False
1m0b804,train,2,http://wfrp.ia/resource/reddit/post/1m0b804,ont_AprendizajeAutomatico_Neutro,ml,http://wfrp.ia/dominio/ciencia-tecnologia#AprendizajeAutomatico,1.0,False
1m0b804,train,2,http://wfrp.ia/resource/reddit/post/1m0b804,ont_has_ontology_elements,global_counts,,1.0,False
1m0b804,train,2,http://wfrp.ia/resource/reddit/post/1m0b804,ont_count_domain_concepts,global_counts,,2.0,False
1m0b804,train,2,http://wfrp.ia/resource/reddit/post/1m0b804,ont_total_neutro_mentions,global_counts,,2.0,False
1m0b804,train,2,http://wfrp.ia/resource/reddit/post/1m0b804,ont_domain_score,global_counts,,1.5,False
1m0b804,train,2,http://wfrp.ia/resource/reddit/post/1m0b804,ont_domain_density,global_counts,,0.2,True
1n74zkc,train,2,http://wfrp.ia/resource/reddit/post/1n74zkc,ont_InteligenciaArtificial_Neutro,ai,http://wfrp.ia/dominio/ciencia-tecnologia#InteligenciaArtificial,4.0,False
1n74zkc,train,2,http://wfrp.ia/resource/reddit/post/1n74zkc,ont_has_ontology_elements,global_counts,,1.0,False
1n74zkc,train,2,http://wfrp.ia/resource/reddit/post/1n74zkc,ont_count_domain_concepts,global_counts,,1.0,False
1n74zkc,train,2,http://wfrp.ia/resource/reddit/post/1n74zkc,ont_total_neutro_mentions,global_counts,,4.0,False
1n74zkc,train,2,http://wfrp.ia/resource/reddit/post/1n74zkc,ont_domain_score,global_counts,,7.0,False
1n74zkc,train,2,http://wfrp.ia/resource/reddit/post/1n74zkc,ont_domain_density,global_counts,,0.012658227848101266,True
1n8fb8f,train,2,http://wfrp.ia/resource/reddit/post/1n8fb8f,ont_InteligenciaArtificial_Neutro,ai,http://wfrp.ia/dominio/ciencia-tecnologia#InteligenciaArtificial,1.0,False
1n8fb8f,train,2,http://wfrp.ia/resource/reddit/post/1n8fb8f,ont_has_ontology_elements,global_counts,,1.0,False
1n8fb8f,train,2,http://wfrp.ia/resource/reddit/post/1n8fb8f,ont_count_domain_concepts,global_counts,,1.0,False
1n8fb8f,train,2,http://wfrp.ia/resource/reddit/post/1n8fb8f,ont_total_neutro_mentions,global_counts,,1.0,False
1n8fb8f,train,2,http://wfrp.ia/resource/reddit/post/1n8fb8f,ont_domain_score,global_counts,,3.0,False
1n8fb8f,train,2,http://wfrp.ia/resource/reddit/post/1n8fb8f,ont_domain_density,global_counts,,0.01694915254237288,True
1mfgpmn,train,1,http://wfrp.ia/resource/reddit/post/1mfgpmn,ont_InteligenciaArtificial_Neutro,ai,http://wfrp.ia/dominio/ciencia-tecnologia#InteligenciaArtificial,37.0,False
1mfgpmn,train,1,http://wfrp.ia/resource/reddit/post/1mfgpmn,ont_Datos_Neutro,data,http://wfrp.ia/dominio/ciencia-tecnologia#Datos,3.0,False
1mfgpmn,train,1,http://wfrp.ia/resource/reddit/post/1mfgpmn,ont_Etica_Neutro,ethics,http://wfrp.ia/dominio/ciencia-tecnologia#Etica,3.0,False
1mfgpmn,train,1,http://wfrp.ia/resource/reddit/post/1mfgpmn,ont_Innovacion_Neutro,innovation,http://wfrp.ia/dominio/ciencia-tecnologia#Innovacion,2.0,True
1mfgpmn,train,1,http://wfrp.ia/resource/reddit/post/1mfgpmn,ont_has_ontology_elements,global_counts,,1.0,False
1mfgpmn,train,1,http://wfrp.ia/resource/reddit/post/1mfgpmn,ont_count_domain_concepts,global_counts,,5.0,False
1mfgpmn,train,1,http://wfrp.ia/resource/reddit/post/1mfgpmn,ont_total_neutro_mentions,global_counts,,45.0,False
1mfgpmn,train,1,http://wfrp.ia/resource/reddit/post/1mfgpmn,ont_domain_score,global_counts,,47.0,False
1mfgpmn,train,1,http://wfrp.ia/resource/reddit/post/1mfgpmn,ont_domain_density,global_counts,,0.006127450980392157,True
1n1fgw9,train,2,http://wfrp.ia/resource/reddit/post/1n1fgw9,,,,0.0,False
1n3lzqt,train,2,http://wfrp.ia/resource/reddit/post/1n3lzqt,ont_InteligenciaArtificial_Neutro,ai,http://wfrp.ia/dominio/ciencia-tecnologia#InteligenciaArtificial,1.0,False
1n3lzqt,train,2,http://wfrp.ia/resource/reddit/post/1n3lzqt,ont_has_ontology_elements,global_counts,,1.0,False
1n3lzqt,train,2,http://wfrp.ia/resource/reddit/post/1n3lzqt,ont_count_domain_concepts,global_counts,,1.0,False
1n3lzqt,train,2,http://wfrp.ia/resource/reddit/post/1n3lzqt,ont_total_neutro_mentions,global_counts,,1.0,False
1n3lzqt,train,2,http://wfrp.ia/resource/reddit/post/1n3lzqt,ont_domain_score,global_counts,,2.0,False
1n3lzqt,train,2,http://wfrp.ia/resource/reddit/post/1n3lzqt,ont_domain_density,global_counts,,0.14285714285714285,True
1n2r0uv,train,2,http://wfrp.ia/resource/reddit/post/1n2r0uv,ont_InteligenciaArtificial_Neutro,ai,http://wfrp.ia/dominio/ciencia-tecnologia#InteligenciaArtificial,2.0,False
1n2r0uv,train,2,http://wfrp.ia/resource/reddit/post/1n2r0uv,ont_has_ontology_elements,global_counts,,1.0,False
1n2r0uv,train,2,http://wfrp.ia/resource/reddit/post/1n2r0uv,ont_count_domain_concepts,global_counts,,1.0,False
1n2r0uv,train,2,http://wfrp.ia/resource/reddit/post/1n2r0uv,ont_total_neutro_mentions,global_counts,,2.0,False
1n2r0uv,train,2,http://wfrp.ia/resource/reddit/post/1n2r0uv,ont_domain_score,global_counts,,1.0,False
1n2r0uv,train,2,http://wfrp.ia/resource/reddit/post/1n2r0uv,ont_domain_density,global_counts,,0.06666666666666667,True
1mmji0b,train,2,http://wfrp.ia/resource/reddit/post/1mmji0b,ont_InteligenciaArtificial_Neutro,ai,http://wfrp.ia/dominio/ciencia-tecnologia#InteligenciaArtificial,1.0,False
1mmji0b,train,2,http://wfrp.ia/resource/reddit/post/1mmji0b,ont_has_ontology_elements,global_counts,,1.0,False
1mmji0b,train,2,http://wfrp.ia/resource/reddit/post/1mmji0b,ont_count_domain_concepts,global_counts,,1.0,False
1mmji0b,train,2,http://wfrp.ia/resource/reddit/post/1mmji0b,ont_total_neutro_mentions,global_counts,,1.0,False
1mmji0b,train,2,http://wfrp.ia/resource/reddit/post/1mmji0b,ont_domain_score,global_counts,,2.0,False
1mmji0b,train,2,http://wfrp.ia/resource/reddit/post/1mmji0b,ont_domain_density,global_counts,,0.05,True
1meyosn,train,1,http://wfrp.ia/resource/reddit/post/1meyosn,ont_InteligenciaArtificial_Neutro,ai,http://wfrp.ia/dominio/ciencia-tecnologia#InteligenciaArtificial,3.0,False
1meyosn,train,1,http://wfrp.ia/resource/reddit/post/1meyosn,ont_Futuro_Neutro,future,http://wfrp.ia/dominio/ciencia-tecnologia#Futuro,1.0,False
1meyosn,train,1,http://wfrp.ia/resource/reddit/post/1meyosn,ont_has_ontology_elements,global_counts,,1.0,False
1meyosn,train,1,http://wfrp.ia/resource/reddit/post/1meyosn,ont_count_domain_concepts,global_counts,,2.0,False
1meyosn,train,1,http://wfrp.ia/resource/reddit/post/1meyosn,ont_total_neutro_mentions,global_counts,,4.0,False
1meyosn,train,1,http://wfrp.ia/resource/reddit/post/1meyosn,ont_domain_score,global_counts,,4.0,False
1meyosn,train,1,http://wfrp.ia/resource/reddit/post/1meyosn,ont_domain_density,global_counts,,0.03125,True
1mf2zxd,train,0,http://wfrp.ia/resource/reddit/post/1mf2zxd,ont_InteligenciaArtificial_Neutro,ai,http://wfrp.ia/dominio/ciencia-tecnologia#InteligenciaArtificial,24.0,False
1mf2zxd,train,0,http://wfrp.ia/resource/reddit/post/1mf2zxd,ont_AprendizajeAutomatico_Neutro,ml,http://wfrp.ia/dominio/ciencia-tecnologia#AprendizajeAutomatico,10.0,False
1mf2zxd,train,0,http://wfrp.ia/resource/reddit/post/1mf2zxd,ont_Datos_Neutro,data,http://wfrp.ia/dominio/ciencia-tecnologia#Datos,6.0,False
1mf2zxd,train,0,http://wfrp.ia/resource/reddit/post/1mf2zxd,ont_Algoritmo_Neutro,algorithm,http://wfrp.ia/dominio/ciencia-tecnologia#Algoritmo,4.0,False
1mf2zxd,train,0,http://wfrp.ia/resource/reddit/post/1mf2zxd,ont_Robot_Neutro,robot,http://wfrp.ia/dominio/ciencia-tecnologia#Robot,3.0,False
1mf2zxd,train,0,http://wfrp.ia/resource/reddit/post/1mf2zxd,ont_has_ontology_elements,global_counts,,1.0,False
1mf2zxd,train,0,http://wfrp.ia/resource/reddit/post/1mf2zxd,ont_count_domain_concepts,global_counts,,6.0,False
1mf2zxd,train,0,http://wfrp.ia/resource/reddit/post/1mf2zxd,ont_total_neutro_mentions,global_counts,,47.0,False
1mf2zxd,train,0,http://wfrp.ia/resource/reddit/post/1mf2zxd,ont_domain_score,global_counts,,43.0,False
1mf2zxd,train,0,http://wfrp.ia/resource/reddit/post/1mf2zxd,ont_domain_density,global_counts,,0.008298755186721992,True
1mqhpcp,train,1,http://wfrp.ia/resource/reddit/post/1mqhpcp,ont_InteligenciaArtificial_Neutro,ai,http://wfrp.ia/dominio/ciencia-tecnologia#InteligenciaArtificial,1.0,False
1mqhpcp,train,1,http://wfrp.ia/resource/reddit/post/1mqhpcp,ont_has_ontology_elements,global_counts,,1.0,False
1mqhpcp,train,1,http://wfrp.ia/resource/reddit/post/1mqhpcp,ont_count_domain_concepts,global_counts,,1.0,False
1mqhpcp,train,1,http://wfrp.ia/resource/reddit/post/1mqhpcp,ont_total_neutro_mentions,global_counts,,1.0,False
1mqhpcp,train,1,http://wfrp.ia/resource/reddit/post/1mqhpcp,ont_domain_score,global_counts,,1.0,False
1mqhpcp,train,1,http://wfrp.ia/resource/reddit/post/1mqhpcp,ont_domain_density,global_counts,,0.1111111111111111,True
1lfw5th,train,2,http://wfrp.ia/resource/reddit/post/1lfw5th,ont_Datos_Neutro,data,http://wfrp.ia/dominio/ciencia-tecnologia#Datos,1.0,False
1lfw5th,train,2,http://wfrp.ia/resource/reddit/post/1lfw5th,ont_has_ontology_elements,global_counts,,1.0,False
1lfw5th,train,2,http://wfrp.ia/resource/reddit/post/1lfw5th,ont_count_domain_concepts,global_counts,,1.0,False
1lfw5th,train,2,http://wfrp.ia/resource/reddit/post/1lfw5th,ont_total_neutro_mentions,global_counts,,1.0,False
1lfw5th,train,2,http://wfrp.ia/resource/reddit/post/1lfw5th,ont_domain_score,global_counts,,1.0,False
1lfw5th,train,2,http://wfrp.ia/resource/reddit/post/1lfw5th,ont_domain_density,global_counts,,0.041666666666666664,True
1les5d2,train,2,http://wfrp.ia/resource/reddit/post/1les5d2,ont_InteligenciaArtificial_Neutro,ai,http://wfrp.ia/dominio/ciencia-tecnologia#InteligenciaArtificial,9.0,False
1les5d2,train,2,http://wfrp.ia/resource/reddit/post/1les5d2,ont_Robot_Neutro,robot,http://wfrp.ia/dominio/ciencia-tecnologia#Robot,3.0,False
1les5d2,train,2,http://wfrp.ia/resource/reddit/post/1les5d2,ont_has_ontology_elements,global_counts,,1.0,False
1les5d2,train,2,http://wfrp.ia/resource/reddit/post/1les5d2,ont_count_domain_concepts,global_counts,,2.0,False
1les5d2,train,2,http://wfrp.ia/resource/reddit/post/1les5d2,ont_total_neutro_mentions,global_counts,,12.0,False
1les5d2,train,2,http://wfrp.ia/resource/reddit/post/1les5d2,ont_domain_score,global_counts,,11.5,False
1les5d2,train,2,http://wfrp.ia/resource/reddit/post/1les5d2,ont_domain_density,global_counts,,0.012987012987012988,True
1ld0g7h,train,2,http://wfrp.ia/resource/reddit/post/1ld0g7h,ont_InteligenciaArtificial_Neutro,ai,http://wfrp.ia/dominio/ciencia-tecnologia#InteligenciaArtificial,5.0,False
1ld0g7h,train,2,http://wfrp.ia/resource/reddit/post/1ld0g7h,ont_Datos_Neutro,data,http://wfrp.ia/dominio/ciencia-tecnologia#Datos,1.0,False
1ld0g7h,train,2,http://wfrp.ia/resource/reddit/post/1ld0g7h,ont_Robot_Neutro,robot,http://wfrp.ia/dominio/ciencia-tecnologia#Robot,2.0,False
1ld0g7h,train,2,http://wfrp.ia/resource/reddit/post/1ld0g7h,ont_has_ontology_elements,global_counts,,1.0,False
1ld0g7h,train,2,http://wfrp.ia/resource/reddit/post/1ld0g7h,ont_count_domain_concepts,global_counts,,3.0,False
1ld0g7h,train,2,http://wfrp.ia/resource/reddit/post/1ld0g7h,ont_total_neutro_mentions,global_counts,,8.0,False
1ld0g7h,train,2,http://wfrp.ia/resource/reddit/post/1ld0g7h,ont_domain_score,global_counts,,9.0,False
1ld0g7h,train,2,http://wfrp.ia/resource/reddit/post/1ld0g7h,ont_domain_density,global_counts,,0.03896103896103896,True
1ll4476,train,2,http://wfrp.ia/resource/reddit/post/1ll4476,ont_InteligenciaArtificial_Neutro,ai,http://wfrp.ia/dominio/ciencia-tecnologia#InteligenciaArtificial,5.0,False
1ll4476,train,2,http://wfrp.ia/resource/reddit/post/1ll4476,ont_Robot_Neutro,robot,http://wfrp.ia/dominio/ciencia-tecnologia#Robot,2.0,False
1ll4476,train,2,http://wfrp.ia/resource/reddit/post/1ll4476,ont_has_ontology_elements,global_counts,,1.0,False
1ll4476,train,2,http://wfrp.ia/resource/reddit/post/1ll4476,ont_count_domain_concepts,global_counts,,2.0,False
1ll4476,train,2,http://wfrp.ia/resource/reddit/post/1ll4476,ont_total_neutro_mentions,global_counts,,7.0,False
1ll4476,train,2,http://wfrp.ia/resource/reddit/post/1ll4476,ont_domain_score,global_counts,,11.0,False
1ll4476,train,2,http://wfrp.ia/resource/reddit/post/1ll4476,ont_domain_density,global_counts,,0.015267175572519083,True
1l5hyoz,train,2,http://wfrp.ia/resource/reddit/post/1l5hyoz,ont_InteligenciaArtificial_Neutro,ai,http://wfrp.ia/dominio/ciencia-tecnologia#InteligenciaArtificial,1.0,False
1l5hyoz,train,2,http://wfrp.ia/resource/reddit/post/1l5hyoz,ont_has_ontology_elements,global_counts,,1.0,False
1l5hyoz,train,2,http://wfrp.ia/resource/reddit/post/1l5hyoz,ont_count_domain_concepts,global_counts,,1.0,False
1l5hyoz,train,2,http://wfrp.ia/resource/reddit/post/1l5hyoz,ont_total_neutro_mentions,global_counts,,1.0,False
1l5hyoz,train,2,http://wfrp.ia/resource/reddit/post/1l5hyoz,ont_domain_score,global_counts,,2.0,False
1l5hyoz,train,2,http://wfrp.ia/resource/reddit/post/1l5hyoz,ont_domain_density,global_counts,,0.01818181818181818,True
1limy09,train,2,http://wfrp.ia/resource/reddit/post/1limy09,ont_InteligenciaArtificial_Neutro,ai,http://wfrp.ia/dominio/ciencia-tecnologia#InteligenciaArtificial,5.0,False
1limy09,train,2,http://wfrp.ia/resource/reddit/post/1limy09,ont_Futuro_Neutro,future,http://wfrp.ia/dominio/ciencia-tecnologia#Futuro,1.0,False
1limy09,train,2,http://wfrp.ia/resource/reddit/post/1limy09,ont_Robot_Neutro,robot,http://wfrp.ia/dominio/ciencia-tecnologia#Robot,2.0,False
1limy09,train,2,http://wfrp.ia/resource/reddit/post/1limy09,ont_has_ontology_elements,global_counts,,1.0,False
1limy09,train,2,http://wfrp.ia/resource/reddit/post/1limy09,ont_count_domain_concepts,global_counts,,4.0,False
1limy09,train,2,http://wfrp.ia/resource/reddit/post/1limy09,ont_total_neutro_mentions,global_counts,,8.0,False
1limy09,train,2,http://wfrp.ia/resource/reddit/post/1limy09,ont_domain_score,global_counts,,12.0,False
1limy09,train,2,http://wfrp.ia/resource/reddit/post/1limy09,ont_domain_density,global_counts,,0.037383177570093455,True
1l4zjiq,train,2,http://wfrp.ia/resource/reddit/post/1l4zjiq,ont_InteligenciaArtificial_Neutro,ai,http://wfrp.ia/dominio/ciencia-tecnologia#InteligenciaArtificial,3.0,False
1l4zjiq,train,2,http://wfrp.ia/resource/reddit/post/1l4zjiq,ont_Futuro_Neutro,future,http://wfrp.ia/dominio/ciencia-tecnologia#Futuro,1.0,False
1l4zjiq,train,2,http://wfrp.ia/resource/reddit/post/1l4zjiq,ont_Datos_Neutro,data,http://wfrp.ia/dominio/ciencia-tecnologia#Datos,1.0,False
1l4zjiq,train,2,http://wfrp.ia/resource/reddit/post/1l4zjiq,ont_Robot_Neutro,robot,http://wfrp.ia/dominio/ciencia-tecnologia#Robot,1.0,False
1l4zjiq,train,2,http://wfrp.ia/resource/reddit/post/1l4zjiq,ont_Etica_Neutro,ethics,http://wfrp.ia/dominio/ciencia-tecnologia#Etica,2.0,False
1l4zjiq,train,2,http://wfrp.ia/resource/reddit/post/1l4zjiq,ont_has_ontology_elements,global_counts,,1.0,False
1l4zjiq,train,2,http://wfrp.ia/resource/reddit/post/1l4zjiq,ont_count_domain_concepts,global_counts,,5.0,False
1l4zjiq,train,2,http://wfrp.ia/resource/reddit/post/1l4zjiq,ont_total_neutro_mentions,global_counts,,8.0,False
1l4zjiq,train,2,http://wfrp.ia/resource/reddit/post/1l4zjiq,ont_domain_score,global_counts,,8.0,False
1l4zjiq,train,2,http://wfrp.ia/resource/reddit/post/1l4zjiq,ont_domain_density,global_counts,,0.07142857142857142,True
1l7d2qw,train,2,http://wfrp.ia/resource/reddit/post/1l7d2qw,ont_InteligenciaArtificial_Neutro,ai,http://wfrp.ia/dominio/ciencia-tecnologia#InteligenciaArtificial,8.0,False
1l7d2qw,train,2,http://wfrp.ia/resource/reddit/post/1l7d2qw,ont_Robot_Neutro,robot,http://wfrp.ia/dominio/ciencia-tecnologia#Robot,2.0,False
1l7d2qw,train,2,http://wfrp.ia/resource/reddit/post/1l7d2qw,ont_has_ontology_elements,global_counts,,1.0,False
1l7d2qw,train,2,http://wfrp.ia/resource/reddit/post/1l7d2qw,ont_count_domain_concepts,global_counts,,2.0,False
1l7d2qw,train,2,http://wfrp.ia/resource/reddit/post/1l7d2qw,ont_total_neutro_mentions,global_counts,,10.0,False
1l7d2qw,train,2,http://wfrp.ia/resource/reddit/post/1l7d2qw,ont_domain_score,global_counts,,9.0,False
1l7d2qw,train,2,http://wfrp.ia/resource/reddit/post/1l7d2qw,ont_domain_density,global_counts,,0.02666666666666667,True
1l7cul6,train,2,http://wfrp.ia/resource/reddit/post/1l7cul6,ont_InteligenciaArtificial_Neutro,ai,http://wfrp.ia/dominio/ciencia-tecnologia#InteligenciaArtificial,1.0,False
1l7cul6,train,2,http://wfrp.ia/resource/reddit/post/1l7cul6,ont_Tecnologia_Neutro,technology,http://wfrp.ia/dominio/ciencia-tecnologia#Tecnologia,1.0,True
1l7cul6,train,2,http://wfrp.ia/resource/reddit/post/1l7cul6,ont_Futuro_Neutro,future,http://wfrp.ia/dominio/ciencia-tecnologia#Futuro,2.0,False
1l7cul6,train,2,http://wfrp.ia/resource/reddit/post/1l7cul6,ont_Automatizacion_Neutro,automation,http://wfrp.ia/dominio/ciencia-tecnologia#Automatizacion,1.0,False
1l7cul6,train,2,http://wfrp.ia/resource/reddit/post/1l7cul6,ont_has_ontology_elements,global_counts,,1.0,False
1l7cul6,train,2,http://wfrp.ia/resource/reddit/post/1l7cul6,ont_count_domain_concepts,global_counts,,4.0,False
1l7cul6,train,2,http://wfrp.ia/resource/reddit/post/1l7cul6,ont_total_neutro_mentions,global_counts,,5.0,False
1l7cul6,train,2,http://wfrp.ia/resource/reddit/post/1l7cul6,ont_domain_score,global_counts,,5.0,False
1l7cul6,train,2,http://wfrp.ia/resource/reddit/post/1l7cul6,ont_domain_density,global_counts,,0.041666666666666664,True
1l7blns,train,2,http://wfrp.ia/resource/reddit/post/1l7blns,,,,0.0,False
1laevm1,train,2,http://wfrp.ia/resource/reddit/post/1laevm1,ont_Datos_Neutro,data,http://wfrp.ia/dominio/ciencia-tecnologia#Datos,1.0,False
1laevm1,train,2,http://wfrp.ia/resource/reddit/post/1laevm1,ont_has_ontology_elements,global_counts,,1.0,False
1laevm1,train,2,http://wfrp.ia/resource/reddit/post/1laevm1,ont_count_domain_concepts,global_counts,,1.0,False
1laevm1,train,2,http://wfrp.ia/resource/reddit/post/1laevm1,ont_total_neutro_mentions,global_counts,,1.0,False
1laevm1,train,2,http://wfrp.ia/resource/reddit/post/1laevm1,ont_domain_score,global_counts,,1.0,False
1laevm1,train,2,http://wfrp.ia/resource/reddit/post/1laevm1,ont_domain_density,global_counts,,0.07692307692307693,True
1lc2zzf,train,2,http://wfrp.ia/resource/reddit/post/1lc2zzf,ont_InteligenciaArtificial_Neutro,ai,http://wfrp.ia/dominio/ciencia-tecnologia#InteligenciaArtificial,2.0,False
1lc2zzf,train,2,http://wfrp.ia/resource/reddit/post/1lc2zzf,ont_has_ontology_elements,global_counts,,1.0,False
1lc2zzf,train,2,http://wfrp.ia/resource/reddit/post/1lc2zzf,ont_count_domain_concepts,global_counts,,1.0,False
1lc2zzf,train,2,http://wfrp.ia/resource/reddit/post/1lc2zzf,ont_total_neutro_mentions,global_counts,,2.0,False
1lc2zzf,train,2,http://wfrp.ia/resource/reddit/post/1lc2zzf,ont_domain_score,global_counts,,3.0,False
1lc2zzf,train,2,http://wfrp.ia/resource/reddit/post/1lc2zzf,ont_domain_density,global_counts,,0.00641025641025641,True
1n83vuu,train,2,http://wfrp.ia/resource/reddit/post/1n83vuu,ont_InteligenciaArtificial_Neutro,ai,http://wfrp.ia/dominio/ciencia-tecnologia#InteligenciaArtificial,1.0,False
1n83vuu,train,2,http://wfrp.ia/resource/reddit/post/1n83vuu,ont_Futuro_Neutro,future,http://wfrp.ia/dominio/ciencia-tecnologia#Futuro,1.0,False
1n83vuu,train,2,http://wfrp.ia/resource/reddit/post/1n83vuu,ont_Etica_Positivo,ethics,http://wfrp.ia/dominio/ciencia-tecnologia#Etica,1.0,False
1n83vuu,train,2,http://wfrp.ia/resource/reddit/post/1n83vuu,ont_has_ontology_elements,global_counts,,1.0,False
1n83vuu,train,2,http://wfrp.ia/resource/reddit/post/1n83vuu,ont_count_domain_concepts,global_counts,,3.0,False
1n83vuu,train,2,http://wfrp.ia/resource/reddit/post/1n83vuu,ont_total_positivo_mentions,global_counts,,1.0,False
1n83vuu,train,2,http://wfrp.ia/resource/reddit/post/1n83vuu,ont_total_neutro_mentions,global_counts,,2.0,False
1n83vuu,train,2,http://wfrp.ia/resource/reddit/post/1n83vuu,ont_domain_score,global_counts,,3.0,False
1n83vuu,train,2,http://wfrp.ia/resource/reddit/post/1n83vuu,ont_domain_density,global_counts,,0.043478260869565216,True
1n8k312,train,2,http://wfrp.ia/resource/reddit/post/1n8k312,ont_Tecnologia_Neutro,technology,http://wfrp.ia/dominio/ciencia-tecnologia#Tecnologia,1.0,True
1n8k312,train,2,http://wfrp.ia/resource/reddit/post/1n8k312,ont_Futuro_Neutro,future,http://wfrp.ia/dominio/ciencia-tecnologia#Futuro,2.0,False
1n8k312,train,2,http://wfrp.ia/resource/reddit/post/1n8k312,ont_has_ontology_elements,global_counts,,1.0,False
1n8k312,train,2,http://wfrp.ia/resource/reddit/post/1n8k312,ont_count_domain_concepts,global_counts,,2.0,False
1n8k312,train,2,http://wfrp.ia/resource/reddit/post/1n8k312,ont_total_neutro_mentions,global_counts,,3.0,False
1n8k312,train,2,http://wfrp.ia/resource/reddit/post/1n8k312,ont_domain_score,global_counts,,2.0,False
1n8k312,train,2,http://wfrp.ia/resource/reddit/post/1n8k312,ont_domain_density,global_counts,,0.03773584905660377,True
1n9qb3b,train,2,http://wfrp.ia/resource/reddit/post/1n9qb3b,ont_InteligenciaArtificial_Positivo,ai,http://wfrp.ia/dominio/ciencia-tecnologia#InteligenciaArtificial,1.0,False
1n9qb3b,train,2,http://wfrp.ia/resource/reddit/post/1n9qb3b,ont_InteligenciaArtificial_Neutro,ai,http://wfrp.ia/dominio/ciencia-tecnologia#InteligenciaArtificial,2.0,False
1n9qb3b,train,2,http://wfrp.ia/resource/reddit/post/1n9qb3b,ont_Automatizacion_Neutro,automation,http://wfrp.ia/dominio/ciencia-tecnologia#Automatizacion,1.0,False
1n9qb3b,train,2,http://wfrp.ia/resource/reddit/post/1n9qb3b,ont_Innovacion_Neutro,innovation,http://wfrp.ia/dominio/ciencia-tecnologia#Innovacion,1.0,True
1n9qb3b,train,2,http://wfrp.ia/resource/reddit/post/1n9qb3b,ont_has_ontology_elements,global_counts,,1.0,False
1n9qb3b,train,2,http://wfrp.ia/resource/reddit/post/1n9qb3b,ont_count_domain_concepts,global_counts,,3.0,False
1n9qb3b,train,2,http://wfrp.ia/resource/reddit/post/1n9qb3b,ont_total_positivo_mentions,global_counts,,1.0,False
1n9qb3b,train,2,http://wfrp.ia/resource/reddit/post/1n9qb3b,ont_total_neutro_mentions,global_counts,,4.0,False
1n9qb3b,train,2,http://wfrp.ia/resource/reddit/post/1n9qb3b,ont_domain_score,global_counts,,5.0,False
1n9qb3b,train,2,http://wfrp.ia/resource/reddit/post/1n9qb3b,ont_domain_density,global_counts,,0.03,True
1n9b4rc,train,2,http://wfrp.ia/resource/reddit/post/1n9b4rc,ont_Futuro_Neutro,future,http://wfrp.ia/dominio/ciencia-tecnologia#Futuro,1.0,False
1n9b4rc,train,2,http://wfrp.ia/resource/reddit/post/1n9b4rc,ont_Innovacion_Neutro,innovation,http://wfrp.ia/dominio/ciencia-tecnologia#Innovacion,1.0,True
1n9b4rc,train,2,http://wfrp.ia/resource/reddit/post/1n9b4rc,ont_has_ontology_elements,global_counts,,1.0,False
1n9b4rc,train,2,http://wfrp.ia/resource/reddit/post/1n9b4rc,ont_count_domain_concepts,global_counts,,3.0,False
1n9b4rc,train,2,http://wfrp.ia/resource/reddit/post/1n9b4rc,ont_total_neutro_mentions,global_counts,,2.0,False
1n9b4rc,train,2,http://wfrp.ia/resource/reddit/post/1n9b4rc,ont_domain_score,global_counts,,3.0,False
1n9b4rc,train,2,http://wfrp.ia/resource/reddit/post/1n9b4rc,ont_domain_density,global_counts,,0.03225806451612903,True
1nef6ub,train,0,http://wfrp.ia/resource/reddit/post/1nef6ub,ont_has_ontology_elements,global_counts,,1.0,False
1nef6ub,train,0,http://wfrp.ia/resource/reddit/post/1nef6ub,ont_count_domain_concepts,global_counts,,1.0,False
1nef6ub,train,0,http://wfrp.ia/resource/reddit/post/1nef6ub,ont_domain_score,global_counts,,1.0,False
1nef6ub,train,0,http://wfrp.ia/resource/reddit/post/1nef6ub,ont_domain_density,global_counts,,0.0013513513513513514,True
1ne0hgf,train,2,http://wfrp.ia/resource/reddit/post/1ne0hgf,ont_Futuro_Neutro,future,http://wfrp.ia/dominio/ciencia-tecnologia#Futuro,2.0,False
1ne0hgf,train,2,http://wfrp.ia/resource/reddit/post/1ne0hgf,ont_has_ontology_elements,global_counts,,1.0,False
1ne0hgf,train,2,http://wfrp.ia/resource/reddit/post/1ne0hgf,ont_count_domain_concepts,global_counts,,1.0,False
1ne0hgf,train,2,http://wfrp.ia/resource/reddit/post/1ne0hgf,ont_total_neutro_mentions,global_counts,,2.0,False
1ne0hgf,train,2,http://wfrp.ia/resource/reddit/post/1ne0hgf,ont_domain_score,global_counts,,1.0,False
1ne0hgf,train,2,http://wfrp.ia/resource/reddit/post/1ne0hgf,ont_domain_density,global_counts,,0.009708737864077669,True
1neqf0c,train,1,http://wfrp.ia/resource/reddit/post/1neqf0c,ont_InteligenciaArtificial_Neutro,ai,http://wfrp.ia/dominio/ciencia-tecnologia#InteligenciaArtificial,2.0,False
1neqf0c,train,1,http://wfrp.ia/resource/reddit/post/1neqf0c,ont_has_ontology_elements,global_counts,,1.0,False
1neqf0c,train,1,http://wfrp.ia/resource/reddit/post/1neqf0c,ont_count_domain_concepts,global_counts,,1.0,False
1neqf0c,train,1,http://wfrp.ia/resource/reddit/post/1neqf0c,ont_total_neutro_mentions,global_counts,,2.0,False
1neqf0c,train,1,http://wfrp.ia/resource/reddit/post/1neqf0c,ont_domain_score,global_counts,,3.0,False
1neqf0c,train,1,http://wfrp.ia/resource/reddit/post/1neqf0c,ont_domain_density,global_counts,,0.03333333333333333,True
1neksha,train,1,http://wfrp.ia/resource/reddit/post/1neksha,ont_InteligenciaArtificial_Neutro,ai,http://wfrp.ia/dominio/ciencia-tecnologia#InteligenciaArtificial,1.0,False
1neksha,train,1,http://wfrp.ia/resource/reddit/post/1neksha,ont_Futuro_Neutro,future,http://wfrp.ia/dominio/ciencia-tecnologia#Futuro,1.0,False
1neksha,train,1,http://wfrp.ia/resource/reddit/post/1neksha,ont_Datos_Neutro,data,http://wfrp.ia/dominio/ciencia-tecnologia#Datos,1.0,False
1neksha,train,1,http://wfrp.ia/resource/reddit/post/1neksha,ont_has_ontology_elements,global_counts,,1.0,False
1neksha,train,1,http://wfrp.ia/resource/reddit/post/1neksha,ont_count_domain_concepts,global_counts,,3.0,False
1neksha,train,1,http://wfrp.ia/resource/reddit/post/1neksha,ont_total_neutro_mentions,global_counts,,3.0,False
1neksha,train,1,http://wfrp.ia/resource/reddit/post/1neksha,ont_domain_score,global_counts,,3.0,False
1neksha,train,1,http://wfrp.ia/resource/reddit/post/1neksha,ont_domain_density,global_counts,,0.0234375,True
1nee9p5,train,0,http://wfrp.ia/resource/reddit/post/1nee9p5,ont_InteligenciaArtificial_Positivo,ai,http://wfrp.ia/dominio/ciencia-tecnologia#InteligenciaArtificial,1.0,False
1nee9p5,train,0,http://wfrp.ia/resource/reddit/post/1nee9p5,ont_has_ontology_elements,global_counts,,1.0,False
1nee9p5,train,0,http://wfrp.ia/resource/reddit/post/1nee9p5,ont_count_domain_concepts,global_counts,,1.0,False
1nee9p5,train,0,http://wfrp.ia/resource/reddit/post/1nee9p5,ont_total_positivo_mentions,global_counts,,1.0,False
1nee9p5,train,0,http://wfrp.ia/resource/reddit/post/1nee9p5,ont_domain_score,global_counts,,1.0,False
1nee9p5,train,0,http://wfrp.ia/resource/reddit/post/1nee9p5,ont_domain_density,global_counts,,0.011904761904761904,True
1nebfqm,train,0,http://wfrp.ia/resource/reddit/post/1nebfqm,ont_Futuro_Neutro,future,http://wfrp.ia/dominio/ciencia-tecnologia#Futuro,1.0,False
1nebfqm,train,0,http://wfrp.ia/resource/reddit/post/1nebfqm,ont_has_ontology_elements,global_counts,,1.0,False
1nebfqm,train,0,http://wfrp.ia/resource/reddit/post/1nebfqm,ont_count_domain_concepts,global_counts,,1.0,False
1nebfqm,train,0,http://wfrp.ia/resource/reddit/post/1nebfqm,ont_total_neutro_mentions,global_counts,,1.0,False
1nebfqm,train,0,http://wfrp.ia/resource/reddit/post/1nebfqm,ont_domain_score,global_counts,,1.0,False
1nebfqm,train,0,http://wfrp.ia/resource/reddit/post/1nebfqm,ont_domain_density,global_counts,,0.058823529411764705,True
1netjga,train,2,http://wfrp.ia/resource/reddit/post/1netjga,ont_Tecnologia_Neutro,technology,http://wfrp.ia/dominio/ciencia-tecnologia#Tecnologia,1.0,True
1netjga,train,2,http://wfrp.ia/resource/reddit/post/1netjga,ont_has_ontology_elements,global_counts,,1.0,False
1netjga,train,2,http://wfrp.ia/resource/reddit/post/1netjga,ont_count_domain_concepts,global_counts,,1.0,False
1netjga,train,2,http://wfrp.ia/resource/reddit/post/1netjga,ont_total_neutro_mentions,global_counts,,1.0,False
1netjga,train,2,http://wfrp.ia/resource/reddit/post/1netjga,ont_domain_score,global_counts,,1.0,False
1netjga,train,2,http://wfrp.ia/resource/reddit/post/1netjga,ont_domain_density,global_counts,,0.008771929824561403,True
1nidm38,train,2,http://wfrp.ia/resource/reddit/post/1nidm38,ont_Robot_Neutro,robot,http://wfrp.ia/dominio/ciencia-tecnologia#Robot,5.0,False
1nidm38,train,2,http://wfrp.ia/resource/reddit/post/1nidm38,ont_Innovacion_Neutro,innovation,http://wfrp.ia/dominio/ciencia-tecnologia#Innovacion,1.0,True
1nidm38,train,2,http://wfrp.ia/resource/reddit/post/1nidm38,ont_has_ontology_elements,global_counts,,1.0,False
1nidm38,train,2,http://wfrp.ia/resource/reddit/post/1nidm38,ont_count_domain_concepts,global_counts,,2.0,False
1nidm38,train,2,http://wfrp.ia/resource/reddit/post/1nidm38,ont_total_neutro_mentions,global_counts,,6.0,False
1nidm38,train,2,http://wfrp.ia/resource/reddit/post/1nidm38,ont_domain_score,global_counts,,4.5,False
1nidm38,train,2,http://wfrp.ia/resource/reddit/post/1nidm38,ont_domain_density,global_counts,,0.014084507042253521,True
1nil7pg,train,2,http://wfrp.ia/resource/reddit/post/1nil7pg,ont_Robot_Neutro,robot,http://wfrp.ia/dominio/ciencia-tecnologia#Robot,1.0,False
1nil7pg,train,2,http://wfrp.ia/resource/reddit/post/1nil7pg,ont_Automatizacion_Neutro,automation,http://wfrp.ia/dominio/ciencia-tecnologia#Automatizacion,1.0,False
1nil7pg,train,2,http://wfrp.ia/resource/reddit/post/1nil7pg,ont_has_ontology_elements,global_counts,,1.0,False
1nil7pg,train,2,http://wfrp.ia/resource/reddit/post/1nil7pg,ont_count_domain_concepts,global_counts,,2.0,False
1nil7pg,train,2,http://wfrp.ia/resource/reddit/post/1nil7pg,ont_total_neutro_mentions,global_counts,,2.0,False
1nil7pg,train,2,http://wfrp.ia/resource/reddit/post/1nil7pg,ont_domain_score,global_counts,,2.0,False
1nil7pg,train,2,http://wfrp.ia/resource/reddit/post/1nil7pg,ont_domain_density,global_counts,,0.015267175572519083,True
1nixbkf,train,2,http://wfrp.ia/resource/reddit/post/1nixbkf,ont_Tecnologia_Neutro,technology,http://wfrp.ia/dominio/ciencia-tecnologia#Tecnologia,1.0,True
1nixbkf,train,2,http://wfrp.ia/resource/reddit/post/1nixbkf,ont_Futuro_Neutro,future,http://wfrp.ia/dominio/ciencia-tecnologia#Futuro,1.0,False
1nixbkf,train,2,http://wfrp.ia/resource/reddit/post/1nixbkf,ont_has_ontology_elements,global_counts,,1.0,False
1nixbkf,train,2,http://wfrp.ia/resource/reddit/post/1nixbkf,ont_count_domain_concepts,global_counts,,3.0,False
1nixbkf,train,2,http://wfrp.ia/resource/reddit/post/1nixbkf,ont_total_neutro_mentions,global_counts,,2.0,False
1nixbkf,train,2,http://wfrp.ia/resource/reddit/post/1nixbkf,ont_domain_score,global_counts,,3.0,False
1nixbkf,train,2,http://wfrp.ia/resource/reddit/post/1nixbkf,ont_domain_density,global_counts,,0.017241379310344827,True
1nia4s3,train,2,http://wfrp.ia/resource/reddit/post/1nia4s3,ont_Tecnologia_Neutro,technology,http://wfrp.ia/dominio/ciencia-tecnologia#Tecnologia,1.0,True
1nia4s3,train,2,http://wfrp.ia/resource/reddit/post/1nia4s3,ont_has_ontology_elements,global_counts,,1.0,False
1nia4s3,train,2,http://wfrp.ia/resource/reddit/post/1nia4s3,ont_count_domain_concepts,global_counts,,1.0,False
1nia4s3,train,2,http://wfrp.ia/resource/reddit/post/1nia4s3,ont_total_neutro_mentions,global_counts,,1.0,False
1nia4s3,train,2,http://wfrp.ia/resource/reddit/post/1nia4s3,ont_domain_score,global_counts,,1.0,False
1nia4s3,train,2,http://wfrp.ia/resource/reddit/post/1nia4s3,ont_domain_density,global_counts,,0.013888888888888888,True
1njklab,train,2,http://wfrp.ia/resource/reddit/post/1njklab,ont_InteligenciaArtificial_Neutro,ai,http://wfrp.ia/dominio/ciencia-tecnologia#InteligenciaArtificial,8.0,False
1njklab,train,2,http://wfrp.ia/resource/reddit/post/1njklab,ont_Futuro_Neutro,future,http://wfrp.ia/dominio/ciencia-tecnologia#Futuro,4.0,False
1njklab,train,2,http://wfrp.ia/resource/reddit/post/1njklab,ont_has_ontology_elements,global_counts,,1.0,False
1njklab,train,2,http://wfrp.ia/resource/reddit/post/1njklab,ont_count_domain_concepts,global_counts,,2.0,False
1njklab,train,2,http://wfrp.ia/resource/reddit/post/1njklab,ont_total_neutro_mentions,global_counts,,12.0,False
1njklab,train,2,http://wfrp.ia/resource/reddit/post/1njklab,ont_domain_score,global_counts,,8.0,False
1njklab,train,2,http://wfrp.ia/resource/reddit/post/1njklab,ont_domain_density,global_counts,,0.0136986301369863,True
1njfpb9,train,1,http://wfrp.ia/resource/reddit/post/1njfpb9,ont_has_ontology_elements,global_counts,,1.0,False
1njkkpr,train,1,http://wfrp.ia/resource/reddit/post/1njkkpr,ont_InteligenciaArtificial_Neutro,ai,http://wfrp.ia/dominio/ciencia-tecnologia#InteligenciaArtificial,1.0,False
1njkkpr,train,1,http://wfrp.ia/resource/reddit/post/1njkkpr,ont_Tecnologia_Neutro,technology,http://wfrp.ia/dominio/ciencia-tecnologia#Tecnologia,1.0,True
1njkkpr,train,1,http://wfrp.ia/resource/reddit/post/1njkkpr,ont_Datos_Neutro,data,http://wfrp.ia/dominio/ciencia-tecnologia#Datos,3.0,False
1njkkpr,train,1,http://wfrp.ia/resource/reddit/post/1njkkpr,ont_has_ontology_elements,global_counts,,1.0,False
1njkkpr,train,1,http://wfrp.ia/resource/reddit/post/1njkkpr,ont_count_domain_concepts,global_counts,,3.0,False
1njkkpr,train,1,http://wfrp.ia/resource/reddit/post/1njkkpr,ont_total_neutro_mentions,global_counts,,5.0,False
1njkkpr,train,1,http://wfrp.ia/resource/reddit/post/1njkkpr,ont_domain_score,global_counts,,4.0,False
1njkkpr,train,1,http://wfrp.ia/resource/reddit/post/1njkkpr,ont_domain_density,global_counts,,0.013452914798206279,True
1njgmo8,train,1,http://wfrp.ia/resource/reddit/post/1njgmo8,ont_InteligenciaArtificial_Neutro,ai,http://wfrp.ia/dominio/ciencia-tecnologia#InteligenciaArtificial,4.0,False
1njgmo8,train,1,http://wfrp.ia/resource/reddit/post/1njgmo8,ont_has_ontology_elements,global_counts,,1.0,False
1njgmo8,train,1,http://wfrp.ia/resource/reddit/post/1njgmo8,ont_count_domain_concepts,global_counts,,1.0,False
1njgmo8,train,1,http://wfrp.ia/resource/reddit/post/1njgmo8,ont_total_neutro_mentions,global_counts,,4.0,False
1njgmo8,train,1,http://wfrp.ia/resource/reddit/post/1njgmo8,ont_domain_score,global_counts,,4.0,False
1njgmo8,train,1,http://wfrp.ia/resource/reddit/post/1njgmo8,ont_domain_density,global_counts,,0.010752688172043012,True
1nj9sys,train,1,http://wfrp.ia/resource/reddit/post/1nj9sys,ont_Tecnologia_Neutro,technology,http://wfrp.ia/dominio/ciencia-tecnologia#Tecnologia,1.0,True
1nj9sys,train,1,http://wfrp.ia/resource/reddit/post/1nj9sys,ont_has_ontology_elements,global_counts,,1.0,False
1nj9sys,train,1,http://wfrp.ia/resource/reddit/post/1nj9sys,ont_count_domain_concepts,global_counts,,1.0,False
1nj9sys,train,1,http://wfrp.ia/resource/reddit/post/1nj9sys,ont_total_neutro_mentions,global_counts,,1.0,False
1nj9sys,train,1,http://wfrp.ia/resource/reddit/post/1nj9sys,ont_domain_score,global_counts,,1.0,False
1nj9sys,train,1,http://wfrp.ia/resource/reddit/post/1nj9sys,ont_domain_density,global_counts,,0.0072992700729927005,True
1ndl59d,train,0,http://wfrp.ia/resource/reddit/post/1ndl59d,ont_Datos_Neutro,data,http://wfrp.ia/dominio/ciencia-tecnologia#Datos,1.0,False
1ndl59d,train,0,http://wfrp.ia/resource/reddit/post/1ndl59d,ont_Innovacion_Neutro,innovation,http://wfrp.ia/dominio/ciencia-tecnologia#Innovacion,1.0,True
1ndl59d,train,0,http://wfrp.ia/resource/reddit/post/1ndl59d,ont_has_ontology_elements,global_counts,,1.0,False
1ndl59d,train,0,http://wfrp.ia/resource/reddit/post/1ndl59d,ont_count_domain_concepts,global_counts,,2.0,False
1ndl59d,train,0,http://wfrp.ia/resource/reddit/post/1ndl59d,ont_total_neutro_mentions,global_counts,,2.0,False
1ndl59d,train,0,http://wfrp.ia/resource/reddit/post/1ndl59d,ont_domain_score,global_counts,,2.0,False
1ndl59d,train,0,http://wfrp.ia/resource/reddit/post/1ndl59d,ont_domain_density,global_counts,,0.002699055330634278,True
1nd8220,train,2,http://wfrp.ia/resource/reddit/post/1nd8220,ont_Futuro_Neutro,future,http://wfrp.ia/dominio/ciencia-tecnologia#Futuro,1.0,False
1nd8220,train,2,http://wfrp.ia/resource/reddit/post/1nd8220,ont_Automatizacion_Neutro,automation,http://wfrp.ia/dominio/ciencia-tecnologia#Automatizacion,4.0,False
1nd8220,train,2,http://wfrp.ia/resource/reddit/post/1nd8220,ont_has_ontology_elements,global_counts,,1.0,False
1nd8220,train,2,http://wfrp.ia/resource/reddit/post/1nd8220,ont_count_domain_concepts,global_counts,,2.0,False
1nd8220,train,2,http://wfrp.ia/resource/reddit/post/1nd8220,ont_total_neutro_mentions,global_counts,,5.0,False
1nd8220,train,2,http://wfrp.ia/resource/reddit/post/1nd8220,ont_domain_score,global_counts,,2.0,False
1nd8220,train,2,http://wfrp.ia/resource/reddit/post/1nd8220,ont_domain_density,global_counts,,0.017857142857142856,True
1ndajm6,train,2,http://wfrp.ia/resource/reddit/post/1ndajm6,ont_Tecnologia_Neutro,technology,http://wfrp.ia/dominio/ciencia-tecnologia#Tecnologia,1.0,True
1ndajm6,train,2,http://wfrp.ia/resource/reddit/post/1ndajm6,ont_has_ontology_elements,global_counts,,1.0,False
1ndajm6,train,2,http://wfrp.ia/resource/reddit/post/1ndajm6,ont_count_domain_concepts,global_counts,,1.0,False
1ndajm6,train,2,http://wfrp.ia/resource/reddit/post/1ndajm6,ont_total_neutro_mentions,global_counts,,1.0,False
1ndajm6,train,2,http://wfrp.ia/resource/reddit/post/1ndajm6,ont_domain_score,global_counts,,1.0,False
1ndajm6,train,2,http://wfrp.ia/resource/reddit/post/1ndajm6,ont_domain_density,global_counts,,0.02564102564102564,True
1nd75q0,train,2,http://wfrp.ia/resource/reddit/post/1nd75q0,ont_InteligenciaArtificial_Neutro,ai,http://wfrp.ia/dominio/ciencia-tecnologia#InteligenciaArtificial,1.0,False
1nd75q0,train,2,http://wfrp.ia/resource/reddit/post/1nd75q0,ont_Automatizacion_Neutro,automation,http://wfrp.ia/dominio/ciencia-tecnologia#Automatizacion,1.0,False
1nd75q0,train,2,http://wfrp.ia/resource/reddit/post/1nd75q0,ont_has_ontology_elements,global_counts,,1.0,False
1nd75q0,train,2,http://wfrp.ia/resource/reddit/post/1nd75q0,ont_count_domain_concepts,global_counts,,2.0,False
1nd75q0,train,2,http://wfrp.ia/resource/reddit/post/1nd75q0,ont_total_neutro_mentions,global_counts,,2.0,False
1nd75q0,train,2,http://wfrp.ia/resource/reddit/post/1nd75q0,ont_domain_score,global_counts,,2.0,False
1nd75q0,train,2,http://wfrp.ia/resource/reddit/post/1nd75q0,ont_domain_density,global_counts,,0.01818181818181818,True
1nb0okk,train,2,http://wfrp.ia/resource/reddit/post/1nb0okk,ont_InteligenciaArtificial_Neutro,ai,http://wfrp.ia/dominio/ciencia-tecnologia#InteligenciaArtificial,10.0,False
1nb0okk,train,2,http://wfrp.ia/resource/reddit/post/1nb0okk,ont_Futuro_Neutro,future,http://wfrp.ia/dominio/ciencia-tecnologia#Futuro,1.0,False
1nb0okk,train,2,http://wfrp.ia/resource/reddit/post/1nb0okk,ont_Datos_Neutro,data,http://wfrp.ia/dominio/ciencia-tecnologia#Datos,4.0,False
1nb0okk,train,2,http://wfrp.ia/resource/reddit/post/1nb0okk,ont_has_ontology_elements,global_counts,,1.0,False
1nb0okk,train,2,http://wfrp.ia/resource/reddit/post/1nb0okk,ont_count_domain_concepts,global_counts,,4.0,False
1nb0okk,train,2,http://wfrp.ia/resource/reddit/post/1nb0okk,ont_total_neutro_mentions,global_counts,,15.0,False
1nb0okk,train,2,http://wfrp.ia/resource/reddit/post/1nb0okk,ont_domain_score,global_counts,,12.5,False
1nb0okk,train,2,http://wfrp.ia/resource/reddit/post/1nb0okk,ont_domain_density,global_counts,,0.02072538860103627,True
1nalsse,train,2,http://wfrp.ia/resource/reddit/post/1nalsse,ont_InteligenciaArtificial_Positivo,ai,http://wfrp.ia/dominio/ciencia-tecnologia#InteligenciaArtificial,1.0,False
1nalsse,train,2,http://wfrp.ia/resource/reddit/post/1nalsse,ont_InteligenciaArtificial_Neutro,ai,http://wfrp.ia/dominio/ciencia-tecnologia#InteligenciaArtificial,3.0,False
1nalsse,train,2,http://wfrp.ia/resource/reddit/post/1nalsse,ont_Tecnologia_Neutro,technology,http://wfrp.ia/dominio/ciencia-tecnologia#Tecnologia,1.0,True
1nalsse,train,2,http://wfrp.ia/resource/reddit/post/1nalsse,ont_Futuro_Neutro,future,http://wfrp.ia/dominio/ciencia-tecnologia#Futuro,1.0,False
1nalsse,train,2,http://wfrp.ia/resource/reddit/post/1nalsse,ont_Robot_Neutro,robot,http://wfrp.ia/dominio/ciencia-tecnologia#Robot,1.0,False
1nalsse,train,2,http://wfrp.ia/resource/reddit/post/1nalsse,ont_Automatizacion_Neutro,automation,http://wfrp.ia/dominio/ciencia-tecnologia#Automatizacion,6.0,False
1nalsse,train,2,http://wfrp.ia/resource/reddit/post/1nalsse,ont_has_ontology_elements,global_counts,,1.0,False
1nalsse,train,2,http://wfrp.ia/resource/reddit/post/1nalsse,ont_count_domain_concepts,global_counts,,6.0,False
1nalsse,train,2,http://wfrp.ia/resource/reddit/post/1nalsse,ont_total_positivo_mentions,global_counts,,1.0,False
1nalsse,train,2,http://wfrp.ia/resource/reddit/post/1nalsse,ont_total_neutro_mentions,global_counts,,12.0,False
1nalsse,train,2,http://wfrp.ia/resource/reddit/post/1nalsse,ont_domain_score,global_counts,,11.0,False
1nalsse,train,2,http://wfrp.ia/resource/reddit/post/1nalsse,ont_domain_density,global_counts,,0.03409090909090909,True
1ncep32,train,2,http://wfrp.ia/resource/reddit/post/1ncep32,ont_Futuro_Positivo,future,http://wfrp.ia/dominio/ciencia-tecnologia#Futuro,1.0,False
1ncep32,train,2,http://wfrp.ia/resource/reddit/post/1ncep32,ont_has_ontology_elements,global_counts,,1.0,False
1ncep32,train,2,http://wfrp.ia/resource/reddit/post/1ncep32,ont_count_domain_concepts,global_counts,,1.0,False
1ncep32,train,2,http://wfrp.ia/resource/reddit/post/1ncep32,ont_total_positivo_mentions,global_counts,,1.0,False
1ncep32,train,2,http://wfrp.ia/resource/reddit/post/1ncep32,ont_domain_score,global_counts,,1.0,False
1ncep32,train,2,http://wfrp.ia/resource/reddit/post/1ncep32,ont_domain_density,global_counts,,0.011904761904761904,True
1ncvet1,train,0,http://wfrp.ia/resource/reddit/post/1ncvet1,ont_Futuro_Positivo,future,http://wfrp.ia/dominio/ciencia-tecnologia#Futuro,1.0,False
1ncvet1,train,0,http://wfrp.ia/resource/reddit/post/1ncvet1,ont_Futuro_Neutro,future,http://wfrp.ia/dominio/ciencia-tecnologia#Futuro,1.0,False
1ncvet1,train,0,http://wfrp.ia/resource/reddit/post/1ncvet1,ont_has_ontology_elements,global_counts,,1.0,False
1ncvet1,train,0,http://wfrp.ia/resource/reddit/post/1ncvet1,ont_count_domain_concepts,global_counts,,1.0,False
1ncvet1,train,0,http://wfrp.ia/resource/reddit/post/1ncvet1,ont_total_positivo_mentions,global_counts,,1.0,False
1ncvet1,train,0,http://wfrp.ia/resource/reddit/post/1ncvet1,ont_total_neutro_mentions,global_counts,,1.0,False
1ncvet1,train,0,http://wfrp.ia/resource/reddit/post/1ncvet1,ont_domain_score,global_counts,,1.0,False
1ncvet1,train,0,http://wfrp.ia/resource/reddit/post/1ncvet1,ont_domain_density,global_counts,,0.010101010101010102,True
1nckark,train,2,http://wfrp.ia/resource/reddit/post/1nckark,ont_Tecnologia_Neutro,technology,http://wfrp.ia/dominio/ciencia-tecnologia#Tecnologia,2.0,True
1nckark,train,2,http://wfrp.ia/resource/reddit/post/1nckark,ont_Futuro_Neutro,future,http://wfrp.ia/dominio/ciencia-tecnologia#Futuro,1.0,False
1nckark,train,2,http://wfrp.ia/resource/reddit/post/1nckark,ont_has_ontology_elements,global_counts,,1.0,False
1nckark,train,2,http://wfrp.ia/resource/reddit/post/1nckark,ont_count_domain_concepts,global_counts,,2.0,False
1nckark,train,2,http://wfrp.ia/resource/reddit/post/1nckark,ont_total_neutro_mentions,global_counts,,3.0,False
1nckark,train,2,http://wfrp.ia/resource/reddit/post/1nckark,ont_domain_score,global_counts,,2.0,False
1nckark,train,2,http://wfrp.ia/resource/reddit/post/1nckark,ont_domain_density,global_counts,,0.024096385542168676,True
1nd4rz0,train,1,http://wfrp.ia/resource/reddit/post/1nd4rz0,ont_Robot_Neutro,robot,http://wfrp.ia/dominio/ciencia-tecnologia#Robot,1.0,False
1nd4rz0,train,1,http://wfrp.ia/resource/reddit/post/1nd4rz0,ont_Automatizacion_Neutro,automation,http://wfrp.ia/dominio/ciencia-tecnologia#Automatizacion,1.0,False
1nd4rz0,train,1,http://wfrp.ia/resource/reddit/post/1nd4rz0,ont_has_ontology_elements,global_counts,,1.0,False
1nd4rz0,train,1,http://wfrp.ia/resource/reddit/post/1nd4rz0,ont_count_domain_concepts,global_counts,,2.0,False
1nd4rz0,train,1,http://wfrp.ia/resource/reddit/post/1nd4rz0,ont_total_neutro_mentions,global_counts,,2.0,False
1nd4rz0,train,1,http://wfrp.ia/resource/reddit/post/1nd4rz0,ont_domain_score,global_counts,,2.0,False
1nd4rz0,train,1,http://wfrp.ia/resource/reddit/post/1nd4rz0,ont_domain_density,global_counts,,0.07142857142857142,True
1nced4o,train,2,http://wfrp.ia/resource/reddit/post/1nced4o,ont_Futuro_Positivo,future,http://wfrp.ia/dominio/ciencia-tecnologia#Futuro,1.0,False
1nced4o,train,2,http://wfrp.ia/resource/reddit/post/1nced4o,ont_Futuro_Neutro,future,http://wfrp.ia/dominio/ciencia-tecnologia#Futuro,2.0,False
1nced4o,train,2,http://wfrp.ia/resource/reddit/post/1nced4o,ont_has_ontology_elements,global_counts,,1.0,False
1nced4o,train,2,http://wfrp.ia/resource/reddit/post/1nced4o,ont_count_domain_concepts,global_counts,,1.0,False
1nced4o,train,2,http://wfrp.ia/resource/reddit/post/1nced4o,ont_total_positivo_mentions,global_counts,,1.0,False
1nced4o,train,2,http://wfrp.ia/resource/reddit/post/1nced4o,ont_total_neutro_mentions,global_counts,,2.0,False
1nced4o,train,2,http://wfrp.ia/resource/reddit/post/1nced4o,ont_domain_score,global_counts,,1.0,False
1nced4o,train,2,http://wfrp.ia/resource/reddit/post/1nced4o,ont_domain_density,global_counts,,0.007352941176470588,True
1ncrcyv,train,2,http://wfrp.ia/resource/reddit/post/1ncrcyv,ont_Tecnologia_Neutro,technology,http://wfrp.ia/dominio/ciencia-tecnologia#Tecnologia,3.0,True
1ncrcyv,train,2,http://wfrp.ia/resource/reddit/post/1ncrcyv,ont_Futuro_Neutro,future,http://wfrp.ia/dominio/ciencia-tecnologia#Futuro,1.0,False
1ncrcyv,train,2,http://wfrp.ia/resource/reddit/post/1ncrcyv,ont_has_ontology_elements,global_counts,,1.0,False
1ncrcyv,train,2,http://wfrp.ia/resource/reddit/post/1ncrcyv,ont_count_domain_concepts,global_counts,,3.0,False
1ncrcyv,train,2,http://wfrp.ia/resource/reddit/post/1ncrcyv,ont_total_neutro_mentions,global_counts,,4.0,False
1ncrcyv,train,2,http://wfrp.ia/resource/reddit/post/1ncrcyv,ont_domain_score,global_counts,,3.0,False
1ncrcyv,train,2,http://wfrp.ia/resource/reddit/post/1ncrcyv,ont_domain_density,global_counts,,0.02654867256637168,True
1ncnjae,train,2,http://wfrp.ia/resource/reddit/post/1ncnjae,ont_Tecnologia_Neutro,technology,http://wfrp.ia/dominio/ciencia-tecnologia#Tecnologia,2.0,True
1ncnjae,train,2,http://wfrp.ia/resource/reddit/post/1ncnjae,ont_has_ontology_elements,global_counts,,1.0,False
1ncnjae,train,2,http://wfrp.ia/resource/reddit/post/1ncnjae,ont_count_domain_concepts,global_counts,,1.0,False
1ncnjae,train,2,http://wfrp.ia/resource/reddit/post/1ncnjae,ont_total_neutro_mentions,global_counts,,2.0,False
1ncnjae,train,2,http://wfrp.ia/resource/reddit/post/1ncnjae,ont_domain_score,global_counts,,2.0,False
1ncnjae,train,2,http://wfrp.ia/resource/reddit/post/1ncnjae,ont_domain_density,global_counts,,0.016666666666666666,True
1ncuv1q,train,2,http://wfrp.ia/resource/reddit/post/1ncuv1q,ont_Futuro_Neutro,future,http://wfrp.ia/dominio/ciencia-tecnologia#Futuro,1.0,False
1ncuv1q,train,2,http://wfrp.ia/resource/reddit/post/1ncuv1q,ont_has_ontology_elements,global_counts,,1.0,False
1ncuv1q,train,2,http://wfrp.ia/resource/reddit/post/1ncuv1q,ont_count_domain_concepts,global_counts,,1.0,False
1ncuv1q,train,2,http://wfrp.ia/resource/reddit/post/1ncuv1q,ont_total_neutro_mentions,global_counts,,1.0,False
1ncuv1q,train,2,http://wfrp.ia/resource/reddit/post/1ncuv1q,ont_domain_score,global_counts,,1.0,False
1ncuv1q,train,2,http://wfrp.ia/resource/reddit/post/1ncuv1q,ont_domain_density,global_counts,,0.011363636363636364,True
1nckjx3,train,1,http://wfrp.ia/resource/reddit/post/1nckjx3,ont_InteligenciaArtificial_Neutro,ai,http://wfrp.ia/dominio/ciencia-tecnologia#InteligenciaArtificial,2.0,False
1nckjx3,train,1,http://wfrp.ia/resource/reddit/post/1nckjx3,ont_has_ontology_elements,global_counts,,1.0,False
1nckjx3,train,1,http://wfrp.ia/resource/reddit/post/1nckjx3,ont_count_domain_concepts,global_counts,,1.0,False
1nckjx3,train,1,http://wfrp.ia/resource/reddit/post/1nckjx3,ont_total_neutro_mentions,global_counts,,2.0,False
1nckjx3,train,1,http://wfrp.ia/resource/reddit/post/1nckjx3,ont_domain_score,global_counts,,2.0,False
1nckjx3,train,1,http://wfrp.ia/resource/reddit/post/1nckjx3,ont_domain_density,global_counts,,0.022222222222222223,True
1nbjehy,train,2,http://wfrp.ia/resource/reddit/post/1nbjehy,ont_InteligenciaArtificial_Neutro,ai,http://wfrp.ia/dominio/ciencia-tecnologia#InteligenciaArtificial,9.0,False
1nbjehy,train,2,http://wfrp.ia/resource/reddit/post/1nbjehy,ont_Tecnologia_Neutro,technology,http://wfrp.ia/dominio/ciencia-tecnologia#Tecnologia,7.0,True
1nbjehy,train,2,http://wfrp.ia/resource/reddit/post/1nbjehy,ont_Futuro_Neutro,future,http://wfrp.ia/dominio/ciencia-tecnologia#Futuro,4.0,False
1nbjehy,train,2,http://wfrp.ia/resource/reddit/post/1nbjehy,ont_Algoritmo_Neutro,algorithm,http://wfrp.ia/dominio/ciencia-tecnologia#Algoritmo,1.0,False
1nbjehy,train,2,http://wfrp.ia/resource/reddit/post/1nbjehy,ont_has_ontology_elements,global_counts,,1.0,False
1nbjehy,train,2,http://wfrp.ia/resource/reddit/post/1nbjehy,ont_count_domain_concepts,global_counts,,6.0,False
1nbjehy,train,2,http://wfrp.ia/resource/reddit/post/1nbjehy,ont_total_neutro_mentions,global_counts,,21.0,False
1nbjehy,train,2,http://wfrp.ia/resource/reddit/post/1nbjehy,ont_domain_score,global_counts,,7.0,False
1nbjehy,train,2,http://wfrp.ia/resource/reddit/post/1nbjehy,ont_domain_density,global_counts,,0.0024630541871921183,True
1nbwtno,train,2,http://wfrp.ia/resource/reddit/post/1nbwtno,ont_Futuro_Neutro,future,http://wfrp.ia/dominio/ciencia-tecnologia#Futuro,2.0,False
1nbwtno,train,2,http://wfrp.ia/resource/reddit/post/1nbwtno,ont_has_ontology_elements,global_counts,,1.0,False
1nbwtno,train,2,http://wfrp.ia/resource/reddit/post/1nbwtno,ont_count_domain_concepts,global_counts,,1.0,False
1nbwtno,train,2,http://wfrp.ia/resource/reddit/post/1nbwtno,ont_total_neutro_mentions,global_counts,,2.0,False
1nbwtno,train,2,http://wfrp.ia/resource/reddit/post/1nbwtno,ont_domain_score,global_counts,,2.0,False
1nbwtno,train,2,http://wfrp.ia/resource/reddit/post/1nbwtno,ont_domain_density,global_counts,,0.043478260869565216,True
1naez1w,train,2,http://wfrp.ia/resource/reddit/post/1naez1w,ont_Tecnologia_Positivo,technology,http://wfrp.ia/dominio/ciencia-tecnologia#Tecnologia,1.0,False
1naez1w,train,2,http://wfrp.ia/resource/reddit/post/1naez1w,ont_has_ontology_elements,global_counts,,1.0,False
1naez1w,train,2,http://wfrp.ia/resource/reddit/post/1naez1w,ont_count_domain_concepts,global_counts,,1.0,False
1naez1w,train,2,http://wfrp.ia/resource/reddit/post/1naez1w,ont_total_positivo_mentions,global_counts,,1.0,False
1naez1w,train,2,http://wfrp.ia/resource/reddit/post/1naez1w,ont_domain_score,global_counts,,1.0,False
1naez1w,train,2,http://wfrp.ia/resource/reddit/post/1naez1w,ont_domain_density,global_counts,,0.05,True
1na4xd7,train,0,http://wfrp.ia/resource/reddit/post/1na4xd7,ont_InteligenciaArtificial_Neutro,ai,http://wfrp.ia/dominio/ciencia-tecnologia#InteligenciaArtificial,1.0,False
1na4xd7,train,0,http://wfrp.ia/resource/reddit/post/1na4xd7,ont_Robot_Neutro,robot,http://wfrp.ia/dominio/ciencia-tecnologia#Robot,1.0,False
1na4xd7,train,0,http://wfrp.ia/resource/reddit/post/1na4xd7,ont_has_ontology_elements,global_counts,,1.0,False
1na4xd7,train,0,http://wfrp.ia/resource/reddit/post/1na4xd7,ont_count_domain_concepts,global_counts,,2.0,False
1na4xd7,train,0,http://wfrp.ia/resource/reddit/post/1na4xd7,ont_total_neutro_mentions,global_counts,,2.0,False
1na4xd7,train,0,http://wfrp.ia/resource/reddit/post/1na4xd7,ont_domain_score,global_counts,,2.5,False
1na4xd7,train,0,http://wfrp.ia/resource/reddit/post/1na4xd7,ont_domain_density,global_counts,,0.18181818181818182,True
1na71it,train,1,http://wfrp.ia/resource/reddit/post/1na71it,ont_InteligenciaArtificial_Positivo,ai,http://wfrp.ia/dominio/ciencia-tecnologia#InteligenciaArtificial,1.0,False
1na71it,train,1,http://wfrp.ia/resource/reddit/post/1na71it,ont_InteligenciaArtificial_Negativo,ai,http://wfrp.ia/dominio/ciencia-tecnologia#InteligenciaArtificial,1.0,True
1na71it,train,1,http://wfrp.ia/resource/reddit/post/1na71it,ont_InteligenciaArtificial_Neutro,ai,http://wfrp.ia/dominio/ciencia-tecnologia#InteligenciaArtificial,2.0,False
1na71it,train,1,http://wfrp.ia/resource/reddit/post/1na71it,ont_Etica_Positivo,ethics,http://wfrp.ia/dominio/ciencia-tecnologia#Etica,2.0,False
1na71it,train,1,http://wfrp.ia/resource/reddit/post/1na71it,ont_Etica_Neutro,ethics,http://wfrp.ia/dominio/ciencia-tecnologia#Etica,1.0,False
1na71it,train,1,http://wfrp.ia/resource/reddit/post/1na71it,ont_has_ontology_elements,global_counts,,1.0,False
1na71it,train,1,http://wfrp.ia/resource/reddit/post/1na71it,ont_count_domain_concepts,global_counts,,3.0,False
1na71it,train,1,http://wfrp.ia/resource/reddit/post/1na71it,ont_total_positivo_mentions,global_counts,,3.0,False
1na71it,train,1,http://wfrp.ia/resource/reddit/post/1na71it,ont_total_negativo_mentions,global_counts,,1.0,True
1na71it,train,1,http://wfrp.ia/resource/reddit/post/1na71it,ont_total_neutro_mentions,global_counts,,3.0,False
1na71it,train,1,http://wfrp.ia/resource/reddit/post/1na71it,ont_domain_score,global_counts,,7.0,False
1na71it,train,1,http://wfrp.ia/resource/reddit/post/1na71it,ont_domain_density,global_counts,,0.012145748987854251,True
1n9vd72,train,2,http://wfrp.ia/resource/reddit/post/1n9vd72,ont_Futuro_Neutro,future,http://wfrp.ia/dominio/ciencia-tecnologia#Futuro,1.0,False
1n9vd72,train,2,http://wfrp.ia/resource/reddit/post/1n9vd72,ont_has_ontology_elements,global_counts,,1.0,False
1n9vd72,train,2,http://wfrp.ia/resource/reddit/post/1n9vd72,ont_count_domain_concepts,global_counts,,1.0,False
1n9vd72,train,2,http://wfrp.ia/resource/reddit/post/1n9vd72,ont_total_neutro_mentions,global_counts,,1.0,False
1n9vd72,train,2,http://wfrp.ia/resource/reddit/post/1n9vd72,ont_domain_score,global_counts,,1.0,False
1n9vd72,train,2,http://wfrp.ia/resource/reddit/post/1n9vd72,ont_domain_density,global_counts,,0.045454545454545456,True
1n9znkp,train,2,http://wfrp.ia/resource/reddit/post/1n9znkp,ont_InteligenciaArtificial_Positivo,ai,http://wfrp.ia/dominio/ciencia-tecnologia#InteligenciaArtificial,2.0,False
1n9znkp,train,2,http://wfrp.ia/resource/reddit/post/1n9znkp,ont_InteligenciaArtificial_Neutro,ai,http://wfrp.ia/dominio/ciencia-tecnologia#InteligenciaArtificial,6.0,False
1n9znkp,train,2,http://wfrp.ia/resource/reddit/post/1n9znkp,ont_has_ontology_elements,global_counts,,1.0,False
1n9znkp,train,2,http://wfrp.ia/resource/reddit/post/1n9znkp,ont_count_domain_concepts,global_counts,,1.0,False
1n9znkp,train,2,http://wfrp.ia/resource/reddit/post/1n9znkp,ont_total_positivo_mentions,global_counts,,2.0,False
1n9znkp,train,2,http://wfrp.ia/resource/reddit/post/1n9znkp,ont_total_neutro_mentions,global_counts,,6.0,False
1n9znkp,train,2,http://wfrp.ia/resource/reddit/post/1n9znkp,ont_domain_score,global_counts,,8.0,False
1n9znkp,train,2,http://wfrp.ia/resource/reddit/post/1n9znkp,ont_domain_density,global_counts,,0.00267379679144385,True
1na8535,train,2,http://wfrp.ia/resource/reddit/post/1na8535,ont_Innovacion_Neutro,innovation,http://wfrp.ia/dominio/ciencia-tecnologia#Innovacion,1.0,True
1na8535,train,2,http://wfrp.ia/resource/reddit/post/1na8535,ont_has_ontology_elements,global_counts,,1.0,False
1na8535,train,2,http://wfrp.ia/resource/reddit/post/1na8535,ont_count_domain_concepts,global_counts,,1.0,False
1na8535,train,2,http://wfrp.ia/resource/reddit/post/1na8535,ont_total_neutro_mentions,global_counts,,1.0,False
1na8535,train,2,http://wfrp.ia/resource/reddit/post/1na8535,ont_domain_score,global_counts,,1.0,False
1na8535,train,2,http://wfrp.ia/resource/reddit/post/1na8535,ont_domain_density,global_counts,,0.010526315789473684,True
1nahi9c,train,2,http://wfrp.ia/resource/reddit/post/1nahi9c,ont_InteligenciaArtificial_Neutro,ai,http://wfrp.ia/dominio/ciencia-tecnologia#InteligenciaArtificial,1.0,False
1nahi9c,train,2,http://wfrp.ia/resource/reddit/post/1nahi9c,ont_has_ontology_elements,global_counts,,1.0,False
1nahi9c,train,2,http://wfrp.ia/resource/reddit/post/1nahi9c,ont_count_domain_concepts,global_counts,,1.0,False
1nahi9c,train,2,http://wfrp.ia/resource/reddit/post/1nahi9c,ont_total_neutro_mentions,global_counts,,1.0,False
1nahi9c,train,2,http://wfrp.ia/resource/reddit/post/1nahi9c,ont_domain_score,global_counts,,1.0,False
1nahi9c,train,2,http://wfrp.ia/resource/reddit/post/1nahi9c,ont_domain_density,global_counts,,0.0051813471502590676,True
1nac1ua,train,0,http://wfrp.ia/resource/reddit/post/1nac1ua,ont_InteligenciaArtificial_Positivo,ai,http://wfrp.ia/dominio/ciencia-tecnologia#InteligenciaArtificial,1.0,False
1nac1ua,train,0,http://wfrp.ia/resource/reddit/post/1nac1ua,ont_InteligenciaArtificial_Neutro,ai,http://wfrp.ia/dominio/ciencia-tecnologia#InteligenciaArtificial,8.0,False
1nac1ua,train,0,http://wfrp.ia/resource/reddit/post/1nac1ua,ont_Robot_Positivo,robot,http://wfrp.ia/dominio/ciencia-tecnologia#Robot,1.0,False
1nac1ua,train,0,http://wfrp.ia/resource/reddit/post/1nac1ua,ont_Etica_Neutro,ethics,http://wfrp.ia/dominio/ciencia-tecnologia#Etica,4.0,False
1nac1ua,train,0,http://wfrp.ia/resource/reddit/post/1nac1ua,ont_has_ontology_elements,global_counts,,1.0,False
1nac1ua,train,0,http://wfrp.ia/resource/reddit/post/1nac1ua,ont_count_domain_concepts,global_counts,,4.0,False
1nac1ua,train,0,http://wfrp.ia/resource/reddit/post/1nac1ua,ont_total_positivo_mentions,global_counts,,2.0,False
1nac1ua,train,0,http://wfrp.ia/resource/reddit/post/1nac1ua,ont_total_neutro_mentions,global_counts,,12.0,False
1nac1ua,train,0,http://wfrp.ia/resource/reddit/post/1nac1ua,ont_domain_score,global_counts,,13.0,False
1nac1ua,train,0,http://wfrp.ia/resource/reddit/post/1nac1ua,ont_domain_density,global_counts,,0.012578616352201259,True
1nhvp01,train,1,http://wfrp.ia/resource/reddit/post/1nhvp01,ont_InteligenciaArtificial_Neutro,ai,http://wfrp.ia/dominio/ciencia-tecnologia#InteligenciaArtificial,1.0,False
1nhvp01,train,1,http://wfrp.ia/resource/reddit/post/1nhvp01,ont_Futuro_Neutro,future,http://wfrp.ia/dominio/ciencia-tecnologia#Futuro,4.0,False
1nhvp01,train,1,http://wfrp.ia/resource/reddit/post/1nhvp01,ont_Datos_Neutro,data,http://wfrp.ia/dominio/ciencia-tecnologia#Datos,2.0,False
1nhvp01,train,1,http://wfrp.ia/resource/reddit/post/1nhvp01,ont_has_ontology_elements,global_counts,,1.0,False
1nhvp01,train,1,http://wfrp.ia/resource/reddit/post/1nhvp01,ont_count_domain_concepts,global_counts,,3.0,False
1nhvp01,train,1,http://wfrp.ia/resource/reddit/post/1nhvp01,ont_total_neutro_mentions,global_counts,,7.0,False
1nhvp01,train,1,http://wfrp.ia/resource/reddit/post/1nhvp01,ont_domain_score,global_counts,,3.0,False
1nhvp01,train,1,http://wfrp.ia/resource/reddit/post/1nhvp01,ont_domain_density,global_counts,,0.007957559681697613,True
1ni4qku,train,0,http://wfrp.ia/resource/reddit/post/1ni4qku,ont_InteligenciaArtificial_Neutro,ai,http://wfrp.ia/dominio/ciencia-tecnologia#InteligenciaArtificial,1.0,False
1ni4qku,train,0,http://wfrp.ia/resource/reddit/post/1ni4qku,ont_Futuro_Neutro,future,http://wfrp.ia/dominio/ciencia-tecnologia#Futuro,1.0,False
1ni4qku,train,0,http://wfrp.ia/resource/reddit/post/1ni4qku,ont_Datos_Neutro,data,http://wfrp.ia/dominio/ciencia-tecnologia#Datos,3.0,False
1ni4qku,train,0,http://wfrp.ia/resource/reddit/post/1ni4qku,ont_Robot_Neutro,robot,http://wfrp.ia/dominio/ciencia-tecnologia#Robot,7.0,False
1ni4qku,train,0,http://wfrp.ia/resource/reddit/post/1ni4qku,ont_Etica_Positivo,ethics,http://wfrp.ia/dominio/ciencia-tecnologia#Etica,1.0,False
1ni4qku,train,0,http://wfrp.ia/resource/reddit/post/1ni4qku,ont_Etica_Neutro,ethics,http://wfrp.ia/dominio/ciencia-tecnologia#Etica,1.0,False
1ni4qku,train,0,http://wfrp.ia/resource/reddit/post/1ni4qku,ont_has_ontology_elements,global_counts,,1.0,False
1ni4qku,train,0,http://wfrp.ia/resource/reddit/post/1ni4qku,ont_count_domain_concepts,global_counts,,5.0,False
1ni4qku,train,0,http://wfrp.ia/resource/reddit/post/1ni4qku,ont_total_positivo_mentions,global_counts,,1.0,False
1ni4qku,train,0,http://wfrp.ia/resource/reddit/post/1ni4qku,ont_total_neutro_mentions,global_counts,,13.0,False
1ni4qku,train,0,http://wfrp.ia/resource/reddit/post/1ni4qku,ont_domain_score,global_counts,,7.5,False
1ni4qku,train,0,http://wfrp.ia/resource/reddit/post/1ni4qku,ont_domain_density,global_counts,,0.008090614886731391,True
1nhes6x,train,2,http://wfrp.ia/resource/reddit/post/1nhes6x,ont_has_ontology_elements,global_counts,,1.0,False
1nhelfu,train,0,http://wfrp.ia/resource/reddit/post/1nhelfu,ont_InteligenciaArtificial_Neutro,ai,http://wfrp.ia/dominio/ciencia-tecnologia#InteligenciaArtificial,1.0,False
1nhelfu,train,0,http://wfrp.ia/resource/reddit/post/1nhelfu,ont_Tecnologia_Neutro,technology,http://wfrp.ia/dominio/ciencia-tecnologia#Tecnologia,1.0,True
1nhelfu,train,0,http://wfrp.ia/resource/reddit/post/1nhelfu,ont_Futuro_Positivo,future,http://wfrp.ia/dominio/ciencia-tecnologia#Futuro,1.0,False
1nhelfu,train,0,http://wfrp.ia/resource/reddit/post/1nhelfu,ont_Futuro_Neutro,future,http://wfrp.ia/dominio/ciencia-tecnologia#Futuro,1.0,False
1nhelfu,train,0,http://wfrp.ia/resource/reddit/post/1nhelfu,ont_has_ontology_elements,global_counts,,1.0,False
1nhelfu,train,0,http://wfrp.ia/resource/reddit/post/1nhelfu,ont_count_domain_concepts,global_counts,,3.0,False
1nhelfu,train,0,http://wfrp.ia/resource/reddit/post/1nhelfu,ont_total_positivo_mentions,global_counts,,1.0,False
1nhelfu,train,0,http://wfrp.ia/resource/reddit/post/1nhelfu,ont_total_neutro_mentions,global_counts,,3.0,False
1nhelfu,train,0,http://wfrp.ia/resource/reddit/post/1nhelfu,ont_domain_score,global_counts,,3.0,False
1nhelfu,train,0,http://wfrp.ia/resource/reddit/post/1nhelfu,ont_domain_density,global_counts,,0.022058823529411766,True
1nhe9zg,train,0,http://wfrp.ia/resource/reddit/post/1nhe9zg,ont_Tecnologia_Neutro,technology,http://wfrp.ia/dominio/ciencia-tecnologia#Tecnologia,1.0,True
1nhe9zg,train,0,http://wfrp.ia/resource/reddit/post/1nhe9zg,ont_Futuro_Neutro,future,http://wfrp.ia/dominio/ciencia-tecnologia#Futuro,1.0,False
1nhe9zg,train,0,http://wfrp.ia/resource/reddit/post/1nhe9zg,ont_Innovacion_Neutro,innovation,http://wfrp.ia/dominio/ciencia-tecnologia#Innovacion,1.0,True
1nhe9zg,train,0,http://wfrp.ia/resource/reddit/post/1nhe9zg,ont_has_ontology_elements,global_counts,,1.0,False
1nhe9zg,train,0,http://wfrp.ia/resource/reddit/post/1nhe9zg,ont_count_domain_concepts,global_counts,,3.0,False
1nhe9zg,train,0,http://wfrp.ia/resource/reddit/post/1nhe9zg,ont_total_neutro_mentions,global_counts,,3.0,False
1nhe9zg,train,0,http://wfrp.ia/resource/reddit/post/1nhe9zg,ont_domain_score,global_counts,,3.0,False
1nhe9zg,train,0,http://wfrp.ia/resource/reddit/post/1nhe9zg,ont_domain_density,global_counts,,0.05454545454545454,True
1nf8xhs,train,2,http://wfrp.ia/resource/reddit/post/1nf8xhs,ont_InteligenciaArtificial_Neutro,ai,http://wfrp.ia/dominio/ciencia-tecnologia#InteligenciaArtificial,2.0,False
1nf8xhs,train,2,http://wfrp.ia/resource/reddit/post/1nf8xhs,ont_Tecnologia_Neutro,technology,http://wfrp.ia/dominio/ciencia-tecnologia#Tecnologia,1.0,True
1nf8xhs,train,2,http://wfrp.ia/resource/reddit/post/1nf8xhs,ont_Automatizacion_Neutro,automation,http://wfrp.ia/dominio/ciencia-tecnologia#Automatizacion,1.0,False
1nf8xhs,train,2,http://wfrp.ia/resource/reddit/post/1nf8xhs,ont_has_ontology_elements,global_counts,,1.0,False
1nf8xhs,train,2,http://wfrp.ia/resource/reddit/post/1nf8xhs,ont_count_domain_concepts,global_counts,,3.0,False
1nf8xhs,train,2,http://wfrp.ia/resource/reddit/post/1nf8xhs,ont_total_neutro_mentions,global_counts,,4.0,False
1nf8xhs,train,2,http://wfrp.ia/resource/reddit/post/1nf8xhs,ont_domain_score,global_counts,,4.0,False
1nf8xhs,train,2,http://wfrp.ia/resource/reddit/post/1nf8xhs,ont_domain_density,global_counts,,0.04285714285714286,True
1nfkmlc,train,2,http://wfrp.ia/resource/reddit/post/1nfkmlc,ont_InteligenciaArtificial_Neutro,ai,http://wfrp.ia/dominio/ciencia-tecnologia#InteligenciaArtificial,4.0,False
1nfkmlc,train,2,http://wfrp.ia/resource/reddit/post/1nfkmlc,ont_Tecnologia_Neutro,technology,http://wfrp.ia/dominio/ciencia-tecnologia#Tecnologia,2.0,True
1nfkmlc,train,2,http://wfrp.ia/resource/reddit/post/1nfkmlc,ont_Futuro_Neutro,future,http://wfrp.ia/dominio/ciencia-tecnologia#Futuro,2.0,False
1nfkmlc,train,2,http://wfrp.ia/resource/reddit/post/1nfkmlc,ont_has_ontology_elements,global_counts,,1.0,False
1nfkmlc,train,2,http://wfrp.ia/resource/reddit/post/1nfkmlc,ont_count_domain_concepts,global_counts,,3.0,False
1nfkmlc,train,2,http://wfrp.ia/resource/reddit/post/1nfkmlc,ont_total_neutro_mentions,global_counts,,8.0,False
1nfkmlc,train,2,http://wfrp.ia/resource/reddit/post/1nfkmlc,ont_domain_score,global_counts,,6.0,False
1nfkmlc,train,2,http://wfrp.ia/resource/reddit/post/1nfkmlc,ont_domain_density,global_counts,,0.010830324909747292,True
1nf9szp,train,2,http://wfrp.ia/resource/reddit/post/1nf9szp,ont_Futuro_Neutro,future,http://wfrp.ia/dominio/ciencia-tecnologia#Futuro,1.0,False
1nf9szp,train,2,http://wfrp.ia/resource/reddit/post/1nf9szp,ont_has_ontology_elements,global_counts,,1.0,False
1nf9szp,train,2,http://wfrp.ia/resource/reddit/post/1nf9szp,ont_count_domain_concepts,global_counts,,1.0,False
1nf9szp,train,2,http://wfrp.ia/resource/reddit/post/1nf9szp,ont_total_neutro_mentions,global_counts,,1.0,False
1nf9szp,train,2,http://wfrp.ia/resource/reddit/post/1nf9szp,ont_domain_score,global_counts,,1.0,False
1nf9szp,train,2,http://wfrp.ia/resource/reddit/post/1nf9szp,ont_domain_density,global_counts,,0.038461538461538464,True
1nf5cr0,train,2,http://wfrp.ia/resource/reddit/post/1nf5cr0,ont_Etica_Positivo,ethics,http://wfrp.ia/dominio/ciencia-tecnologia#Etica,1.0,False
1nf5cr0,train,2,http://wfrp.ia/resource/reddit/post/1nf5cr0,ont_has_ontology_elements,global_counts,,1.0,False
1nf5cr0,train,2,http://wfrp.ia/resource/reddit/post/1nf5cr0,ont_count_domain_concepts,global_counts,,1.0,False
1nf5cr0,train,2,http://wfrp.ia/resource/reddit/post/1nf5cr0,ont_total_positivo_mentions,global_counts,,1.0,False
1nf5cr0,train,2,http://wfrp.ia/resource/reddit/post/1nf5cr0,ont_domain_score,global_counts,,1.0,False
1nf5cr0,train,2,http://wfrp.ia/resource/reddit/post/1nf5cr0,ont_domain_density,global_counts,,0.09090909090909091,True
1nfex6t,train,1,http://wfrp.ia/resource/reddit/post/1nfex6t,ont_Futuro_Neutro,future,http://wfrp.ia/dominio/ciencia-tecnologia#Futuro,1.0,False
1nfex6t,train,1,http://wfrp.ia/resource/reddit/post/1nfex6t,ont_has_ontology_elements,global_counts,,1.0,False
1nfex6t,train,1,http://wfrp.ia/resource/reddit/post/1nfex6t,ont_count_domain_concepts,global_counts,,1.0,False
1nfex6t,train,1,http://wfrp.ia/resource/reddit/post/1nfex6t,ont_total_neutro_mentions,global_counts,,1.0,False
1nfex6t,train,1,http://wfrp.ia/resource/reddit/post/1nfex6t,ont_domain_score,global_counts,,1.0,False
1nfex6t,train,1,http://wfrp.ia/resource/reddit/post/1nfex6t,ont_domain_density,global_counts,,0.004545454545454545,True
1ng5azt,train,2,http://wfrp.ia/resource/reddit/post/1ng5azt,ont_Futuro_Neutro,future,http://wfrp.ia/dominio/ciencia-tecnologia#Futuro,2.0,False
1ng5azt,train,2,http://wfrp.ia/resource/reddit/post/1ng5azt,ont_Automatizacion_Neutro,automation,http://wfrp.ia/dominio/ciencia-tecnologia#Automatizacion,1.0,False
1ng5azt,train,2,http://wfrp.ia/resource/reddit/post/1ng5azt,ont_has_ontology_elements,global_counts,,1.0,False
1ng5azt,train,2,http://wfrp.ia/resource/reddit/post/1ng5azt,ont_count_domain_concepts,global_counts,,2.0,False
1ng5azt,train,2,http://wfrp.ia/resource/reddit/post/1ng5azt,ont_total_neutro_mentions,global_counts,,3.0,False
1ng5azt,train,2,http://wfrp.ia/resource/reddit/post/1ng5azt,ont_domain_score,global_counts,,2.0,False
1ng5azt,train,2,http://wfrp.ia/resource/reddit/post/1ng5azt,ont_domain_density,global_counts,,0.015748031496062992,True
1nftrrq,train,1,http://wfrp.ia/resource/reddit/post/1nftrrq,ont_InteligenciaArtificial_Neutro,ai,http://wfrp.ia/dominio/ciencia-tecnologia#InteligenciaArtificial,2.0,False
1nftrrq,train,1,http://wfrp.ia/resource/reddit/post/1nftrrq,ont_has_ontology_elements,global_counts,,1.0,False
1nftrrq,train,1,http://wfrp.ia/resource/reddit/post/1nftrrq,ont_count_domain_concepts,global_counts,,1.0,False
1nftrrq,train,1,http://wfrp.ia/resource/reddit/post/1nftrrq,ont_total_neutro_mentions,global_counts,,2.0,False
1nftrrq,train,1,http://wfrp.ia/resource/reddit/post/1nftrrq,ont_domain_score,global_counts,,2.0,False
1nftrrq,train,1,http://wfrp.ia/resource/reddit/post/1nftrrq,ont_domain_density,global_counts,,0.022727272727272728,True
1nfqlm6,train,2,http://wfrp.ia/resource/reddit/post/1nfqlm6,ont_InteligenciaArtificial_Positivo,ai,http://wfrp.ia/dominio/ciencia-tecnologia#InteligenciaArtificial,2.0,False
1nfqlm6,train,2,http://wfrp.ia/resource/reddit/post/1nfqlm6,ont_InteligenciaArtificial_Neutro,ai,http://wfrp.ia/dominio/ciencia-tecnologia#InteligenciaArtificial,7.0,False
1nfqlm6,train,2,http://wfrp.ia/resource/reddit/post/1nfqlm6,ont_Datos_Neutro,data,http://wfrp.ia/dominio/ciencia-tecnologia#Datos,3.0,False
1nfqlm6,train,2,http://wfrp.ia/resource/reddit/post/1nfqlm6,ont_has_ontology_elements,global_counts,,1.0,False
1nfqlm6,train,2,http://wfrp.ia/resource/reddit/post/1nfqlm6,ont_count_domain_concepts,global_counts,,2.0,False
1nfqlm6,train,2,http://wfrp.ia/resource/reddit/post/1nfqlm6,ont_total_positivo_mentions,global_counts,,2.0,False
1nfqlm6,train,2,http://wfrp.ia/resource/reddit/post/1nfqlm6,ont_total_neutro_mentions,global_counts,,10.0,False
1nfqlm6,train,2,http://wfrp.ia/resource/reddit/post/1nfqlm6,ont_domain_score,global_counts,,11.0,False
1nfqlm6,train,2,http://wfrp.ia/resource/reddit/post/1nfqlm6,ont_domain_density,global_counts,,0.005714285714285714,True
1nfpfp4,train,1,http://wfrp.ia/resource/reddit/post/1nfpfp4,ont_InteligenciaArtificial_Positivo,ai,http://wfrp.ia/dominio/ciencia-tecnologia#InteligenciaArtificial,1.0,False
1nfpfp4,train,1,http://wfrp.ia/resource/reddit/post/1nfpfp4,ont_has_ontology_elements,global_counts,,1.0,False
1nfpfp4,train,1,http://wfrp.ia/resource/reddit/post/1nfpfp4,ont_count_domain_concepts,global_counts,,1.0,False
1nfpfp4,train,1,http://wfrp.ia/resource/reddit/post/1nfpfp4,ont_total_positivo_mentions,global_counts,,1.0,False
1nfpfp4,train,1,http://wfrp.ia/resource/reddit/post/1nfpfp4,ont_domain_score,global_counts,,1.0,False
1nfpfp4,train,1,http://wfrp.ia/resource/reddit/post/1nfpfp4,ont_domain_density,global_counts,,0.05263157894736842,True
1nfp373,train,0,http://wfrp.ia/resource/reddit/post/1nfp373,ont_InteligenciaArtificial_Positivo,ai,http://wfrp.ia/dominio/ciencia-tecnologia#InteligenciaArtificial,1.0,False
1nfp373,train,0,http://wfrp.ia/resource/reddit/post/1nfp373,ont_InteligenciaArtificial_Neutro,ai,http://wfrp.ia/dominio/ciencia-tecnologia#InteligenciaArtificial,3.0,False
1nfp373,train,0,http://wfrp.ia/resource/reddit/post/1nfp373,ont_Futuro_Neutro,future,http://wfrp.ia/dominio/ciencia-tecnologia#Futuro,7.0,False
1nfp373,train,0,http://wfrp.ia/resource/reddit/post/1nfp373,ont_Robot_Neutro,robot,http://wfrp.ia/dominio/ciencia-tecnologia#Robot,1.0,False
1nfp373,train,0,http://wfrp.ia/resource/reddit/post/1nfp373,ont_has_ontology_elements,global_counts,,1.0,False
1nfp373,train,0,http://wfrp.ia/resource/reddit/post/1nfp373,ont_count_domain_concepts,global_counts,,3.0,False
1nfp373,train,0,http://wfrp.ia/resource/reddit/post/1nfp373,ont_total_positivo_mentions,global_counts,,1.0,False
1nfp373,train,0,http://wfrp.ia/resource/reddit/post/1nfp373,ont_total_neutro_mentions,global_counts,,11.0,False
1nfp373,train,0,http://wfrp.ia/resource/reddit/post/1nfp373,ont_domain_score,global_counts,,6.0,False
1nfp373,train,0,http://wfrp.ia/resource/reddit/post/1nfp373,ont_domain_density,global_counts,,0.006160164271047228,True
1nfud9l,train,2,http://wfrp.ia/resource/reddit/post/1nfud9l,ont_InteligenciaArtificial_Neutro,ai,http://wfrp.ia/dominio/ciencia-tecnologia#InteligenciaArtificial,5.0,False
1nfud9l,train,2,http://wfrp.ia/resource/reddit/post/1nfud9l,ont_Futuro_Neutro,future,http://wfrp.ia/dominio/ciencia-tecnologia#Futuro,1.0,False
1nfud9l,train,2,http://wfrp.ia/resource/reddit/post/1nfud9l,ont_Datos_Neutro,data,http://wfrp.ia/dominio/ciencia-tecnologia#Datos,1.0,False
1nfud9l,train,2,http://wfrp.ia/resource/reddit/post/1nfud9l,ont_Etica_Positivo,ethics,http://wfrp.ia/dominio/ciencia-tecnologia#Etica,1.0,False
1nfud9l,train,2,http://wfrp.ia/resource/reddit/post/1nfud9l,ont_has_ontology_elements,global_counts,,1.0,False
1nfud9l,train,2,http://wfrp.ia/resource/reddit/post/1nfud9l,ont_count_domain_concepts,global_counts,,4.0,False
1nfud9l,train,2,http://wfrp.ia/resource/reddit/post/1nfud9l,ont_total_positivo_mentions,global_counts,,1.0,False
1nfud9l,train,2,http://wfrp.ia/resource/reddit/post/1nfud9l,ont_total_neutro_mentions,global_counts,,7.0,False
1nfud9l,train,2,http://wfrp.ia/resource/reddit/post/1nfud9l,ont_domain_score,global_counts,,7.5,False
1nfud9l,train,2,http://wfrp.ia/resource/reddit/post/1nfud9l,ont_domain_density,global_counts,,0.029850746268656716,True
1ng4u4k,train,1,http://wfrp.ia/resource/reddit/post/1ng4u4k,ont_InteligenciaArtificial_Neutro,ai,http://wfrp.ia/dominio/ciencia-tecnologia#InteligenciaArtificial,3.0,False
1ng4u4k,train,1,http://wfrp.ia/resource/reddit/post/1ng4u4k,ont_has_ontology_elements,global_counts,,1.0,False
1ng4u4k,train,1,http://wfrp.ia/resource/reddit/post/1ng4u4k,ont_count_domain_concepts,global_counts,,2.0,False
1ng4u4k,train,1,http://wfrp.ia/resource/reddit/post/1ng4u4k,ont_total_neutro_mentions,global_counts,,3.0,False
1ng4u4k,train,1,http://wfrp.ia/resource/reddit/post/1ng4u4k,ont_domain_score,global_counts,,4.0,False
1ng4u4k,train,1,http://wfrp.ia/resource/reddit/post/1ng4u4k,ont_domain_density,global_counts,,0.029850746268656716,True
1nfpoad,train,2,http://wfrp.ia/resource/reddit/post/1nfpoad,ont_InteligenciaArtificial_Neutro,ai,http://wfrp.ia/dominio/ciencia-tecnologia#InteligenciaArtificial,2.0,False
1nfpoad,train,2,http://wfrp.ia/resource/reddit/post/1nfpoad,ont_Futuro_Neutro,future,http://wfrp.ia/dominio/ciencia-tecnologia#Futuro,1.0,False
1nfpoad,train,2,http://wfrp.ia/resource/reddit/post/1nfpoad,ont_Automatizacion_Neutro,automation,http://wfrp.ia/dominio/ciencia-tecnologia#Automatizacion,1.0,False
1nfpoad,train,2,http://wfrp.ia/resource/reddit/post/1nfpoad,ont_has_ontology_elements,global_counts,,1.0,False
1nfpoad,train,2,http://wfrp.ia/resource/reddit/post/1nfpoad,ont_count_domain_concepts,global_counts,,3.0,False
1nfpoad,train,2,http://wfrp.ia/resource/reddit/post/1nfpoad,ont_total_neutro_mentions,global_counts,,4.0,False
1nfpoad,train,2,http://wfrp.ia/resource/reddit/post/1nfpoad,ont_domain_score,global_counts,,4.0,False
1nfpoad,train,2,http://wfrp.ia/resource/reddit/post/1nfpoad,ont_domain_density,global_counts,,0.04,True
1ng0fx1,train,2,http://wfrp.ia/resource/reddit/post/1ng0fx1,ont_InteligenciaArtificial_Neutro,ai,http://wfrp.ia/dominio/ciencia-tecnologia#InteligenciaArtificial,2.0,False
1ng0fx1,train,2,http://wfrp.ia/resource/reddit/post/1ng0fx1,ont_Robot_Neutro,robot,http://wfrp.ia/dominio/ciencia-tecnologia#Robot,2.0,False
1ng0fx1,train,2,http://wfrp.ia/resource/reddit/post/1ng0fx1,ont_Innovacion_Neutro,innovation,http://wfrp.ia/dominio/ciencia-tecnologia#Innovacion,1.0,True
1ng0fx1,train,2,http://wfrp.ia/resource/reddit/post/1ng0fx1,ont_has_ontology_elements,global_counts,,1.0,False
1ng0fx1,train,2,http://wfrp.ia/resource/reddit/post/1ng0fx1,ont_count_domain_concepts,global_counts,,3.0,False
1ng0fx1,train,2,http://wfrp.ia/resource/reddit/post/1ng0fx1,ont_total_neutro_mentions,global_counts,,5.0,False
1ng0fx1,train,2,http://wfrp.ia/resource/reddit/post/1ng0fx1,ont_domain_score,global_counts,,4.5,False
1ng0fx1,train,2,http://wfrp.ia/resource/reddit/post/1ng0fx1,ont_domain_density,global_counts,,0.023622047244094488,True
1ng9vuh,train,1,http://wfrp.ia/resource/reddit/post/1ng9vuh,ont_Tecnologia_Neutro,technology,http://wfrp.ia/dominio/ciencia-tecnologia#Tecnologia,2.0,True
1ng9vuh,train,1,http://wfrp.ia/resource/reddit/post/1ng9vuh,ont_has_ontology_elements,global_counts,,1.0,False
1ng9vuh,train,1,http://wfrp.ia/resource/reddit/post/1ng9vuh,ont_count_domain_concepts,global_counts,,1.0,False
1ng9vuh,train,1,http://wfrp.ia/resource/reddit/post/1ng9vuh,ont_total_neutro_mentions,global_counts,,2.0,False
1ng9vuh,train,1,http://wfrp.ia/resource/reddit/post/1ng9vuh,ont_domain_score,global_counts,,1.0,False
1ng9vuh,train,1,http://wfrp.ia/resource/reddit/post/1ng9vuh,ont_domain_density,global_counts,,0.0047169811320754715,True
1ng69y1,train,1,http://wfrp.ia/resource/reddit/post/1ng69y1,ont_InteligenciaArtificial_Neutro,ai,http://wfrp.ia/dominio/ciencia-tecnologia#InteligenciaArtificial,2.0,False
1ng69y1,train,1,http://wfrp.ia/resource/reddit/post/1ng69y1,ont_Tecnologia_Neutro,technology,http://wfrp.ia/dominio/ciencia-tecnologia#Tecnologia,3.0,True
1ng69y1,train,1,http://wfrp.ia/resource/reddit/post/1ng69y1,ont_Datos_Neutro,data,http://wfrp.ia/dominio/ciencia-tecnologia#Datos,6.0,False
1ng69y1,train,1,http://wfrp.ia/resource/reddit/post/1ng69y1,ont_has_ontology_elements,global_counts,,1.0,False
1ng69y1,train,1,http://wfrp.ia/resource/reddit/post/1ng69y1,ont_count_domain_concepts,global_counts,,3.0,False
1ng69y1,train,1,http://wfrp.ia/resource/reddit/post/1ng69y1,ont_total_neutro_mentions,global_counts,,11.0,False
1ng69y1,train,1,http://wfrp.ia/resource/reddit/post/1ng69y1,ont_domain_score,global_counts,,4.0,False
1ng69y1,train,1,http://wfrp.ia/resource/reddit/post/1ng69y1,ont_domain_density,global_counts,,0.017241379310344827,True
1nfw8qm,train,2,http://wfrp.ia/resource/reddit/post/1nfw8qm,ont_InteligenciaArtificial_Positivo,ai,http://wfrp.ia/dominio/ciencia-tecnologia#InteligenciaArtificial,1.0,False
1nfw8qm,train,2,http://wfrp.ia/resource/reddit/post/1nfw8qm,ont_InteligenciaArtificial_Neutro,ai,http://wfrp.ia/dominio/ciencia-tecnologia#InteligenciaArtificial,2.0,False
1nfw8qm,train,2,http://wfrp.ia/resource/reddit/post/1nfw8qm,ont_Tecnologia_Neutro,technology,http://wfrp.ia/dominio/ciencia-tecnologia#Tecnologia,1.0,True
1nfw8qm,train,2,http://wfrp.ia/resource/reddit/post/1nfw8qm,ont_Futuro_Neutro,future,http://wfrp.ia/dominio/ciencia-tecnologia#Futuro,1.0,False
1nfw8qm,train,2,http://wfrp.ia/resource/reddit/post/1nfw8qm,ont_Datos_Neutro,data,http://wfrp.ia/dominio/ciencia-tecnologia#Datos,9.0,False
1nfw8qm,train,2,http://wfrp.ia/resource/reddit/post/1nfw8qm,ont_Automatizacion_Neutro,automation,http://wfrp.ia/dominio/ciencia-tecnologia#Automatizacion,1.0,False
1nfw8qm,train,2,http://wfrp.ia/resource/reddit/post/1nfw8qm,ont_has_ontology_elements,global_counts,,1.0,False
1nfw8qm,train,2,http://wfrp.ia/resource/reddit/post/1nfw8qm,ont_count_domain_concepts,global_counts,,6.0,False
1nfw8qm,train,2,http://wfrp.ia/resource/reddit/post/1nfw8qm,ont_total_positivo_mentions,global_counts,,1.0,False
1nfw8qm,train,2,http://wfrp.ia/resource/reddit/post/1nfw8qm,ont_total_neutro_mentions,global_counts,,14.0,False
1nfw8qm,train,2,http://wfrp.ia/resource/reddit/post/1nfw8qm,ont_domain_score,global_counts,,9.5,False
1nfw8qm,train,2,http://wfrp.ia/resource/reddit/post/1nfw8qm,ont_domain_density,global_counts,,0.014319809069212411,True
1ngjzuz,train,2,http://wfrp.ia/resource/reddit/post/1ngjzuz,ont_InteligenciaArtificial_Neutro,ai,http://wfrp.ia/dominio/ciencia-tecnologia#InteligenciaArtificial,1.0,False
1ngjzuz,train,2,http://wfrp.ia/resource/reddit/post/1ngjzuz,ont_has_ontology_elements,global_counts,,1.0,False
1ngjzuz,train,2,http://wfrp.ia/resource/reddit/post/1ngjzuz,ont_count_domain_concepts,global_counts,,1.0,False
1ngjzuz,train,2,http://wfrp.ia/resource/reddit/post/1ngjzuz,ont_total_neutro_mentions,global_counts,,1.0,False
1ngjzuz,train,2,http://wfrp.ia/resource/reddit/post/1ngjzuz,ont_domain_score,global_counts,,1.0,False
1ngjzuz,train,2,http://wfrp.ia/resource/reddit/post/1ngjzuz,ont_domain_density,global_counts,,0.011494252873563218,True
1ng2oyl,train,2,http://wfrp.ia/resource/reddit/post/1ng2oyl,ont_InteligenciaArtificial_Neutro,ai,http://wfrp.ia/dominio/ciencia-tecnologia#InteligenciaArtificial,2.0,False
1ng2oyl,train,2,http://wfrp.ia/resource/reddit/post/1ng2oyl,ont_Etica_Positivo,ethics,http://wfrp.ia/dominio/ciencia-tecnologia#Etica,1.0,False
1ng2oyl,train,2,http://wfrp.ia/resource/reddit/post/1ng2oyl,ont_has_ontology_elements,global_counts,,1.0,False
1ng2oyl,train,2,http://wfrp.ia/resource/reddit/post/1ng2oyl,ont_count_domain_concepts,global_counts,,2.0,False
1ng2oyl,train,2,http://wfrp.ia/resource/reddit/post/1ng2oyl,ont_total_positivo_mentions,global_counts,,1.0,False
1ng2oyl,train,2,http://wfrp.ia/resource/reddit/post/1ng2oyl,ont_total_neutro_mentions,global_counts,,2.0,False
1ng2oyl,train,2,http://wfrp.ia/resource/reddit/post/1ng2oyl,ont_domain_score,global_counts,,3.0,False
1ng2oyl,train,2,http://wfrp.ia/resource/reddit/post/1ng2oyl,ont_domain_density,global_counts,,0.08333333333333333,True
1nfwctv,train,1,http://wfrp.ia/resource/reddit/post/1nfwctv,ont_InteligenciaArtificial_Neutro,ai,http://wfrp.ia/dominio/ciencia-tecnologia#InteligenciaArtificial,1.0,False
1nfwctv,train,1,http://wfrp.ia/resource/reddit/post/1nfwctv,ont_Futuro_Neutro,future,http://wfrp.ia/dominio/ciencia-tecnologia#Futuro,2.0,False
1nfwctv,train,1,http://wfrp.ia/resource/reddit/post/1nfwctv,ont_Datos_Neutro,data,http://wfrp.ia/dominio/ciencia-tecnologia#Datos,1.0,False
1nfwctv,train,1,http://wfrp.ia/resource/reddit/post/1nfwctv,ont_has_ontology_elements,global_counts,,1.0,False
1nfwctv,train,1,http://wfrp.ia/resource/reddit/post/1nfwctv,ont_count_domain_concepts,global_counts,,3.0,False
1nfwctv,train,1,http://wfrp.ia/resource/reddit/post/1nfwctv,ont_total_neutro_mentions,global_counts,,4.0,False
1nfwctv,train,1,http://wfrp.ia/resource/reddit/post/1nfwctv,ont_domain_score,global_counts,,3.0,False
1nfwctv,train,1,http://wfrp.ia/resource/reddit/post/1nfwctv,ont_domain_density,global_counts,,0.028037383177570093,True
1ng378m,train,1,http://wfrp.ia/resource/reddit/post/1ng378m,ont_InteligenciaArtificial_Positivo,ai,http://wfrp.ia/dominio/ciencia-tecnologia#InteligenciaArtificial,1.0,False
1ng378m,train,1,http://wfrp.ia/resource/reddit/post/1ng378m,ont_InteligenciaArtificial_Neutro,ai,http://wfrp.ia/dominio/ciencia-tecnologia#InteligenciaArtificial,8.0,False
1ng378m,train,1,http://wfrp.ia/resource/reddit/post/1ng378m,ont_has_ontology_elements,global_counts,,1.0,False
1ng378m,train,1,http://wfrp.ia/resource/reddit/post/1ng378m,ont_count_domain_concepts,global_counts,,1.0,False
1ng378m,train,1,http://wfrp.ia/resource/reddit/post/1ng378m,ont_total_positivo_mentions,global_counts,,1.0,False
1ng378m,train,1,http://wfrp.ia/resource/reddit/post/1ng378m,ont_total_neutro_mentions,global_counts,,8.0,False
1ng378m,train,1,http://wfrp.ia/resource/reddit/post/1ng378m,ont_domain_score,global_counts,,9.0,False
1ng378m,train,1,http://wfrp.ia/resource/reddit/post/1ng378m,ont_domain_density,global_counts,,0.004098360655737705,True
1ngz5s2,train,2,http://wfrp.ia/resource/reddit/post/1ngz5s2,ont_Tecnologia_Neutro,technology,http://wfrp.ia/dominio/ciencia-tecnologia#Tecnologia,2.0,True
1ngz5s2,train,2,http://wfrp.ia/resource/reddit/post/1ngz5s2,ont_Automatizacion_Neutro,automation,http://wfrp.ia/dominio/ciencia-tecnologia#Automatizacion,1.0,False
1ngz5s2,train,2,http://wfrp.ia/resource/reddit/post/1ngz5s2,ont_has_ontology_elements,global_counts,,1.0,False
1ngz5s2,train,2,http://wfrp.ia/resource/reddit/post/1ngz5s2,ont_count_domain_concepts,global_counts,,2.0,False
1ngz5s2,train,2,http://wfrp.ia/resource/reddit/post/1ngz5s2,ont_total_neutro_mentions,global_counts,,3.0,False
1ngz5s2,train,2,http://wfrp.ia/resource/reddit/post/1ngz5s2,ont_domain_score,global_counts,,3.0,False
1ngz5s2,train,2,http://wfrp.ia/resource/reddit/post/1ngz5s2,ont_domain_density,global_counts,,0.013888888888888888,True
1ngxrus,train,2,http://wfrp.ia/resource/reddit/post/1ngxrus,ont_InteligenciaArtificial_Neutro,ai,http://wfrp.ia/dominio/ciencia-tecnologia#InteligenciaArtificial,1.0,False
1ngxrus,train,2,http://wfrp.ia/resource/reddit/post/1ngxrus,ont_has_ontology_elements,global_counts,,1.0,False
1ngxrus,train,2,http://wfrp.ia/resource/reddit/post/1ngxrus,ont_count_domain_concepts,global_counts,,1.0,False
1ngxrus,train,2,http://wfrp.ia/resource/reddit/post/1ngxrus,ont_total_neutro_mentions,global_counts,,1.0,False
1ngxrus,train,2,http://wfrp.ia/resource/reddit/post/1ngxrus,ont_domain_score,global_counts,,0.5,False
1ngxrus,train,2,http://wfrp.ia/resource/reddit/post/1ngxrus,ont_domain_density,global_counts,,0.014492753623188406,True
1ngmoqa,train,1,http://wfrp.ia/resource/reddit/post/1ngmoqa,ont_InteligenciaArtificial_Neutro,ai,http://wfrp.ia/dominio/ciencia-tecnologia#InteligenciaArtificial,3.0,False
1ngmoqa,train,1,http://wfrp.ia/resource/reddit/post/1ngmoqa,ont_has_ontology_elements,global_counts,,1.0,False
1ngmoqa,train,1,http://wfrp.ia/resource/reddit/post/1ngmoqa,ont_count_domain_concepts,global_counts,,1.0,False
1ngmoqa,train,1,http://wfrp.ia/resource/reddit/post/1ngmoqa,ont_total_neutro_mentions,global_counts,,3.0,False
1ngmoqa,train,1,http://wfrp.ia/resource/reddit/post/1ngmoqa,ont_domain_score,global_counts,,3.5,False
1ngmoqa,train,1,http://wfrp.ia/resource/reddit/post/1ngmoqa,ont_domain_density,global_counts,,0.037037037037037035,True
1ngs3i9,train,2,http://wfrp.ia/resource/reddit/post/1ngs3i9,ont_Tecnologia_Neutro,technology,http://wfrp.ia/dominio/ciencia-tecnologia#Tecnologia,2.0,True
1ngs3i9,train,2,http://wfrp.ia/resource/reddit/post/1ngs3i9,ont_Futuro_Neutro,future,http://wfrp.ia/dominio/ciencia-tecnologia#Futuro,1.0,False
1ngs3i9,train,2,http://wfrp.ia/resource/reddit/post/1ngs3i9,ont_Innovacion_Neutro,innovation,http://wfrp.ia/dominio/ciencia-tecnologia#Innovacion,1.0,True
1ngs3i9,train,2,http://wfrp.ia/resource/reddit/post/1ngs3i9,ont_has_ontology_elements,global_counts,,1.0,False
1ngs3i9,train,2,http://wfrp.ia/resource/reddit/post/1ngs3i9,ont_count_domain_concepts,global_counts,,3.0,False
1ngs3i9,train,2,http://wfrp.ia/resource/reddit/post/1ngs3i9,ont_total_neutro_mentions,global_counts,,4.0,False
1ngs3i9,train,2,http://wfrp.ia/resource/reddit/post/1ngs3i9,ont_domain_score,global_counts,,4.0,False
1ngs3i9,train,2,http://wfrp.ia/resource/reddit/post/1ngs3i9,ont_domain_density,global_counts,,0.07317073170731707,True
1ngmvi2,train,2,http://wfrp.ia/resource/reddit/post/1ngmvi2,ont_has_ontology_elements,global_counts,,1.0,False
1ngxi61,train,2,http://wfrp.ia/resource/reddit/post/1ngxi61,ont_InteligenciaArtificial_Neutro,ai,http://wfrp.ia/dominio/ciencia-tecnologia#InteligenciaArtificial,3.0,False
1ngxi61,train,2,http://wfrp.ia/resource/reddit/post/1ngxi61,ont_Tecnologia_Neutro,technology,http://wfrp.ia/dominio/ciencia-tecnologia#Tecnologia,1.0,True
1ngxi61,train,2,http://wfrp.ia/resource/reddit/post/1ngxi61,ont_Futuro_Neutro,future,http://wfrp.ia/dominio/ciencia-tecnologia#Futuro,1.0,False
1ngxi61,train,2,http://wfrp.ia/resource/reddit/post/1ngxi61,ont_has_ontology_elements,global_counts,,1.0,False
1ngxi61,train,2,http://wfrp.ia/resource/reddit/post/1ngxi61,ont_count_domain_concepts,global_counts,,3.0,False
1ngxi61,train,2,http://wfrp.ia/resource/reddit/post/1ngxi61,ont_total_neutro_mentions,global_counts,,5.0,False
1ngxi61,train,2,http://wfrp.ia/resource/reddit/post/1ngxi61,ont_domain_score,global_counts,,5.5,False
1ngxi61,train,2,http://wfrp.ia/resource/reddit/post/1ngxi61,ont_domain_density,global_counts,,0.024390243902439025,True
1ngowdq,train,0,http://wfrp.ia/resource/reddit/post/1ngowdq,ont_InteligenciaArtificial_Neutro,ai,http://wfrp.ia/dominio/ciencia-tecnologia#InteligenciaArtificial,1.0,False
1ngowdq,train,0,http://wfrp.ia/resource/reddit/post/1ngowdq,ont_Futuro_Neutro,future,http://wfrp.ia/dominio/ciencia-tecnologia#Futuro,1.0,False
1ngowdq,train,0,http://wfrp.ia/resource/reddit/post/1ngowdq,ont_has_ontology_elements,global_counts,,1.0,False
1ngowdq,train,0,http://wfrp.ia/resource/reddit/post/1ngowdq,ont_count_domain_concepts,global_counts,,2.0,False
1ngowdq,train,0,http://wfrp.ia/resource/reddit/post/1ngowdq,ont_total_neutro_mentions,global_counts,,2.0,False
1ngowdq,train,0,http://wfrp.ia/resource/reddit/post/1ngowdq,ont_domain_score,global_counts,,2.0,False
1ngowdq,train,0,http://wfrp.ia/resource/reddit/post/1ngowdq,ont_domain_density,global_counts,,0.017241379310344827,True
1n7etd8,train,0,http://wfrp.ia/resource/reddit/post/1n7etd8,ont_InteligenciaArtificial_Neutro,ai,http://wfrp.ia/dominio/ciencia-tecnologia#InteligenciaArtificial,1.0,False
1n7etd8,train,0,http://wfrp.ia/resource/reddit/post/1n7etd8,ont_has_ontology_elements,global_counts,,1.0,False
1n7etd8,train,0,http://wfrp.ia/resource/reddit/post/1n7etd8,ont_count_domain_concepts,global_counts,,1.0,False
1n7etd8,train,0,http://wfrp.ia/resource/reddit/post/1n7etd8,ont_total_neutro_mentions,global_counts,,1.0,False
1n7etd8,train,0,http://wfrp.ia/resource/reddit/post/1n7etd8,ont_domain_score,global_counts,,1.0,False
1n7etd8,train,0,http://wfrp.ia/resource/reddit/post/1n7etd8,ont_domain_density,global_counts,,0.1,True
1n7g49p,train,0,http://wfrp.ia/resource/reddit/post/1n7g49p,ont_InteligenciaArtificial_Neutro,ai,http://wfrp.ia/dominio/ciencia-tecnologia#InteligenciaArtificial,1.0,False
1n7g49p,train,0,http://wfrp.ia/resource/reddit/post/1n7g49p,ont_has_ontology_elements,global_counts,,1.0,False
1n7g49p,train,0,http://wfrp.ia/resource/reddit/post/1n7g49p,ont_count_domain_concepts,global_counts,,1.0,False
1n7g49p,train,0,http://wfrp.ia/resource/reddit/post/1n7g49p,ont_total_neutro_mentions,global_counts,,1.0,False
1n7g49p,train,0,http://wfrp.ia/resource/reddit/post/1n7g49p,ont_domain_score,global_counts,,1.0,False
1n7g49p,train,0,http://wfrp.ia/resource/reddit/post/1n7g49p,ont_domain_density,global_counts,,0.06666666666666667,True
1ndliom,train,1,http://wfrp.ia/resource/reddit/post/1ndliom,ont_Datos_Neutro,data,http://wfrp.ia/dominio/ciencia-tecnologia#Datos,1.0,False
1ndliom,train,1,http://wfrp.ia/resource/reddit/post/1ndliom,ont_has_ontology_elements,global_counts,,1.0,False
1ndliom,train,1,http://wfrp.ia/resource/reddit/post/1ndliom,ont_count_domain_concepts,global_counts,,1.0,False
1ndliom,train,1,http://wfrp.ia/resource/reddit/post/1ndliom,ont_total_neutro_mentions,global_counts,,1.0,False
1ndliom,train,1,http://wfrp.ia/resource/reddit/post/1ndliom,ont_domain_score,global_counts,,1.0,False
1ndliom,train,1,http://wfrp.ia/resource/reddit/post/1ndliom,ont_domain_density,global_counts,,0.06666666666666667,True
1nddgl5,train,2,http://wfrp.ia/resource/reddit/post/1nddgl5,ont_Datos_Neutro,data,http://wfrp.ia/dominio/ciencia-tecnologia#Datos,1.0,False
1nddgl5,train,2,http://wfrp.ia/resource/reddit/post/1nddgl5,ont_has_ontology_elements,global_counts,,1.0,False
1nddgl5,train,2,http://wfrp.ia/resource/reddit/post/1nddgl5,ont_count_domain_concepts,global_counts,,1.0,False
1nddgl5,train,2,http://wfrp.ia/resource/reddit/post/1nddgl5,ont_total_neutro_mentions,global_counts,,1.0,False
1nddgl5,train,2,http://wfrp.ia/resource/reddit/post/1nddgl5,ont_domain_score,global_counts,,1.0,False
1nddgl5,train,2,http://wfrp.ia/resource/reddit/post/1nddgl5,ont_domain_density,global_counts,,0.1,True
1ndjtbc,train,2,http://wfrp.ia/resource/reddit/post/1ndjtbc,ont_Futuro_Neutro,future,http://wfrp.ia/dominio/ciencia-tecnologia#Futuro,1.0,False
1ndjtbc,train,2,http://wfrp.ia/resource/reddit/post/1ndjtbc,ont_has_ontology_elements,global_counts,,1.0,False
1ndjtbc,train,2,http://wfrp.ia/resource/reddit/post/1ndjtbc,ont_count_domain_concepts,global_counts,,1.0,False
1ndjtbc,train,2,http://wfrp.ia/resource/reddit/post/1ndjtbc,ont_total_neutro_mentions,global_counts,,1.0,False
1ndjtbc,train,2,http://wfrp.ia/resource/reddit/post/1ndjtbc,ont_domain_score,global_counts,,1.0,False
1ndjtbc,train,2,http://wfrp.ia/resource/reddit/post/1ndjtbc,ont_domain_density,global_counts,,0.08333333333333333,True
1napu72,train,1,http://wfrp.ia/resource/reddit/post/1napu72,ont_Datos_Neutro,data,http://wfrp.ia/dominio/ciencia-tecnologia#Datos,1.0,False
1napu72,train,1,http://wfrp.ia/resource/reddit/post/1napu72,ont_has_ontology_elements,global_counts,,1.0,False
1napu72,train,1,http://wfrp.ia/resource/reddit/post/1napu72,ont_count_domain_concepts,global_counts,,1.0,False
1napu72,train,1,http://wfrp.ia/resource/reddit/post/1napu72,ont_total_neutro_mentions,global_counts,,1.0,False
1napu72,train,1,http://wfrp.ia/resource/reddit/post/1napu72,ont_domain_score,global_counts,,1.0,False
1napu72,train,1,http://wfrp.ia/resource/reddit/post/1napu72,ont_domain_density,global_counts,,0.05555555555555555,True
1ncqnzs,train,2,http://wfrp.ia/resource/reddit/post/1ncqnzs,ont_InteligenciaArtificial_Neutro,ai,http://wfrp.ia/dominio/ciencia-tecnologia#InteligenciaArtificial,1.0,False
1ncqnzs,train,2,http://wfrp.ia/resource/reddit/post/1ncqnzs,ont_has_ontology_elements,global_counts,,1.0,False
1ncqnzs,train,2,http://wfrp.ia/resource/reddit/post/1ncqnzs,ont_count_domain_concepts,global_counts,,1.0,False
1ncqnzs,train,2,http://wfrp.ia/resource/reddit/post/1ncqnzs,ont_total_neutro_mentions,global_counts,,1.0,False
1ncqnzs,train,2,http://wfrp.ia/resource/reddit/post/1ncqnzs,ont_domain_score,global_counts,,1.0,False
1ncqnzs,train,2,http://wfrp.ia/resource/reddit/post/1ncqnzs,ont_domain_density,global_counts,,0.08333333333333333,True
1nck3hm,train,1,http://wfrp.ia/resource/reddit/post/1nck3hm,ont_Datos_Neutro,data,http://wfrp.ia/dominio/ciencia-tecnologia#Datos,1.0,False
1nck3hm,train,1,http://wfrp.ia/resource/reddit/post/1nck3hm,ont_has_ontology_elements,global_counts,,1.0,False
1nck3hm,train,1,http://wfrp.ia/resource/reddit/post/1nck3hm,ont_count_domain_concepts,global_counts,,1.0,False
1nck3hm,train,1,http://wfrp.ia/resource/reddit/post/1nck3hm,ont_total_neutro_mentions,global_counts,,1.0,False
1nck3hm,train,1,http://wfrp.ia/resource/reddit/post/1nck3hm,ont_domain_score,global_counts,,1.0,False
1nck3hm,train,1,http://wfrp.ia/resource/reddit/post/1nck3hm,ont_domain_density,global_counts,,0.05555555555555555,True
1nckqqg,train,1,http://wfrp.ia/resource/reddit/post/1nckqqg,ont_Datos_Neutro,data,http://wfrp.ia/dominio/ciencia-tecnologia#Datos,1.0,False
1nckqqg,train,1,http://wfrp.ia/resource/reddit/post/1nckqqg,ont_has_ontology_elements,global_counts,,1.0,False
1nckqqg,train,1,http://wfrp.ia/resource/reddit/post/1nckqqg,ont_count_domain_concepts,global_counts,,1.0,False
1nckqqg,train,1,http://wfrp.ia/resource/reddit/post/1nckqqg,ont_total_neutro_mentions,global_counts,,1.0,False
1nckqqg,train,1,http://wfrp.ia/resource/reddit/post/1nckqqg,ont_domain_score,global_counts,,1.0,False
1nckqqg,train,1,http://wfrp.ia/resource/reddit/post/1nckqqg,ont_domain_density,global_counts,,0.05263157894736842,True
1n7iyfc,train,2,http://wfrp.ia/resource/reddit/post/1n7iyfc,ont_Datos_Neutro,data,http://wfrp.ia/dominio/ciencia-tecnologia#Datos,1.0,False
1n7iyfc,train,2,http://wfrp.ia/resource/reddit/post/1n7iyfc,ont_has_ontology_elements,global_counts,,1.0,False
1n7iyfc,train,2,http://wfrp.ia/resource/reddit/post/1n7iyfc,ont_count_domain_concepts,global_counts,,1.0,False
1n7iyfc,train,2,http://wfrp.ia/resource/reddit/post/1n7iyfc,ont_total_neutro_mentions,global_counts,,1.0,False
1n7iyfc,train,2,http://wfrp.ia/resource/reddit/post/1n7iyfc,ont_domain_score,global_counts,,1.0,False
1n7iyfc,train,2,http://wfrp.ia/resource/reddit/post/1n7iyfc,ont_domain_density,global_counts,,0.08333333333333333,True
1n7ju37,train,2,http://wfrp.ia/resource/reddit/post/1n7ju37,ont_Datos_Neutro,data,http://wfrp.ia/dominio/ciencia-tecnologia#Datos,1.0,False
1n7ju37,train,2,http://wfrp.ia/resource/reddit/post/1n7ju37,ont_has_ontology_elements,global_counts,,1.0,False
1n7ju37,train,2,http://wfrp.ia/resource/reddit/post/1n7ju37,ont_count_domain_concepts,global_counts,,1.0,False
1n7ju37,train,2,http://wfrp.ia/resource/reddit/post/1n7ju37,ont_total_neutro_mentions,global_counts,,1.0,False
1n7ju37,train,2,http://wfrp.ia/resource/reddit/post/1n7ju37,ont_domain_score,global_counts,,1.0,False
1n7ju37,train,2,http://wfrp.ia/resource/reddit/post/1n7ju37,ont_domain_density,global_counts,,0.02702702702702703,True
1n79v44,train,2,http://wfrp.ia/resource/reddit/post/1n79v44,ont_Tecnologia_Neutro,technology,http://wfrp.ia/dominio/ciencia-tecnologia#Tecnologia,1.0,True
1n79v44,train,2,http://wfrp.ia/resource/reddit/post/1n79v44,ont_has_ontology_elements,global_counts,,1.0,False
1n79v44,train,2,http://wfrp.ia/resource/reddit/post/1n79v44,ont_count_domain_concepts,global_counts,,1.0,False
1n79v44,train,2,http://wfrp.ia/resource/reddit/post/1n79v44,ont_total_neutro_mentions,global_counts,,1.0,False
1n79v44,train,2,http://wfrp.ia/resource/reddit/post/1n79v44,ont_domain_score,global_counts,,1.0,False
1n79v44,train,2,http://wfrp.ia/resource/reddit/post/1n79v44,ont_domain_density,global_counts,,0.058823529411764705,True
1n8h63x,train,2,http://wfrp.ia/resource/reddit/post/1n8h63x,,,,0.0,False
1n8h8vj,train,2,http://wfrp.ia/resource/reddit/post/1n8h8vj,,,,0.0,False
1n983y9,train,2,http://wfrp.ia/resource/reddit/post/1n983y9,ont_Innovacion_Neutro,innovation,http://wfrp.ia/dominio/ciencia-tecnologia#Innovacion,1.0,True
1n983y9,train,2,http://wfrp.ia/resource/reddit/post/1n983y9,ont_has_ontology_elements,global_counts,,1.0,False
1n983y9,train,2,http://wfrp.ia/resource/reddit/post/1n983y9,ont_count_domain_concepts,global_counts,,1.0,False
1n983y9,train,2,http://wfrp.ia/resource/reddit/post/1n983y9,ont_total_neutro_mentions,global_counts,,1.0,False
1n983y9,train,2,http://wfrp.ia/resource/reddit/post/1n983y9,ont_domain_score,global_counts,,1.0,False
1n983y9,train,2,http://wfrp.ia/resource/reddit/post/1n983y9,ont_domain_density,global_counts,,0.125,True
1nei5ed,train,0,http://wfrp.ia/resource/reddit/post/1nei5ed,ont_InteligenciaArtificial_Neutro,ai,http://wfrp.ia/dominio/ciencia-tecnologia#InteligenciaArtificial,1.0,False
1nei5ed,train,0,http://wfrp.ia/resource/reddit/post/1nei5ed,ont_has_ontology_elements,global_counts,,1.0,False
1nei5ed,train,0,http://wfrp.ia/resource/reddit/post/1nei5ed,ont_count_domain_concepts,global_counts,,1.0,False
1nei5ed,train,0,http://wfrp.ia/resource/reddit/post/1nei5ed,ont_total_neutro_mentions,global_counts,,1.0,False
1nei5ed,train,0,http://wfrp.ia/resource/reddit/post/1nei5ed,ont_domain_score,global_counts,,1.0,False
1nei5ed,train,0,http://wfrp.ia/resource/reddit/post/1nei5ed,ont_domain_density,global_counts,,0.1111111111111111,True
1nem0b4,train,1,http://wfrp.ia/resource/reddit/post/1nem0b4,,,,0.0,False
1nixd5a,train,1,http://wfrp.ia/resource/reddit/post/1nixd5a,ont_InteligenciaArtificial_Neutro,ai,http://wfrp.ia/dominio/ciencia-tecnologia#InteligenciaArtificial,1.0,False
1nixd5a,train,1,http://wfrp.ia/resource/reddit/post/1nixd5a,ont_has_ontology_elements,global_counts,,1.0,False
1nixd5a,train,1,http://wfrp.ia/resource/reddit/post/1nixd5a,ont_count_domain_concepts,global_counts,,1.0,False
1nixd5a,train,1,http://wfrp.ia/resource/reddit/post/1nixd5a,ont_total_neutro_mentions,global_counts,,1.0,False
1nixd5a,train,1,http://wfrp.ia/resource/reddit/post/1nixd5a,ont_domain_score,global_counts,,1.5,False
1nixd5a,train,1,http://wfrp.ia/resource/reddit/post/1nixd5a,ont_domain_density,global_counts,,0.1,True
1nirn9j,train,1,http://wfrp.ia/resource/reddit/post/1nirn9j,ont_Futuro_Neutro,future,http://wfrp.ia/dominio/ciencia-tecnologia#Futuro,1.0,False
1nirn9j,train,1,http://wfrp.ia/resource/reddit/post/1nirn9j,ont_has_ontology_elements,global_counts,,1.0,False
1nirn9j,train,1,http://wfrp.ia/resource/reddit/post/1nirn9j,ont_count_domain_concepts,global_counts,,1.0,False
1nirn9j,train,1,http://wfrp.ia/resource/reddit/post/1nirn9j,ont_total_neutro_mentions,global_counts,,1.0,False
1nirn9j,train,1,http://wfrp.ia/resource/reddit/post/1nirn9j,ont_domain_score,global_counts,,1.0,False
1nirn9j,train,1,http://wfrp.ia/resource/reddit/post/1nirn9j,ont_domain_density,global_counts,,0.07692307692307693,True
1njeaco,train,1,http://wfrp.ia/resource/reddit/post/1njeaco,ont_InteligenciaArtificial_Neutro,ai,http://wfrp.ia/dominio/ciencia-tecnologia#InteligenciaArtificial,1.0,False
1njeaco,train,1,http://wfrp.ia/resource/reddit/post/1njeaco,ont_Tecnologia_Neutro,technology,http://wfrp.ia/dominio/ciencia-tecnologia#Tecnologia,1.0,True
1njeaco,train,1,http://wfrp.ia/resource/reddit/post/1njeaco,ont_has_ontology_elements,global_counts,,1.0,False
1njeaco,train,1,http://wfrp.ia/resource/reddit/post/1njeaco,ont_count_domain_concepts,global_counts,,2.0,False
1njeaco,train,1,http://wfrp.ia/resource/reddit/post/1njeaco,ont_total_neutro_mentions,global_counts,,2.0,False
1njeaco,train,1,http://wfrp.ia/resource/reddit/post/1njeaco,ont_domain_score,global_counts,,2.0,False
1njeaco,train,1,http://wfrp.ia/resource/reddit/post/1njeaco,ont_domain_density,global_counts,,0.16666666666666666,True
1ndm2y0,train,2,http://wfrp.ia/resource/reddit/post/1ndm2y0,,,,0.0,False
1ndzka8,train,2,http://wfrp.ia/resource/reddit/post/1ndzka8,ont_Datos_Neutro,data,http://wfrp.ia/dominio/ciencia-tecnologia#Datos,1.0,False
1ndzka8,train,2,http://wfrp.ia/resource/reddit/post/1ndzka8,ont_has_ontology_elements,global_counts,,1.0,False
1ndzka8,train,2,http://wfrp.ia/resource/reddit/post/1ndzka8,ont_count_domain_concepts,global_counts,,1.0,False
1ndzka8,train,2,http://wfrp.ia/resource/reddit/post/1ndzka8,ont_total_neutro_mentions,global_counts,,1.0,False
1ndzka8,train,2,http://wfrp.ia/resource/reddit/post/1ndzka8,ont_domain_score,global_counts,,1.0,False
1ndzka8,train,2,http://wfrp.ia/resource/reddit/post/1ndzka8,ont_domain_density,global_counts,,0.08333333333333333,True
1ncecge,train,2,http://wfrp.ia/resource/reddit/post/1ncecge,,,,0.0,False
1nbin06,train,2,http://wfrp.ia/resource/reddit/post/1nbin06,ont_Innovacion_Neutro,innovation,http://wfrp.ia/dominio/ciencia-tecnologia#Innovacion,1.0,True
1nbin06,train,2,http://wfrp.ia/resource/reddit/post/1nbin06,ont_has_ontology_elements,global_counts,,1.0,False
1nbin06,train,2,http://wfrp.ia/resource/reddit/post/1nbin06,ont_count_domain_concepts,global_counts,,2.0,False
1nbin06,train,2,http://wfrp.ia/resource/reddit/post/1nbin06,ont_total_neutro_mentions,global_counts,,1.0,False
1nbin06,train,2,http://wfrp.ia/resource/reddit/post/1nbin06,ont_domain_score,global_counts,,2.0,False
1nbin06,train,2,http://wfrp.ia/resource/reddit/post/1nbin06,ont_domain_density,global_counts,,0.13333333333333333,True
1nc4y7f,train,2,http://wfrp.ia/resource/reddit/post/1nc4y7f,,,,0.0,False
1n69vk5,train,0,http://wfrp.ia/resource/reddit/post/1n69vk5,,,,0.0,False
1nhgsbr,train,2,http://wfrp.ia/resource/reddit/post/1nhgsbr,ont_Innovacion_Neutro,innovation,http://wfrp.ia/dominio/ciencia-tecnologia#Innovacion,1.0,True
1nhgsbr,train,2,http://wfrp.ia/resource/reddit/post/1nhgsbr,ont_has_ontology_elements,global_counts,,1.0,False
1nhgsbr,train,2,http://wfrp.ia/resource/reddit/post/1nhgsbr,ont_count_domain_concepts,global_counts,,1.0,False
1nhgsbr,train,2,http://wfrp.ia/resource/reddit/post/1nhgsbr,ont_total_neutro_mentions,global_counts,,1.0,False
1nhgsbr,train,2,http://wfrp.ia/resource/reddit/post/1nhgsbr,ont_domain_score,global_counts,,1.0,False
1nhgsbr,train,2,http://wfrp.ia/resource/reddit/post/1nhgsbr,ont_domain_density,global_counts,,0.08333333333333333,True
1nhi1uy,train,0,http://wfrp.ia/resource/reddit/post/1nhi1uy,,,,0.0,False
1nhd767,train,1,http://wfrp.ia/resource/reddit/post/1nhd767,ont_Futuro_Neutro,future,http://wfrp.ia/dominio/ciencia-tecnologia#Futuro,1.0,False
1nhd767,train,1,http://wfrp.ia/resource/reddit/post/1nhd767,ont_has_ontology_elements,global_counts,,1.0,False
1nhd767,train,1,http://wfrp.ia/resource/reddit/post/1nhd767,ont_count_domain_concepts,global_counts,,1.0,False
1nhd767,train,1,http://wfrp.ia/resource/reddit/post/1nhd767,ont_total_neutro_mentions,global_counts,,1.0,False
1nhd767,train,1,http://wfrp.ia/resource/reddit/post/1nhd767,ont_domain_score,global_counts,,1.0,False
1nhd767,train,1,http://wfrp.ia/resource/reddit/post/1nhd767,ont_domain_density,global_counts,,0.03333333333333333,True
1nfes76,train,1,http://wfrp.ia/resource/reddit/post/1nfes76,ont_InteligenciaArtificial_Neutro,ai,http://wfrp.ia/dominio/ciencia-tecnologia#InteligenciaArtificial,1.0,False
1nfes76,train,1,http://wfrp.ia/resource/reddit/post/1nfes76,ont_Automatizacion_Neutro,automation,http://wfrp.ia/dominio/ciencia-tecnologia#Automatizacion,1.0,False
1nfes76,train,1,http://wfrp.ia/resource/reddit/post/1nfes76,ont_has_ontology_elements,global_counts,,1.0,False
1nfes76,train,1,http://wfrp.ia/resource/reddit/post/1nfes76,ont_count_domain_concepts,global_counts,,2.0,False
1nfes76,train,1,http://wfrp.ia/resource/reddit/post/1nfes76,ont_total_neutro_mentions,global_counts,,2.0,False
1nfes76,train,1,http://wfrp.ia/resource/reddit/post/1nfes76,ont_domain_score,global_counts,,2.5,False
1nfes76,train,1,http://wfrp.ia/resource/reddit/post/1nfes76,ont_domain_density,global_counts,,0.11764705882352941,True
1nfq28q,train,2,http://wfrp.ia/resource/reddit/post/1nfq28q,ont_Futuro_Neutro,future,http://wfrp.ia/dominio/ciencia-tecnologia#Futuro,1.0,False
1nfq28q,train,2,http://wfrp.ia/resource/reddit/post/1nfq28q,ont_has_ontology_elements,global_counts,,1.0,False
1nfq28q,train,2,http://wfrp.ia/resource/reddit/post/1nfq28q,ont_count_domain_concepts,global_counts,,1.0,False
1nfq28q,train,2,http://wfrp.ia/resource/reddit/post/1nfq28q,ont_total_neutro_mentions,global_counts,,1.0,False
1nfq28q,train,2,http://wfrp.ia/resource/reddit/post/1nfq28q,ont_domain_score,global_counts,,1.0,False
1nfq28q,train,2,http://wfrp.ia/resource/reddit/post/1nfq28q,ont_domain_density,global_counts,,0.08333333333333333,True
1n4j0s8,train,1,http://wfrp.ia/resource/reddit/post/1n4j0s8,ont_InteligenciaArtificial_Neutro,ai,http://wfrp.ia/dominio/ciencia-tecnologia#InteligenciaArtificial,1.0,False
1n4j0s8,train,1,http://wfrp.ia/resource/reddit/post/1n4j0s8,ont_has_ontology_elements,global_counts,,1.0,False
1n4j0s8,train,1,http://wfrp.ia/resource/reddit/post/1n4j0s8,ont_count_domain_concepts,global_counts,,1.0,False
1n4j0s8,train,1,http://wfrp.ia/resource/reddit/post/1n4j0s8,ont_total_neutro_mentions,global_counts,,1.0,False
1n4j0s8,train,1,http://wfrp.ia/resource/reddit/post/1n4j0s8,ont_domain_score,global_counts,,1.0,False
1n4j0s8,train,1,http://wfrp.ia/resource/reddit/post/1n4j0s8,ont_domain_density,global_counts,,0.125,True
1n0lja0,val,2,http://wfrp.ia/resource/reddit/post/1n0lja0,ont_Tecnologia_Neutro,technology,http://wfrp.ia/dominio/ciencia-tecnologia#Tecnologia,1.0,True
1n0lja0,val,2,http://wfrp.ia/resource/reddit/post/1n0lja0,ont_has_ontology_elements,global_counts,,1.0,False
1n0lja0,val,2,http://wfrp.ia/resource/reddit/post/1n0lja0,ont_count_domain_concepts,global_counts,,1.0,False
1n0lja0,val,2,http://wfrp.ia/resource/reddit/post/1n0lja0,ont_total_neutro_mentions,global_counts,,1.0,False
1n0lja0,val,2,http://wfrp.ia/resource/reddit/post/1n0lja0,ont_domain_score,global_counts,,1.0,False
1n0lja0,val,2,http://wfrp.ia/resource/reddit/post/1n0lja0,ont_domain_density,global_counts,,0.1111111111111111,True
1mzqsjf,val,1,http://wfrp.ia/resource/reddit/post/1mzqsjf,ont_InteligenciaArtificial_Neutro,ai,http://wfrp.ia/dominio/ciencia-tecnologia#InteligenciaArtificial,1.0,False
1mzqsjf,val,1,http://wfrp.ia/resource/reddit/post/1mzqsjf,ont_has_ontology_elements,global_counts,,1.0,False
1mzqsjf,val,1,http://wfrp.ia/resource/reddit/post/1mzqsjf,ont_count_domain_concepts,global_counts,,1.0,False
1mzqsjf,val,1,http://wfrp.ia/resource/reddit/post/1mzqsjf,ont_total_neutro_mentions,global_counts,,1.0,False
1mzqsjf,val,1,http://wfrp.ia/resource/reddit/post/1mzqsjf,ont_domain_score,global_counts,,1.0,False
1mzqsjf,val,1,http://wfrp.ia/resource/reddit/post/1mzqsjf,ont_domain_density,global_counts,,0.1111111111111111,True
1n1mbhz,val,1,http://wfrp.ia/resource/reddit/post/1n1mbhz,,,,0.0,False
1n1mvvp,val,2,http://wfrp.ia/resource/reddit/post/1n1mvvp,,,,0.0,False
1n08h8d,val,2,http://wfrp.ia/resource/reddit/post/1n08h8d,,,,0.0,False
1n0agzz,val,1,http://wfrp.ia/resource/reddit/post/1n0agzz,ont_InteligenciaArtificial_Neutro,ai,http://wfrp.ia/dominio/ciencia-tecnologia#InteligenciaArtificial,1.0,False
1n0agzz,val,1,http://wfrp.ia/resource/reddit/post/1n0agzz,ont_has_ontology_elements,global_counts,,1.0,False
1n0agzz,val,1,http://wfrp.ia/resource/reddit/post/1n0agzz,ont_count_domain_concepts,global_counts,,1.0,False
1n0agzz,val,1,http://wfrp.ia/resource/reddit/post/1n0agzz,ont_total_neutro_mentions,global_counts,,1.0,False
1n0agzz,val,1,http://wfrp.ia/resource/reddit/post/1n0agzz,ont_domain_score,global_counts,,1.0,False
1n0agzz,val,1,http://wfrp.ia/resource/reddit/post/1n0agzz,ont_domain_density,global_counts,,0.05,True
1mzcgzp,val,0,http://wfrp.ia/resource/reddit/post/1mzcgzp,ont_InteligenciaArtificial_Neutro,ai,http://wfrp.ia/dominio/ciencia-tecnologia#InteligenciaArtificial,1.0,False
1mzcgzp,val,0,http://wfrp.ia/resource/reddit/post/1mzcgzp,ont_Robot_Neutro,robot,http://wfrp.ia/dominio/ciencia-tecnologia#Robot,1.0,False
1mzcgzp,val,0,http://wfrp.ia/resource/reddit/post/1mzcgzp,ont_has_ontology_elements,global_counts,,1.0,False
1mzcgzp,val,0,http://wfrp.ia/resource/reddit/post/1mzcgzp,ont_count_domain_concepts,global_counts,,2.0,False
1mzcgzp,val,0,http://wfrp.ia/resource/reddit/post/1mzcgzp,ont_total_neutro_mentions,global_counts,,2.0,False
1mzcgzp,val,0,http://wfrp.ia/resource/reddit/post/1mzcgzp,ont_domain_score,global_counts,,2.5,False
1mzcgzp,val,0,http://wfrp.ia/resource/reddit/post/1mzcgzp,ont_domain_density,global_counts,,0.14285714285714285,True
1n0shwv,val,1,http://wfrp.ia/resource/reddit/post/1n0shwv,ont_InteligenciaArtificial_Neutro,ai,http://wfrp.ia/dominio/ciencia-tecnologia#InteligenciaArtificial,1.0,False
1n0shwv,val,1,http://wfrp.ia/resource/reddit/post/1n0shwv,ont_has_ontology_elements,global_counts,,1.0,False
1n0shwv,val,1,http://wfrp.ia/resource/reddit/post/1n0shwv,ont_count_domain_concepts,global_counts,,1.0,False
1n0shwv,val,1,http://wfrp.ia/resource/reddit/post/1n0shwv,ont_total_neutro_mentions,global_counts,,1.0,False
1n0shwv,val,1,http://wfrp.ia/resource/reddit/post/1n0shwv,ont_domain_score,global_counts,,1.0,False
1n0shwv,val,1,http://wfrp.ia/resource/reddit/post/1n0shwv,ont_domain_density,global_counts,,0.1111111111111111,True
1n2dvjh,val,2,http://wfrp.ia/resource/reddit/post/1n2dvjh,ont_Innovacion_Neutro,innovation,http://wfrp.ia/dominio/ciencia-tecnologia#Innovacion,1.0,True
1n2dvjh,val,2,http://wfrp.ia/resource/reddit/post/1n2dvjh,ont_has_ontology_elements,global_counts,,1.0,False
1n2dvjh,val,2,http://wfrp.ia/resource/reddit/post/1n2dvjh,ont_count_domain_concepts,global_counts,,1.0,False
1n2dvjh,val,2,http://wfrp.ia/resource/reddit/post/1n2dvjh,ont_total_neutro_mentions,global_counts,,1.0,False
1n2dvjh,val,2,http://wfrp.ia/resource/reddit/post/1n2dvjh,ont_domain_score,global_counts,,1.0,False
1n2dvjh,val,2,http://wfrp.ia/resource/reddit/post/1n2dvjh,ont_domain_density,global_counts,,0.1111111111111111,True
1mruz5d,val,1,http://wfrp.ia/resource/reddit/post/1mruz5d,ont_InteligenciaArtificial_Neutro,ai,http://wfrp.ia/dominio/ciencia-tecnologia#InteligenciaArtificial,2.0,False
1mruz5d,val,1,http://wfrp.ia/resource/reddit/post/1mruz5d,ont_has_ontology_elements,global_counts,,1.0,False
1mruz5d,val,1,http://wfrp.ia/resource/reddit/post/1mruz5d,ont_count_domain_concepts,global_counts,,1.0,False
1mruz5d,val,1,http://wfrp.ia/resource/reddit/post/1mruz5d,ont_total_neutro_mentions,global_counts,,2.0,False
1mruz5d,val,1,http://wfrp.ia/resource/reddit/post/1mruz5d,ont_domain_score,global_counts,,2.0,False
1mruz5d,val,1,http://wfrp.ia/resource/reddit/post/1mruz5d,ont_domain_density,global_counts,,0.05263157894736842,True
1n0js1i,val,2,http://wfrp.ia/resource/reddit/post/1n0js1i,ont_InteligenciaArtificial_Positivo,ai,http://wfrp.ia/dominio/ciencia-tecnologia#InteligenciaArtificial,1.0,False
1n0js1i,val,2,http://wfrp.ia/resource/reddit/post/1n0js1i,ont_InteligenciaArtificial_Neutro,ai,http://wfrp.ia/dominio/ciencia-tecnologia#InteligenciaArtificial,5.0,False
1n0js1i,val,2,http://wfrp.ia/resource/reddit/post/1n0js1i,ont_Robot_Neutro,robot,http://wfrp.ia/dominio/ciencia-tecnologia#Robot,1.0,False
1n0js1i,val,2,http://wfrp.ia/resource/reddit/post/1n0js1i,ont_Innovacion_Neutro,innovation,http://wfrp.ia/dominio/ciencia-tecnologia#Innovacion,1.0,True
1n0js1i,val,2,http://wfrp.ia/resource/reddit/post/1n0js1i,ont_has_ontology_elements,global_counts,,1.0,False
1n0js1i,val,2,http://wfrp.ia/resource/reddit/post/1n0js1i,ont_count_domain_concepts,global_counts,,4.0,False
1n0js1i,val,2,http://wfrp.ia/resource/reddit/post/1n0js1i,ont_total_positivo_mentions,global_counts,,1.0,False
1n0js1i,val,2,http://wfrp.ia/resource/reddit/post/1n0js1i,ont_total_neutro_mentions,global_counts,,7.0,False
1n0js1i,val,2,http://wfrp.ia/resource/reddit/post/1n0js1i,ont_domain_score,global_counts,,9.0,False
1n0js1i,val,2,http://wfrp.ia/resource/reddit/post/1n0js1i,ont_domain_density,global_counts,,0.02247191011235955,True
1mxx5mc,val,0,http://wfrp.ia/resource/reddit/post/1mxx5mc,ont_InteligenciaArtificial_Neutro,ai,http://wfrp.ia/dominio/ciencia-tecnologia#InteligenciaArtificial,1.0,False
1mxx5mc,val,0,http://wfrp.ia/resource/reddit/post/1mxx5mc,ont_has_ontology_elements,global_counts,,1.0,False
1mxx5mc,val,0,http://wfrp.ia/resource/reddit/post/1mxx5mc,ont_count_domain_concepts,global_counts,,1.0,False
1mxx5mc,val,0,http://wfrp.ia/resource/reddit/post/1mxx5mc,ont_total_neutro_mentions,global_counts,,1.0,False
1mxx5mc,val,0,http://wfrp.ia/resource/reddit/post/1mxx5mc,ont_domain_score,global_counts,,1.0,False
1mxx5mc,val,0,http://wfrp.ia/resource/reddit/post/1mxx5mc,ont_domain_density,global_counts,,0.125,True
1mulxmm,val,0,http://wfrp.ia/resource/reddit/post/1mulxmm,ont_Datos_Neutro,data,http://wfrp.ia/dominio/ciencia-tecnologia#Datos,1.0,False
1mulxmm,val,0,http://wfrp.ia/resource/reddit/post/1mulxmm,ont_has_ontology_elements,global_counts,,1.0,False
1mulxmm,val,0,http://wfrp.ia/resource/reddit/post/1mulxmm,ont_count_domain_concepts,global_counts,,1.0,False
1mulxmm,val,0,http://wfrp.ia/resource/reddit/post/1mulxmm,ont_total_neutro_mentions,global_counts,,1.0,False
1mulxmm,val,0,http://wfrp.ia/resource/reddit/post/1mulxmm,ont_domain_score,global_counts,,1.0,False
1mulxmm,val,0,http://wfrp.ia/resource/reddit/post/1mulxmm,ont_domain_density,global_counts,,0.1111111111111111,True
1mzyj2z,val,1,http://wfrp.ia/resource/reddit/post/1mzyj2z,ont_Futuro_Neutro,future,http://wfrp.ia/dominio/ciencia-tecnologia#Futuro,1.0,False
1mzyj2z,val,1,http://wfrp.ia/resource/reddit/post/1mzyj2z,ont_has_ontology_elements,global_counts,,1.0,False
1mzyj2z,val,1,http://wfrp.ia/resource/reddit/post/1mzyj2z,ont_count_domain_concepts,global_counts,,1.0,False
1mzyj2z,val,1,http://wfrp.ia/resource/reddit/post/1mzyj2z,ont_total_neutro_mentions,global_counts,,1.0,False
1mzyj2z,val,1,http://wfrp.ia/resource/reddit/post/1mzyj2z,ont_domain_score,global_counts,,1.0,False
1mzyj2z,val,1,http://wfrp.ia/resource/reddit/post/1mzyj2z,ont_domain_density,global_counts,,0.16666666666666666,True
1mwi890,val,0,http://wfrp.ia/resource/reddit/post/1mwi890,ont_InteligenciaArtificial_Neutro,ai,http://wfrp.ia/dominio/ciencia-tecnologia#InteligenciaArtificial,1.0,False
1mwi890,val,0,http://wfrp.ia/resource/reddit/post/1mwi890,ont_has_ontology_elements,global_counts,,1.0,False
1mwi890,val,0,http://wfrp.ia/resource/reddit/post/1mwi890,ont_count_domain_concepts,global_counts,,1.0,False
1mwi890,val,0,http://wfrp.ia/resource/reddit/post/1mwi890,ont_total_neutro_mentions,global_counts,,1.0,False
1mwi890,val,0,http://wfrp.ia/resource/reddit/post/1mwi890,ont_domain_score,global_counts,,1.0,False
1mwi890,val,0,http://wfrp.ia/resource/reddit/post/1mwi890,ont_domain_density,global_counts,,0.1111111111111111,True
1n1su71,val,2,http://wfrp.ia/resource/reddit/post/1n1su71,,,,0.0,False
1mvesg5,val,1,http://wfrp.ia/resource/reddit/post/1mvesg5,ont_InteligenciaArtificial_Neutro,ai,http://wfrp.ia/dominio/ciencia-tecnologia#InteligenciaArtificial,1.0,False
1mvesg5,val,1,http://wfrp.ia/resource/reddit/post/1mvesg5,ont_has_ontology_elements,global_counts,,1.0,False
1mvesg5,val,1,http://wfrp.ia/resource/reddit/post/1mvesg5,ont_count_domain_concepts,global_counts,,1.0,False
1mvesg5,val,1,http://wfrp.ia/resource/reddit/post/1mvesg5,ont_total_neutro_mentions,global_counts,,1.0,False
1mvesg5,val,1,http://wfrp.ia/resource/reddit/post/1mvesg5,ont_domain_score,global_counts,,2.5,False
1mvesg5,val,1,http://wfrp.ia/resource/reddit/post/1mvesg5,ont_domain_density,global_counts,,0.08333333333333333,True
1n1h7y7,val,2,http://wfrp.ia/resource/reddit/post/1n1h7y7,ont_Robot_Neutro,robot,http://wfrp.ia/dominio/ciencia-tecnologia#Robot,1.0,False
1n1h7y7,val,2,http://wfrp.ia/resource/reddit/post/1n1h7y7,ont_has_ontology_elements,global_counts,,1.0,False
1n1h7y7,val,2,http://wfrp.ia/resource/reddit/post/1n1h7y7,ont_count_domain_concepts,global_counts,,1.0,False
1n1h7y7,val,2,http://wfrp.ia/resource/reddit/post/1n1h7y7,ont_total_neutro_mentions,global_counts,,1.0,False
1n1h7y7,val,2,http://wfrp.ia/resource/reddit/post/1n1h7y7,ont_domain_score,global_counts,,1.0,False
1n1h7y7,val,2,http://wfrp.ia/resource/reddit/post/1n1h7y7,ont_domain_density,global_counts,,0.1111111111111111,True
1n139ho,val,1,http://wfrp.ia/resource/reddit/post/1n139ho,ont_InteligenciaArtificial_Neutro,ai,http://wfrp.ia/dominio/ciencia-tecnologia#InteligenciaArtificial,1.0,False
1n139ho,val,1,http://wfrp.ia/resource/reddit/post/1n139ho,ont_has_ontology_elements,global_counts,,1.0,False
1n139ho,val,1,http://wfrp.ia/resource/reddit/post/1n139ho,ont_count_domain_concepts,global_counts,,1.0,False
1n139ho,val,1,http://wfrp.ia/resource/reddit/post/1n139ho,ont_total_neutro_mentions,global_counts,,1.0,False
1n139ho,val,1,http://wfrp.ia/resource/reddit/post/1n139ho,ont_domain_score,global_counts,,1.0,False
1n139ho,val,1,http://wfrp.ia/resource/reddit/post/1n139ho,ont_domain_density,global_counts,,0.07142857142857142,True
1n1fn11,val,0,http://wfrp.ia/resource/reddit/post/1n1fn11,ont_InteligenciaArtificial_Negativo,ai,http://wfrp.ia/dominio/ciencia-tecnologia#InteligenciaArtificial,1.0,True
1n1fn11,val,0,http://wfrp.ia/resource/reddit/post/1n1fn11,ont_InteligenciaArtificial_Neutro,ai,http://wfrp.ia/dominio/ciencia-tecnologia#InteligenciaArtificial,1.0,False
1n1fn11,val,0,http://wfrp.ia/resource/reddit/post/1n1fn11,ont_has_ontology_elements,global_counts,,1.0,False
1n1fn11,val,0,http://wfrp.ia/resource/reddit/post/1n1fn11,ont_count_domain_concepts,global_counts,,1.0,False
1n1fn11,val,0,http://wfrp.ia/resource/reddit/post/1n1fn11,ont_total_negativo_mentions,global_counts,,1.0,True
1n1fn11,val,0,http://wfrp.ia/resource/reddit/post/1n1fn11,ont_total_neutro_mentions,global_counts,,1.0,False
1n1fn11,val,0,http://wfrp.ia/resource/reddit/post/1n1fn11,ont_domain_score,global_counts,,2.0,False
1n1fn11,val,0,http://wfrp.ia/resource/reddit/post/1n1fn11,ont_domain_density,global_counts,,0.043478260869565216,True
1mvj6po,val,2,http://wfrp.ia/resource/reddit/post/1mvj6po,ont_has_ontology_elements,global_counts,,1.0,False
1mvj6po,val,2,http://wfrp.ia/resource/reddit/post/1mvj6po,ont_count_domain_concepts,global_counts,,1.0,False
1mvj6po,val,2,http://wfrp.ia/resource/reddit/post/1mvj6po,ont_domain_score,global_counts,,1.0,False
1mvj6po,val,2,http://wfrp.ia/resource/reddit/post/1mvj6po,ont_domain_density,global_counts,,0.012658227848101266,True
1mwaxi2,val,2,http://wfrp.ia/resource/reddit/post/1mwaxi2,ont_InteligenciaArtificial_Neutro,ai,http://wfrp.ia/dominio/ciencia-tecnologia#InteligenciaArtificial,2.0,False
1mwaxi2,val,2,http://wfrp.ia/resource/reddit/post/1mwaxi2,ont_has_ontology_elements,global_counts,,1.0,False
1mwaxi2,val,2,http://wfrp.ia/resource/reddit/post/1mwaxi2,ont_count_domain_concepts,global_counts,,1.0,False
1mwaxi2,val,2,http://wfrp.ia/resource/reddit/post/1mwaxi2,ont_total_neutro_mentions,global_counts,,2.0,False
1mwaxi2,val,2,http://wfrp.ia/resource/reddit/post/1mwaxi2,ont_domain_score,global_counts,,1.5,False
1mwaxi2,val,2,http://wfrp.ia/resource/reddit/post/1mwaxi2,ont_domain_density,global_counts,,0.047619047619047616,True
1mxb9v2,val,2,http://wfrp.ia/resource/reddit/post/1mxb9v2,ont_InteligenciaArtificial_Neutro,ai,http://wfrp.ia/dominio/ciencia-tecnologia#InteligenciaArtificial,1.0,False
1mxb9v2,val,2,http://wfrp.ia/resource/reddit/post/1mxb9v2,ont_has_ontology_elements,global_counts,,1.0,False
1mxb9v2,val,2,http://wfrp.ia/resource/reddit/post/1mxb9v2,ont_count_domain_concepts,global_counts,,1.0,False
1mxb9v2,val,2,http://wfrp.ia/resource/reddit/post/1mxb9v2,ont_total_neutro_mentions,global_counts,,1.0,False
1mxb9v2,val,2,http://wfrp.ia/resource/reddit/post/1mxb9v2,ont_domain_score,global_counts,,1.0,False
1mxb9v2,val,2,http://wfrp.ia/resource/reddit/post/1mxb9v2,ont_domain_density,global_counts,,0.005291005291005291,True
1mrn8ne,val,1,http://wfrp.ia/resource/reddit/post/1mrn8ne,ont_InteligenciaArtificial_Neutro,ai,http://wfrp.ia/dominio/ciencia-tecnologia#InteligenciaArtificial,2.0,False
1mrn8ne,val,1,http://wfrp.ia/resource/reddit/post/1mrn8ne,ont_Tecnologia_Neutro,technology,http://wfrp.ia/dominio/ciencia-tecnologia#Tecnologia,2.0,True
1mrn8ne,val,1,http://wfrp.ia/resource/reddit/post/1mrn8ne,ont_has_ontology_elements,global_counts,,1.0,False
1mrn8ne,val,1,http://wfrp.ia/resource/reddit/post/1mrn8ne,ont_count_domain_concepts,global_counts,,2.0,False
1mrn8ne,val,1,http://wfrp.ia/resource/reddit/post/1mrn8ne,ont_total_neutro_mentions,global_counts,,4.0,False
1mrn8ne,val,1,http://wfrp.ia/resource/reddit/post/1mrn8ne,ont_domain_score,global_counts,,4.5,False
1mrn8ne,val,1,http://wfrp.ia/resource/reddit/post/1mrn8ne,ont_domain_density,global_counts,,0.09090909090909091,True
1n1cjni,val,2,http://wfrp.ia/resource/reddit/post/1n1cjni,ont_InteligenciaArtificial_Neutro,ai,http://wfrp.ia/dominio/ciencia-tecnologia#InteligenciaArtificial,1.0,False
1n1cjni,val,2,http://wfrp.ia/resource/reddit/post/1n1cjni,ont_has_ontology_elements,global_counts,,1.0,False
1n1cjni,val,2,http://wfrp.ia/resource/reddit/post/1n1cjni,ont_count_domain_concepts,global_counts,,1.0,False
1n1cjni,val,2,http://wfrp.ia/resource/reddit/post/1n1cjni,ont_total_neutro_mentions,global_counts,,1.0,False
1n1cjni,val,2,http://wfrp.ia/resource/reddit/post/1n1cjni,ont_domain_score,global_counts,,1.0,False
1n1cjni,val,2,http://wfrp.ia/resource/reddit/post/1n1cjni,ont_domain_density,global_counts,,0.05,True
1mqvp0k,val,2,http://wfrp.ia/resource/reddit/post/1mqvp0k,ont_has_ontology_elements,global_counts,,1.0,False
1myyanz,val,1,http://wfrp.ia/resource/reddit/post/1myyanz,ont_Tecnologia_Neutro,technology,http://wfrp.ia/dominio/ciencia-tecnologia#Tecnologia,1.0,True
1myyanz,val,1,http://wfrp.ia/resource/reddit/post/1myyanz,ont_has_ontology_elements,global_counts,,1.0,False
1myyanz,val,1,http://wfrp.ia/resource/reddit/post/1myyanz,ont_count_domain_concepts,global_counts,,1.0,False
1myyanz,val,1,http://wfrp.ia/resource/reddit/post/1myyanz,ont_total_neutro_mentions,global_counts,,1.0,False
1myyanz,val,1,http://wfrp.ia/resource/reddit/post/1myyanz,ont_domain_score,global_counts,,1.0,False
1myyanz,val,1,http://wfrp.ia/resource/reddit/post/1myyanz,ont_domain_density,global_counts,,0.08333333333333333,True
1n0lbx5,val,2,http://wfrp.ia/resource/reddit/post/1n0lbx5,ont_Tecnologia_Neutro,technology,http://wfrp.ia/dominio/ciencia-tecnologia#Tecnologia,1.0,True
1n0lbx5,val,2,http://wfrp.ia/resource/reddit/post/1n0lbx5,ont_has_ontology_elements,global_counts,,1.0,False
1n0lbx5,val,2,http://wfrp.ia/resource/reddit/post/1n0lbx5,ont_count_domain_concepts,global_counts,,1.0,False
1n0lbx5,val,2,http://wfrp.ia/resource/reddit/post/1n0lbx5,ont_total_neutro_mentions,global_counts,,1.0,False
1n0lbx5,val,2,http://wfrp.ia/resource/reddit/post/1n0lbx5,ont_domain_score,global_counts,,1.0,False
1n0lbx5,val,2,http://wfrp.ia/resource/reddit/post/1n0lbx5,ont_domain_density,global_counts,,0.07142857142857142,True
1muc6e0,val,1,http://wfrp.ia/resource/reddit/post/1muc6e0,ont_InteligenciaArtificial_Neutro,ai,http://wfrp.ia/dominio/ciencia-tecnologia#InteligenciaArtificial,1.0,False
1muc6e0,val,1,http://wfrp.ia/resource/reddit/post/1muc6e0,ont_has_ontology_elements,global_counts,,1.0,False
1muc6e0,val,1,http://wfrp.ia/resource/reddit/post/1muc6e0,ont_count_domain_concepts,global_counts,,1.0,False
1muc6e0,val,1,http://wfrp.ia/resource/reddit/post/1muc6e0,ont_total_neutro_mentions,global_counts,,1.0,False
1muc6e0,val,1,http://wfrp.ia/resource/reddit/post/1muc6e0,ont_domain_score,global_counts,,1.0,False
1muc6e0,val,1,http://wfrp.ia/resource/reddit/post/1muc6e0,ont_domain_density,global_counts,,0.1,True
1n0jina,val,1,http://wfrp.ia/resource/reddit/post/1n0jina,ont_InteligenciaArtificial_Negativo,ai,http://wfrp.ia/dominio/ciencia-tecnologia#InteligenciaArtificial,1.0,True
1n0jina,val,1,http://wfrp.ia/resource/reddit/post/1n0jina,ont_has_ontology_elements,global_counts,,1.0,False
1n0jina,val,1,http://wfrp.ia/resource/reddit/post/1n0jina,ont_count_domain_concepts,global_counts,,1.0,False
1n0jina,val,1,http://wfrp.ia/resource/reddit/post/1n0jina,ont_total_negativo_mentions,global_counts,,1.0,True
1n0jina,val,1,http://wfrp.ia/resource/reddit/post/1n0jina,ont_domain_score,global_counts,,1.0,False
1n0jina,val,1,http://wfrp.ia/resource/reddit/post/1n0jina,ont_domain_density,global_counts,,0.09090909090909091,True
1mw67j2,val,2,http://wfrp.ia/resource/reddit/post/1mw67j2,ont_InteligenciaArtificial_Neutro,ai,http://wfrp.ia/dominio/ciencia-tecnologia#InteligenciaArtificial,1.0,False
1mw67j2,val,2,http://wfrp.ia/resource/reddit/post/1mw67j2,ont_has_ontology_elements,global_counts,,1.0,False
1mw67j2,val,2,http://wfrp.ia/resource/reddit/post/1mw67j2,ont_count_domain_concepts,global_counts,,1.0,False
1mw67j2,val,2,http://wfrp.ia/resource/reddit/post/1mw67j2,ont_total_neutro_mentions,global_counts,,1.0,False
1mw67j2,val,2,http://wfrp.ia/resource/reddit/post/1mw67j2,ont_domain_score,global_counts,,1.0,False
1mw67j2,val,2,http://wfrp.ia/resource/reddit/post/1mw67j2,ont_domain_density,global_counts,,0.0625,True
1n0phwm,val,0,http://wfrp.ia/resource/reddit/post/1n0phwm,ont_InteligenciaArtificial_Neutro,ai,http://wfrp.ia/dominio/ciencia-tecnologia#InteligenciaArtificial,1.0,False
1n0phwm,val,0,http://wfrp.ia/resource/reddit/post/1n0phwm,ont_has_ontology_elements,global_counts,,1.0,False
1n0phwm,val,0,http://wfrp.ia/resource/reddit/post/1n0phwm,ont_count_domain_concepts,global_counts,,1.0,False
1n0phwm,val,0,http://wfrp.ia/resource/reddit/post/1n0phwm,ont_total_neutro_mentions,global_counts,,1.0,False
1n0phwm,val,0,http://wfrp.ia/resource/reddit/post/1n0phwm,ont_domain_score,global_counts,,1.0,False
1n0phwm,val,0,http://wfrp.ia/resource/reddit/post/1n0phwm,ont_domain_density,global_counts,,0.14285714285714285,True
1mzba3t,val,2,http://wfrp.ia/resource/reddit/post/1mzba3t,ont_Innovacion_Neutro,innovation,http://wfrp.ia/dominio/ciencia-tecnologia#Innovacion,1.0,True
1mzba3t,val,2,http://wfrp.ia/resource/reddit/post/1mzba3t,ont_has_ontology_elements,global_counts,,1.0,False
1mzba3t,val,2,http://wfrp.ia/resource/reddit/post/1mzba3t,ont_count_domain_concepts,global_counts,,1.0,False
1mzba3t,val,2,http://wfrp.ia/resource/reddit/post/1mzba3t,ont_total_neutro_mentions,global_counts,,1.0,False
1mzba3t,val,2,http://wfrp.ia/resource/reddit/post/1mzba3t,ont_domain_score,global_counts,,1.0,False
1mzba3t,val,2,http://wfrp.ia/resource/reddit/post/1mzba3t,ont_domain_density,global_counts,,0.1,True
1muebgt,val,2,http://wfrp.ia/resource/reddit/post/1muebgt,ont_InteligenciaArtificial_Neutro,ai,http://wfrp.ia/dominio/ciencia-tecnologia#InteligenciaArtificial,1.0,False
1muebgt,val,2,http://wfrp.ia/resource/reddit/post/1muebgt,ont_Futuro_Neutro,future,http://wfrp.ia/dominio/ciencia-tecnologia#Futuro,1.0,False
1muebgt,val,2,http://wfrp.ia/resource/reddit/post/1muebgt,ont_has_ontology_elements,global_counts,,1.0,False
1muebgt,val,2,http://wfrp.ia/resource/reddit/post/1muebgt,ont_count_domain_concepts,global_counts,,2.0,False
1muebgt,val,2,http://wfrp.ia/resource/reddit/post/1muebgt,ont_total_neutro_mentions,global_counts,,2.0,False
1muebgt,val,2,http://wfrp.ia/resource/reddit/post/1muebgt,ont_domain_score,global_counts,,2.0,False
1muebgt,val,2,http://wfrp.ia/resource/reddit/post/1muebgt,ont_domain_density,global_counts,,0.0625,True
1mz98zz,val,1,http://wfrp.ia/resource/reddit/post/1mz98zz,ont_InteligenciaArtificial_Neutro,ai,http://wfrp.ia/dominio/ciencia-tecnologia#InteligenciaArtificial,1.0,False
1mz98zz,val,1,http://wfrp.ia/resource/reddit/post/1mz98zz,ont_Futuro_Positivo,future,http://wfrp.ia/dominio/ciencia-tecnologia#Futuro,1.0,False
1mz98zz,val,1,http://wfrp.ia/resource/reddit/post/1mz98zz,ont_has_ontology_elements,global_counts,,1.0,False
1mz98zz,val,1,http://wfrp.ia/resource/reddit/post/1mz98zz,ont_count_domain_concepts,global_counts,,2.0,False
1mz98zz,val,1,http://wfrp.ia/resource/reddit/post/1mz98zz,ont_total_positivo_mentions,global_counts,,1.0,False
1mz98zz,val,1,http://wfrp.ia/resource/reddit/post/1mz98zz,ont_total_neutro_mentions,global_counts,,1.0,False
1mz98zz,val,1,http://wfrp.ia/resource/reddit/post/1mz98zz,ont_domain_score,global_counts,,2.0,False
1mz98zz,val,1,http://wfrp.ia/resource/reddit/post/1mz98zz,ont_domain_density,global_counts,,0.16666666666666666,True
1mx4l1p,val,1,http://wfrp.ia/resource/reddit/post/1mx4l1p,ont_InteligenciaArtificial_Positivo,ai,http://wfrp.ia/dominio/ciencia-tecnologia#InteligenciaArtificial,1.0,False
1mx4l1p,val,1,http://wfrp.ia/resource/reddit/post/1mx4l1p,ont_has_ontology_elements,global_counts,,1.0,False
1mx4l1p,val,1,http://wfrp.ia/resource/reddit/post/1mx4l1p,ont_count_domain_concepts,global_counts,,2.0,False
1mx4l1p,val,1,http://wfrp.ia/resource/reddit/post/1mx4l1p,ont_total_positivo_mentions,global_counts,,1.0,False
1mx4l1p,val,1,http://wfrp.ia/resource/reddit/post/1mx4l1p,ont_domain_score,global_counts,,3.0,False
1mx4l1p,val,1,http://wfrp.ia/resource/reddit/post/1mx4l1p,ont_domain_density,global_counts,,0.2222222222222222,True
1mxc5j3,val,2,http://wfrp.ia/resource/reddit/post/1mxc5j3,ont_has_ontology_elements,global_counts,,1.0,False
1mpxlow,val,0,http://wfrp.ia/resource/reddit/post/1mpxlow,ont_Datos_Neutro,data,http://wfrp.ia/dominio/ciencia-tecnologia#Datos,1.0,False
1mpxlow,val,0,http://wfrp.ia/resource/reddit/post/1mpxlow,ont_has_ontology_elements,global_counts,,1.0,False
1mpxlow,val,0,http://wfrp.ia/resource/reddit/post/1mpxlow,ont_count_domain_concepts,global_counts,,1.0,False
1mpxlow,val,0,http://wfrp.ia/resource/reddit/post/1mpxlow,ont_total_neutro_mentions,global_counts,,1.0,False
1mpxlow,val,0,http://wfrp.ia/resource/reddit/post/1mpxlow,ont_domain_score,global_counts,,1.0,False
1mpxlow,val,0,http://wfrp.ia/resource/reddit/post/1mpxlow,ont_domain_density,global_counts,,0.043478260869565216,True
1mys2hg,val,2,http://wfrp.ia/resource/reddit/post/1mys2hg,ont_has_ontology_elements,global_counts,,1.0,False
1mzq5r0,val,2,http://wfrp.ia/resource/reddit/post/1mzq5r0,ont_InteligenciaArtificial_Neutro,ai,http://wfrp.ia/dominio/ciencia-tecnologia#InteligenciaArtificial,1.0,False
1mzq5r0,val,2,http://wfrp.ia/resource/reddit/post/1mzq5r0,ont_has_ontology_elements,global_counts,,1.0,False
1mzq5r0,val,2,http://wfrp.ia/resource/reddit/post/1mzq5r0,ont_count_domain_concepts,global_counts,,1.0,False
1mzq5r0,val,2,http://wfrp.ia/resource/reddit/post/1mzq5r0,ont_total_neutro_mentions,global_counts,,1.0,False
1mzq5r0,val,2,http://wfrp.ia/resource/reddit/post/1mzq5r0,ont_domain_score,global_counts,,1.0,False
1mzq5r0,val,2,http://wfrp.ia/resource/reddit/post/1mzq5r0,ont_domain_density,global_counts,,0.05263157894736842,True
1mztevy,val,1,http://wfrp.ia/resource/reddit/post/1mztevy,ont_InteligenciaArtificial_Neutro,ai,http://wfrp.ia/dominio/ciencia-tecnologia#InteligenciaArtificial,1.0,False
1mztevy,val,1,http://wfrp.ia/resource/reddit/post/1mztevy,ont_Tecnologia_Positivo,technology,http://wfrp.ia/dominio/ciencia-tecnologia#Tecnologia,1.0,False
1mztevy,val,1,http://wfrp.ia/resource/reddit/post/1mztevy,ont_has_ontology_elements,global_counts,,1.0,False
1mztevy,val,1,http://wfrp.ia/resource/reddit/post/1mztevy,ont_count_domain_concepts,global_counts,,2.0,False
1mztevy,val,1,http://wfrp.ia/resource/reddit/post/1mztevy,ont_total_positivo_mentions,global_counts,,1.0,False
1mztevy,val,1,http://wfrp.ia/resource/reddit/post/1mztevy,ont_total_neutro_mentions,global_counts,,1.0,False
1mztevy,val,1,http://wfrp.ia/resource/reddit/post/1mztevy,ont_domain_score,global_counts,,2.0,False
1mztevy,val,1,http://wfrp.ia/resource/reddit/post/1mztevy,ont_domain_density,global_counts,,0.2222222222222222,True
1mq02c6,val,2,http://wfrp.ia/resource/reddit/post/1mq02c6,ont_InteligenciaArtificial_Neutro,ai,http://wfrp.ia/dominio/ciencia-tecnologia#InteligenciaArtificial,1.0,False
1mq02c6,val,2,http://wfrp.ia/resource/reddit/post/1mq02c6,ont_has_ontology_elements,global_counts,,1.0,False
1mq02c6,val,2,http://wfrp.ia/resource/reddit/post/1mq02c6,ont_count_domain_concepts,global_counts,,1.0,False
1mq02c6,val,2,http://wfrp.ia/resource/reddit/post/1mq02c6,ont_total_neutro_mentions,global_counts,,1.0,False
1mq02c6,val,2,http://wfrp.ia/resource/reddit/post/1mq02c6,ont_domain_score,global_counts,,0.5,False
1mq02c6,val,2,http://wfrp.ia/resource/reddit/post/1mq02c6,ont_domain_density,global_counts,,0.09090909090909091,True
1my890r,val,2,http://wfrp.ia/resource/reddit/post/1my890r,ont_InteligenciaArtificial_Neutro,ai,http://wfrp.ia/dominio/ciencia-tecnologia#InteligenciaArtificial,1.0,False
1my890r,val,2,http://wfrp.ia/resource/reddit/post/1my890r,ont_has_ontology_elements,global_counts,,1.0,False
1my890r,val,2,http://wfrp.ia/resource/reddit/post/1my890r,ont_count_domain_concepts,global_counts,,1.0,False
1my890r,val,2,http://wfrp.ia/resource/reddit/post/1my890r,ont_total_neutro_mentions,global_counts,,1.0,False
1my890r,val,2,http://wfrp.ia/resource/reddit/post/1my890r,ont_domain_score,global_counts,,1.0,False
1my890r,val,2,http://wfrp.ia/resource/reddit/post/1my890r,ont_domain_density,global_counts,,0.05263157894736842,True
1n3eddn,val,0,http://wfrp.ia/resource/reddit/post/1n3eddn,,,,0.0,False
1n0ghhk,val,2,http://wfrp.ia/resource/reddit/post/1n0ghhk,ont_Robot_Neutro,robot,http://wfrp.ia/dominio/ciencia-tecnologia#Robot,1.0,False
1n0ghhk,val,2,http://wfrp.ia/resource/reddit/post/1n0ghhk,ont_has_ontology_elements,global_counts,,1.0,False
1n0ghhk,val,2,http://wfrp.ia/resource/reddit/post/1n0ghhk,ont_count_domain_concepts,global_counts,,1.0,False
1n0ghhk,val,2,http://wfrp.ia/resource/reddit/post/1n0ghhk,ont_total_neutro_mentions,global_counts,,1.0,False
1n0ghhk,val,2,http://wfrp.ia/resource/reddit/post/1n0ghhk,ont_domain_score,global_counts,,1.0,False
1n0ghhk,val,2,http://wfrp.ia/resource/reddit/post/1n0ghhk,ont_domain_density,global_counts,,0.14285714285714285,True
1mxotjf,val,1,http://wfrp.ia/resource/reddit/post/1mxotjf,ont_has_ontology_elements,global_counts,,1.0,False
1n0f3ji,val,2,http://wfrp.ia/resource/reddit/post/1n0f3ji,ont_InteligenciaArtificial_Neutro,ai,http://wfrp.ia/dominio/ciencia-tecnologia#InteligenciaArtificial,1.0,False
1n0f3ji,val,2,http://wfrp.ia/resource/reddit/post/1n0f3ji,ont_has_ontology_elements,global_counts,,1.0,False
1n0f3ji,val,2,http://wfrp.ia/resource/reddit/post/1n0f3ji,ont_count_domain_concepts,global_counts,,1.0,False
1n0f3ji,val,2,http://wfrp.ia/resource/reddit/post/1n0f3ji,ont_total_neutro_mentions,global_counts,,1.0,False
1n0f3ji,val,2,http://wfrp.ia/resource/reddit/post/1n0f3ji,ont_domain_score,global_counts,,1.0,False
1n0f3ji,val,2,http://wfrp.ia/resource/reddit/post/1n0f3ji,ont_domain_density,global_counts,,0.058823529411764705,True
1mzoa90,val,2,http://wfrp.ia/resource/reddit/post/1mzoa90,ont_Futuro_Neutro,future,http://wfrp.ia/dominio/ciencia-tecnologia#Futuro,1.0,False
1mzoa90,val,2,http://wfrp.ia/resource/reddit/post/1mzoa90,ont_has_ontology_elements,global_counts,,1.0,False
1mzoa90,val,2,http://wfrp.ia/resource/reddit/post/1mzoa90,ont_count_domain_concepts,global_counts,,1.0,False
1mzoa90,val,2,http://wfrp.ia/resource/reddit/post/1mzoa90,ont_total_neutro_mentions,global_counts,,1.0,False
1mzoa90,val,2,http://wfrp.ia/resource/reddit/post/1mzoa90,ont_domain_score,global_counts,,1.0,False
1mzoa90,val,2,http://wfrp.ia/resource/reddit/post/1mzoa90,ont_domain_density,global_counts,,0.006711409395973154,True
1n0sn2a,val,2,http://wfrp.ia/resource/reddit/post/1n0sn2a,,,,0.0,False
1n33zul,val,2,http://wfrp.ia/resource/reddit/post/1n33zul,ont_has_ontology_elements,global_counts,,1.0,False
1mz6izb,val,2,http://wfrp.ia/resource/reddit/post/1mz6izb,ont_Robot_Neutro,robot,http://wfrp.ia/dominio/ciencia-tecnologia#Robot,1.0,False
1mz6izb,val,2,http://wfrp.ia/resource/reddit/post/1mz6izb,ont_has_ontology_elements,global_counts,,1.0,False
1mz6izb,val,2,http://wfrp.ia/resource/reddit/post/1mz6izb,ont_count_domain_concepts,global_counts,,1.0,False
1mz6izb,val,2,http://wfrp.ia/resource/reddit/post/1mz6izb,ont_total_neutro_mentions,global_counts,,1.0,False
1mz6izb,val,2,http://wfrp.ia/resource/reddit/post/1mz6izb,ont_domain_score,global_counts,,1.0,False
1mz6izb,val,2,http://wfrp.ia/resource/reddit/post/1mz6izb,ont_domain_density,global_counts,,0.08333333333333333,True
1mxraf6,val,2,http://wfrp.ia/resource/reddit/post/1mxraf6,ont_InteligenciaArtificial_Neutro,ai,http://wfrp.ia/dominio/ciencia-tecnologia#InteligenciaArtificial,1.0,False
1mxraf6,val,2,http://wfrp.ia/resource/reddit/post/1mxraf6,ont_has_ontology_elements,global_counts,,1.0,False
1mxraf6,val,2,http://wfrp.ia/resource/reddit/post/1mxraf6,ont_count_domain_concepts,global_counts,,1.0,False
1mxraf6,val,2,http://wfrp.ia/resource/reddit/post/1mxraf6,ont_total_neutro_mentions,global_counts,,1.0,False
1mxraf6,val,2,http://wfrp.ia/resource/reddit/post/1mxraf6,ont_domain_score,global_counts,,1.0,False
1mxraf6,val,2,http://wfrp.ia/resource/reddit/post/1mxraf6,ont_domain_density,global_counts,,0.1,True
1mp7942,val,1,http://wfrp.ia/resource/reddit/post/1mp7942,ont_InteligenciaArtificial_Neutro,ai,http://wfrp.ia/dominio/ciencia-tecnologia#InteligenciaArtificial,1.0,False
1mp7942,val,1,http://wfrp.ia/resource/reddit/post/1mp7942,ont_has_ontology_elements,global_counts,,1.0,False
1mp7942,val,1,http://wfrp.ia/resource/reddit/post/1mp7942,ont_count_domain_concepts,global_counts,,1.0,False
1mp7942,val,1,http://wfrp.ia/resource/reddit/post/1mp7942,ont_total_neutro_mentions,global_counts,,1.0,False
1mp7942,val,1,http://wfrp.ia/resource/reddit/post/1mp7942,ont_domain_score,global_counts,,1.0,False
1mp7942,val,1,http://wfrp.ia/resource/reddit/post/1mp7942,ont_domain_density,global_counts,,0.09090909090909091,True
1mzuh66,val,2,http://wfrp.ia/resource/reddit/post/1mzuh66,,,,0.0,False
1n0rjya,val,2,http://wfrp.ia/resource/reddit/post/1n0rjya,ont_Tecnologia_Neutro,technology,http://wfrp.ia/dominio/ciencia-tecnologia#Tecnologia,1.0,True
1n0rjya,val,2,http://wfrp.ia/resource/reddit/post/1n0rjya,ont_has_ontology_elements,global_counts,,1.0,False
1n0rjya,val,2,http://wfrp.ia/resource/reddit/post/1n0rjya,ont_count_domain_concepts,global_counts,,1.0,False
1n0rjya,val,2,http://wfrp.ia/resource/reddit/post/1n0rjya,ont_total_neutro_mentions,global_counts,,1.0,False
1n0rjya,val,2,http://wfrp.ia/resource/reddit/post/1n0rjya,ont_domain_score,global_counts,,1.0,False
1n0rjya,val,2,http://wfrp.ia/resource/reddit/post/1n0rjya,ont_domain_density,global_counts,,0.0625,True
1n3f0nv,val,2,http://wfrp.ia/resource/reddit/post/1n3f0nv,,,,0.0,False
1n0zcq7,val,1,http://wfrp.ia/resource/reddit/post/1n0zcq7,ont_Tecnologia_Neutro,technology,http://wfrp.ia/dominio/ciencia-tecnologia#Tecnologia,1.0,True
1n0zcq7,val,1,http://wfrp.ia/resource/reddit/post/1n0zcq7,ont_Futuro_Neutro,future,http://wfrp.ia/dominio/ciencia-tecnologia#Futuro,1.0,False
1n0zcq7,val,1,http://wfrp.ia/resource/reddit/post/1n0zcq7,ont_has_ontology_elements,global_counts,,1.0,False
1n0zcq7,val,1,http://wfrp.ia/resource/reddit/post/1n0zcq7,ont_count_domain_concepts,global_counts,,2.0,False
1n0zcq7,val,1,http://wfrp.ia/resource/reddit/post/1n0zcq7,ont_total_neutro_mentions,global_counts,,2.0,False
1n0zcq7,val,1,http://wfrp.ia/resource/reddit/post/1n0zcq7,ont_domain_score,global_counts,,2.0,False
1n0zcq7,val,1,http://wfrp.ia/resource/reddit/post/1n0zcq7,ont_domain_density,global_counts,,0.07142857142857142,True
1n2prqm,val,2,http://wfrp.ia/resource/reddit/post/1n2prqm,ont_InteligenciaArtificial_Neutro,ai,http://wfrp.ia/dominio/ciencia-tecnologia#InteligenciaArtificial,1.0,False
1n2prqm,val,2,http://wfrp.ia/resource/reddit/post/1n2prqm,ont_has_ontology_elements,global_counts,,1.0,False
1n2prqm,val,2,http://wfrp.ia/resource/reddit/post/1n2prqm,ont_count_domain_concepts,global_counts,,1.0,False
1n2prqm,val,2,http://wfrp.ia/resource/reddit/post/1n2prqm,ont_total_neutro_mentions,global_counts,,1.0,False
1n2prqm,val,2,http://wfrp.ia/resource/reddit/post/1n2prqm,ont_domain_score,global_counts,,1.0,False
1n2prqm,val,2,http://wfrp.ia/resource/reddit/post/1n2prqm,ont_domain_density,global_counts,,0.07692307692307693,True
1n0kb08,val,2,http://wfrp.ia/resource/reddit/post/1n0kb08,ont_InteligenciaArtificial_Neutro,ai,http://wfrp.ia/dominio/ciencia-tecnologia#InteligenciaArtificial,2.0,False
1n0kb08,val,2,http://wfrp.ia/resource/reddit/post/1n0kb08,ont_has_ontology_elements,global_counts,,1.0,False
1n0kb08,val,2,http://wfrp.ia/resource/reddit/post/1n0kb08,ont_count_domain_concepts,global_counts,,1.0,False
1n0kb08,val,2,http://wfrp.ia/resource/reddit/post/1n0kb08,ont_total_neutro_mentions,global_counts,,2.0,False
1n0kb08,val,2,http://wfrp.ia/resource/reddit/post/1n0kb08,ont_domain_score,global_counts,,1.0,False
1n0kb08,val,2,http://wfrp.ia/resource/reddit/post/1n0kb08,ont_domain_density,global_counts,,0.07142857142857142,True
1mzee1f,val,0,http://wfrp.ia/resource/reddit/post/1mzee1f,ont_InteligenciaArtificial_Neutro,ai,http://wfrp.ia/dominio/ciencia-tecnologia#InteligenciaArtificial,1.0,False
1mzee1f,val,0,http://wfrp.ia/resource/reddit/post/1mzee1f,ont_has_ontology_elements,global_counts,,1.0,False
1mzee1f,val,0,http://wfrp.ia/resource/reddit/post/1mzee1f,ont_count_domain_concepts,global_counts,,1.0,False
1mzee1f,val,0,http://wfrp.ia/resource/reddit/post/1mzee1f,ont_total_neutro_mentions,global_counts,,1.0,False
1mzee1f,val,0,http://wfrp.ia/resource/reddit/post/1mzee1f,ont_domain_score,global_counts,,1.5,False
1mzee1f,val,0,http://wfrp.ia/resource/reddit/post/1mzee1f,ont_domain_density,global_counts,,0.08333333333333333,True
1n0s9s2,val,2,http://wfrp.ia/resource/reddit/post/1n0s9s2,ont_InteligenciaArtificial_Neutro,ai,http://wfrp.ia/dominio/ciencia-tecnologia#InteligenciaArtificial,1.0,False
1n0s9s2,val,2,http://wfrp.ia/resource/reddit/post/1n0s9s2,ont_has_ontology_elements,global_counts,,1.0,False
1n0s9s2,val,2,http://wfrp.ia/resource/reddit/post/1n0s9s2,ont_count_domain_concepts,global_counts,,1.0,False
1n0s9s2,val,2,http://wfrp.ia/resource/reddit/post/1n0s9s2,ont_total_neutro_mentions,global_counts,,1.0,False
1n0s9s2,val,2,http://wfrp.ia/resource/reddit/post/1n0s9s2,ont_domain_score,global_counts,,1.0,False
1n0s9s2,val,2,http://wfrp.ia/resource/reddit/post/1n0s9s2,ont_domain_density,global_counts,,0.058823529411764705,True
1mx9a8s,val,1,http://wfrp.ia/resource/reddit/post/1mx9a8s,ont_InteligenciaArtificial_Neutro,ai,http://wfrp.ia/dominio/ciencia-tecnologia#InteligenciaArtificial,1.0,False
1mx9a8s,val,1,http://wfrp.ia/resource/reddit/post/1mx9a8s,ont_AprendizajeAutomatico_Neutro,ml,http://wfrp.ia/dominio/ciencia-tecnologia#AprendizajeAutomatico,1.0,False
1mx9a8s,val,1,http://wfrp.ia/resource/reddit/post/1mx9a8s,ont_has_ontology_elements,global_counts,,1.0,False
1mx9a8s,val,1,http://wfrp.ia/resource/reddit/post/1mx9a8s,ont_count_domain_concepts,global_counts,,2.0,False
1mx9a8s,val,1,http://wfrp.ia/resource/reddit/post/1mx9a8s,ont_total_neutro_mentions,global_counts,,2.0,False
1mx9a8s,val,1,http://wfrp.ia/resource/reddit/post/1mx9a8s,ont_domain_score,global_counts,,2.0,False
1mx9a8s,val,1,http://wfrp.ia/resource/reddit/post/1mx9a8s,ont_domain_density,global_counts,,0.10526315789473684,True
1n3xnwx,val,2,http://wfrp.ia/resource/reddit/post/1n3xnwx,ont_Datos_Neutro,data,http://wfrp.ia/dominio/ciencia-tecnologia#Datos,2.0,False
1n3xnwx,val,2,http://wfrp.ia/resource/reddit/post/1n3xnwx,ont_has_ontology_elements,global_counts,,1.0,False
1n3xnwx,val,2,http://wfrp.ia/resource/reddit/post/1n3xnwx,ont_count_domain_concepts,global_counts,,1.0,False
1n3xnwx,val,2,http://wfrp.ia/resource/reddit/post/1n3xnwx,ont_total_neutro_mentions,global_counts,,2.0,False
1n3xnwx,val,2,http://wfrp.ia/resource/reddit/post/1n3xnwx,ont_domain_score,global_counts,,2.0,False
1n3xnwx,val,2,http://wfrp.ia/resource/reddit/post/1n3xnwx,ont_domain_density,global_counts,,0.00909090909090909,True
1n3mnsw,val,0,http://wfrp.ia/resource/reddit/post/1n3mnsw,ont_Automatizacion_Positivo,automation,http://wfrp.ia/dominio/ciencia-tecnologia#Automatizacion,1.0,False
1n3mnsw,val,0,http://wfrp.ia/resource/reddit/post/1n3mnsw,ont_Automatizacion_Neutro,automation,http://wfrp.ia/dominio/ciencia-tecnologia#Automatizacion,1.0,False
1n3mnsw,val,0,http://wfrp.ia/resource/reddit/post/1n3mnsw,ont_has_ontology_elements,global_counts,,1.0,False
1n3mnsw,val,0,http://wfrp.ia/resource/reddit/post/1n3mnsw,ont_count_domain_concepts,global_counts,,1.0,False
1n3mnsw,val,0,http://wfrp.ia/resource/reddit/post/1n3mnsw,ont_total_positivo_mentions,global_counts,,1.0,False
1n3mnsw,val,0,http://wfrp.ia/resource/reddit/post/1n3mnsw,ont_total_neutro_mentions,global_counts,,1.0,False
1n3mnsw,val,0,http://wfrp.ia/resource/reddit/post/1n3mnsw,ont_domain_score,global_counts,,2.0,False
1n3mnsw,val,0,http://wfrp.ia/resource/reddit/post/1n3mnsw,ont_domain_density,global_counts,,0.0033333333333333335,True
1n3xi0i,val,2,http://wfrp.ia/resource/reddit/post/1n3xi0i,ont_Tecnologia_Neutro,technology,http://wfrp.ia/dominio/ciencia-tecnologia#Tecnologia,1.0,True
1n3xi0i,val,2,http://wfrp.ia/resource/reddit/post/1n3xi0i,ont_has_ontology_elements,global_counts,,1.0,False
1n3xi0i,val,2,http://wfrp.ia/resource/reddit/post/1n3xi0i,ont_count_domain_concepts,global_counts,,1.0,False
1n3xi0i,val,2,http://wfrp.ia/resource/reddit/post/1n3xi0i,ont_total_neutro_mentions,global_counts,,1.0,False
1n3xi0i,val,2,http://wfrp.ia/resource/reddit/post/1n3xi0i,ont_domain_score,global_counts,,1.0,False
1n3xi0i,val,2,http://wfrp.ia/resource/reddit/post/1n3xi0i,ont_domain_density,global_counts,,0.08333333333333333,True
1mz58a5,val,1,http://wfrp.ia/resource/reddit/post/1mz58a5,ont_InteligenciaArtificial_Neutro,ai,http://wfrp.ia/dominio/ciencia-tecnologia#InteligenciaArtificial,2.0,False
1mz58a5,val,1,http://wfrp.ia/resource/reddit/post/1mz58a5,ont_Tecnologia_Neutro,technology,http://wfrp.ia/dominio/ciencia-tecnologia#Tecnologia,1.0,True
1mz58a5,val,1,http://wfrp.ia/resource/reddit/post/1mz58a5,ont_Futuro_Neutro,future,http://wfrp.ia/dominio/ciencia-tecnologia#Futuro,1.0,False
1mz58a5,val,1,http://wfrp.ia/resource/reddit/post/1mz58a5,ont_has_ontology_elements,global_counts,,1.0,False
1mz58a5,val,1,http://wfrp.ia/resource/reddit/post/1mz58a5,ont_count_domain_concepts,global_counts,,3.0,False
1mz58a5,val,1,http://wfrp.ia/resource/reddit/post/1mz58a5,ont_total_neutro_mentions,global_counts,,4.0,False
1mz58a5,val,1,http://wfrp.ia/resource/reddit/post/1mz58a5,ont_domain_score,global_counts,,3.5,False
1mz58a5,val,1,http://wfrp.ia/resource/reddit/post/1mz58a5,ont_domain_density,global_counts,,0.2727272727272727,True
1n3wdtz,val,2,http://wfrp.ia/resource/reddit/post/1n3wdtz,ont_InteligenciaArtificial_Neutro,ai,http://wfrp.ia/dominio/ciencia-tecnologia#InteligenciaArtificial,3.0,False
1n3wdtz,val,2,http://wfrp.ia/resource/reddit/post/1n3wdtz,ont_Tecnologia_Neutro,technology,http://wfrp.ia/dominio/ciencia-tecnologia#Tecnologia,1.0,True
1n3wdtz,val,2,http://wfrp.ia/resource/reddit/post/1n3wdtz,ont_Robot_Neutro,robot,http://wfrp.ia/dominio/ciencia-tecnologia#Robot,3.0,False
1n3wdtz,val,2,http://wfrp.ia/resource/reddit/post/1n3wdtz,ont_has_ontology_elements,global_counts,,1.0,False
1n3wdtz,val,2,http://wfrp.ia/resource/reddit/post/1n3wdtz,ont_count_domain_concepts,global_counts,,4.0,False
1n3wdtz,val,2,http://wfrp.ia/resource/reddit/post/1n3wdtz,ont_total_neutro_mentions,global_counts,,7.0,False
1n3wdtz,val,2,http://wfrp.ia/resource/reddit/post/1n3wdtz,ont_domain_score,global_counts,,7.0,False
1n3wdtz,val,2,http://wfrp.ia/resource/reddit/post/1n3wdtz,ont_domain_density,global_counts,,0.017391304347826087,True
1n26dzi,val,1,http://wfrp.ia/resource/reddit/post/1n26dzi,ont_InteligenciaArtificial_Neutro,ai,http://wfrp.ia/dominio/ciencia-tecnologia#InteligenciaArtificial,1.0,False
1n26dzi,val,1,http://wfrp.ia/resource/reddit/post/1n26dzi,ont_has_ontology_elements,global_counts,,1.0,False
1n26dzi,val,1,http://wfrp.ia/resource/reddit/post/1n26dzi,ont_count_domain_concepts,global_counts,,1.0,False
1n26dzi,val,1,http://wfrp.ia/resource/reddit/post/1n26dzi,ont_total_neutro_mentions,global_counts,,1.0,False
1n26dzi,val,1,http://wfrp.ia/resource/reddit/post/1n26dzi,ont_domain_score,global_counts,,1.0,False
1n26dzi,val,1,http://wfrp.ia/resource/reddit/post/1n26dzi,ont_domain_density,global_counts,,0.1111111111111111,True
1n3y9b3,val,2,http://wfrp.ia/resource/reddit/post/1n3y9b3,ont_Datos_Neutro,data,http://wfrp.ia/dominio/ciencia-tecnologia#Datos,1.0,False
1n3y9b3,val,2,http://wfrp.ia/resource/reddit/post/1n3y9b3,ont_has_ontology_elements,global_counts,,1.0,False
1n3y9b3,val,2,http://wfrp.ia/resource/reddit/post/1n3y9b3,ont_count_domain_concepts,global_counts,,1.0,False
1n3y9b3,val,2,http://wfrp.ia/resource/reddit/post/1n3y9b3,ont_total_neutro_mentions,global_counts,,1.0,False
1n3y9b3,val,2,http://wfrp.ia/resource/reddit/post/1n3y9b3,ont_domain_score,global_counts,,1.0,False
1n3y9b3,val,2,http://wfrp.ia/resource/reddit/post/1n3y9b3,ont_domain_density,global_counts,,0.05,True
1n3vmxr,val,0,http://wfrp.ia/resource/reddit/post/1n3vmxr,ont_Datos_Neutro,data,http://wfrp.ia/dominio/ciencia-tecnologia#Datos,1.0,False
1n3vmxr,val,0,http://wfrp.ia/resource/reddit/post/1n3vmxr,ont_has_ontology_elements,global_counts,,1.0,False
1n3vmxr,val,0,http://wfrp.ia/resource/reddit/post/1n3vmxr,ont_count_domain_concepts,global_counts,,1.0,False
1n3vmxr,val,0,http://wfrp.ia/resource/reddit/post/1n3vmxr,ont_total_neutro_mentions,global_counts,,1.0,False
1n3vmxr,val,0,http://wfrp.ia/resource/reddit/post/1n3vmxr,ont_domain_score,global_counts,,1.0,False
1n3vmxr,val,0,http://wfrp.ia/resource/reddit/post/1n3vmxr,ont_domain_density,global_counts,,0.09090909090909091,True
1n3s8bx,val,2,http://wfrp.ia/resource/reddit/post/1n3s8bx,ont_Datos_Neutro,data,http://wfrp.ia/dominio/ciencia-tecnologia#Datos,1.0,False
1n3s8bx,val,2,http://wfrp.ia/resource/reddit/post/1n3s8bx,ont_has_ontology_elements,global_counts,,1.0,False
1n3s8bx,val,2,http://wfrp.ia/resource/reddit/post/1n3s8bx,ont_count_domain_concepts,global_counts,,1.0,False
1n3s8bx,val,2,http://wfrp.ia/resource/reddit/post/1n3s8bx,ont_total_neutro_mentions,global_counts,,1.0,False
1n3s8bx,val,2,http://wfrp.ia/resource/reddit/post/1n3s8bx,ont_domain_score,global_counts,,1.0,False
1n3s8bx,val,2,http://wfrp.ia/resource/reddit/post/1n3s8bx,ont_domain_density,global_counts,,0.09090909090909091,True
1n20cha,val,2,http://wfrp.ia/resource/reddit/post/1n20cha,ont_Tecnologia_Neutro,technology,http://wfrp.ia/dominio/ciencia-tecnologia#Tecnologia,1.0,True
1n20cha,val,2,http://wfrp.ia/resource/reddit/post/1n20cha,ont_has_ontology_elements,global_counts,,1.0,False
1n20cha,val,2,http://wfrp.ia/resource/reddit/post/1n20cha,ont_count_domain_concepts,global_counts,,1.0,False
1n20cha,val,2,http://wfrp.ia/resource/reddit/post/1n20cha,ont_total_neutro_mentions,global_counts,,1.0,False
1n20cha,val,2,http://wfrp.ia/resource/reddit/post/1n20cha,ont_domain_score,global_counts,,1.0,False
1n20cha,val,2,http://wfrp.ia/resource/reddit/post/1n20cha,ont_domain_density,global_counts,,0.09090909090909091,True
1n3mp0s,val,2,http://wfrp.ia/resource/reddit/post/1n3mp0s,ont_Datos_Neutro,data,http://wfrp.ia/dominio/ciencia-tecnologia#Datos,1.0,False
1n3mp0s,val,2,http://wfrp.ia/resource/reddit/post/1n3mp0s,ont_has_ontology_elements,global_counts,,1.0,False
1n3mp0s,val,2,http://wfrp.ia/resource/reddit/post/1n3mp0s,ont_count_domain_concepts,global_counts,,1.0,False
1n3mp0s,val,2,http://wfrp.ia/resource/reddit/post/1n3mp0s,ont_total_neutro_mentions,global_counts,,1.0,False
1n3mp0s,val,2,http://wfrp.ia/resource/reddit/post/1n3mp0s,ont_domain_score,global_counts,,1.0,False
1n3mp0s,val,2,http://wfrp.ia/resource/reddit/post/1n3mp0s,ont_domain_density,global_counts,,0.030303030303030304,True
1n2ivl3,val,1,http://wfrp.ia/resource/reddit/post/1n2ivl3,ont_InteligenciaArtificial_Neutro,ai,http://wfrp.ia/dominio/ciencia-tecnologia#InteligenciaArtificial,1.0,False
1n2ivl3,val,1,http://wfrp.ia/resource/reddit/post/1n2ivl3,ont_has_ontology_elements,global_counts,,1.0,False
1n2ivl3,val,1,http://wfrp.ia/resource/reddit/post/1n2ivl3,ont_count_domain_concepts,global_counts,,1.0,False
1n2ivl3,val,1,http://wfrp.ia/resource/reddit/post/1n2ivl3,ont_total_neutro_mentions,global_counts,,1.0,False
1n2ivl3,val,1,http://wfrp.ia/resource/reddit/post/1n2ivl3,ont_domain_score,global_counts,,1.0,False
1n2ivl3,val,1,http://wfrp.ia/resource/reddit/post/1n2ivl3,ont_domain_density,global_counts,,0.09090909090909091,True
1n0hatj,val,0,http://wfrp.ia/resource/reddit/post/1n0hatj,ont_InteligenciaArtificial_Neutro,ai,http://wfrp.ia/dominio/ciencia-tecnologia#InteligenciaArtificial,1.0,False
1n0hatj,val,0,http://wfrp.ia/resource/reddit/post/1n0hatj,ont_has_ontology_elements,global_counts,,1.0,False
1n0hatj,val,0,http://wfrp.ia/resource/reddit/post/1n0hatj,ont_count_domain_concepts,global_counts,,1.0,False
1n0hatj,val,0,http://wfrp.ia/resource/reddit/post/1n0hatj,ont_total_neutro_mentions,global_counts,,1.0,False
1n0hatj,val,0,http://wfrp.ia/resource/reddit/post/1n0hatj,ont_domain_score,global_counts,,1.0,False
1n0hatj,val,0,http://wfrp.ia/resource/reddit/post/1n0hatj,ont_domain_density,global_counts,,0.1,True
1n0itcz,val,2,http://wfrp.ia/resource/reddit/post/1n0itcz,ont_Tecnologia_Neutro,technology,http://wfrp.ia/dominio/ciencia-tecnologia#Tecnologia,1.0,True
1n0itcz,val,2,http://wfrp.ia/resource/reddit/post/1n0itcz,ont_has_ontology_elements,global_counts,,1.0,False
1n0itcz,val,2,http://wfrp.ia/resource/reddit/post/1n0itcz,ont_count_domain_concepts,global_counts,,1.0,False
1n0itcz,val,2,http://wfrp.ia/resource/reddit/post/1n0itcz,ont_total_neutro_mentions,global_counts,,1.0,False
1n0itcz,val,2,http://wfrp.ia/resource/reddit/post/1n0itcz,ont_domain_score,global_counts,,1.0,False
1n0itcz,val,2,http://wfrp.ia/resource/reddit/post/1n0itcz,ont_domain_density,global_counts,,0.08333333333333333,True
1mvrt15,val,2,http://wfrp.ia/resource/reddit/post/1mvrt15,ont_has_ontology_elements,global_counts,,1.0,False
1mwxx98,val,2,http://wfrp.ia/resource/reddit/post/1mwxx98,ont_InteligenciaArtificial_Neutro,ai,http://wfrp.ia/dominio/ciencia-tecnologia#InteligenciaArtificial,1.0,False
1mwxx98,val,2,http://wfrp.ia/resource/reddit/post/1mwxx98,ont_has_ontology_elements,global_counts,,1.0,False
1mwxx98,val,2,http://wfrp.ia/resource/reddit/post/1mwxx98,ont_count_domain_concepts,global_counts,,1.0,False
1mwxx98,val,2,http://wfrp.ia/resource/reddit/post/1mwxx98,ont_total_neutro_mentions,global_counts,,1.0,False
1mwxx98,val,2,http://wfrp.ia/resource/reddit/post/1mwxx98,ont_domain_score,global_counts,,0.5,False
1mwxx98,val,2,http://wfrp.ia/resource/reddit/post/1mwxx98,ont_domain_density,global_counts,,0.09090909090909091,True
1mvyfdv,val,2,http://wfrp.ia/resource/reddit/post/1mvyfdv,ont_has_ontology_elements,global_counts,,1.0,False
1n2bv9s,val,0,http://wfrp.ia/resource/reddit/post/1n2bv9s,ont_InteligenciaArtificial_Neutro,ai,http://wfrp.ia/dominio/ciencia-tecnologia#InteligenciaArtificial,2.0,False
1n2bv9s,val,0,http://wfrp.ia/resource/reddit/post/1n2bv9s,ont_Etica_Positivo,ethics,http://wfrp.ia/dominio/ciencia-tecnologia#Etica,1.0,False
1n2bv9s,val,0,http://wfrp.ia/resource/reddit/post/1n2bv9s,ont_has_ontology_elements,global_counts,,1.0,False
1n2bv9s,val,0,http://wfrp.ia/resource/reddit/post/1n2bv9s,ont_count_domain_concepts,global_counts,,2.0,False
1n2bv9s,val,0,http://wfrp.ia/resource/reddit/post/1n2bv9s,ont_total_positivo_mentions,global_counts,,1.0,False
1n2bv9s,val,0,http://wfrp.ia/resource/reddit/post/1n2bv9s,ont_total_neutro_mentions,global_counts,,2.0,False
1n2bv9s,val,0,http://wfrp.ia/resource/reddit/post/1n2bv9s,ont_domain_score,global_counts,,2.0,False
1n2bv9s,val,0,http://wfrp.ia/resource/reddit/post/1n2bv9s,ont_domain_density,global_counts,,0.14285714285714285,True
1n2hk3v,val,2,http://wfrp.ia/resource/reddit/post/1n2hk3v,ont_Datos_Neutro,data,http://wfrp.ia/dominio/ciencia-tecnologia#Datos,1.0,False
1n2hk3v,val,2,http://wfrp.ia/resource/reddit/post/1n2hk3v,ont_has_ontology_elements,global_counts,,1.0,False
1n2hk3v,val,2,http://wfrp.ia/resource/reddit/post/1n2hk3v,ont_count_domain_concepts,global_counts,,1.0,False
1n2hk3v,val,2,http://wfrp.ia/resource/reddit/post/1n2hk3v,ont_total_neutro_mentions,global_counts,,1.0,False
1n2hk3v,val,2,http://wfrp.ia/resource/reddit/post/1n2hk3v,ont_domain_score,global_counts,,1.0,False
1n2hk3v,val,2,http://wfrp.ia/resource/reddit/post/1n2hk3v,ont_domain_density,global_counts,,0.08333333333333333,True
1n0w0pq,val,2,http://wfrp.ia/resource/reddit/post/1n0w0pq,ont_Futuro_Neutro,future,http://wfrp.ia/dominio/ciencia-tecnologia#Futuro,1.0,False
1n0w0pq,val,2,http://wfrp.ia/resource/reddit/post/1n0w0pq,ont_has_ontology_elements,global_counts,,1.0,False
1n0w0pq,val,2,http://wfrp.ia/resource/reddit/post/1n0w0pq,ont_count_domain_concepts,global_counts,,1.0,False
1n0w0pq,val,2,http://wfrp.ia/resource/reddit/post/1n0w0pq,ont_total_neutro_mentions,global_counts,,1.0,False
1n0w0pq,val,2,http://wfrp.ia/resource/reddit/post/1n0w0pq,ont_domain_score,global_counts,,1.0,False
1n0w0pq,val,2,http://wfrp.ia/resource/reddit/post/1n0w0pq,ont_domain_density,global_counts,,0.1,True
1n08lm6,val,2,http://wfrp.ia/resource/reddit/post/1n08lm6,ont_Datos_Neutro,data,http://wfrp.ia/dominio/ciencia-tecnologia#Datos,1.0,False
1n08lm6,val,2,http://wfrp.ia/resource/reddit/post/1n08lm6,ont_has_ontology_elements,global_counts,,1.0,False
1n08lm6,val,2,http://wfrp.ia/resource/reddit/post/1n08lm6,ont_count_domain_concepts,global_counts,,1.0,False
1n08lm6,val,2,http://wfrp.ia/resource/reddit/post/1n08lm6,ont_total_neutro_mentions,global_counts,,1.0,False
1n08lm6,val,2,http://wfrp.ia/resource/reddit/post/1n08lm6,ont_domain_score,global_counts,,1.0,False
1n08lm6,val,2,http://wfrp.ia/resource/reddit/post/1n08lm6,ont_domain_density,global_counts,,0.07692307692307693,True
1mrh541,val,2,http://wfrp.ia/resource/reddit/post/1mrh541,,,,0.0,False
1mrpttm,val,0,http://wfrp.ia/resource/reddit/post/1mrpttm,ont_InteligenciaArtificial_Neutro,ai,http://wfrp.ia/dominio/ciencia-tecnologia#InteligenciaArtificial,1.0,False
1mrpttm,val,0,http://wfrp.ia/resource/reddit/post/1mrpttm,ont_Robot_Neutro,robot,http://wfrp.ia/dominio/ciencia-tecnologia#Robot,1.0,False
1mrpttm,val,0,http://wfrp.ia/resource/reddit/post/1mrpttm,ont_has_ontology_elements,global_counts,,1.0,False
1mrpttm,val,0,http://wfrp.ia/resource/reddit/post/1mrpttm,ont_count_domain_concepts,global_counts,,2.0,False
1mrpttm,val,0,http://wfrp.ia/resource/reddit/post/1mrpttm,ont_total_neutro_mentions,global_counts,,2.0,False
1mrpttm,val,0,http://wfrp.ia/resource/reddit/post/1mrpttm,ont_domain_score,global_counts,,2.0,False
1mrpttm,val,0,http://wfrp.ia/resource/reddit/post/1mrpttm,ont_domain_density,global_counts,,0.15384615384615385,True
1mr7ugm,val,1,http://wfrp.ia/resource/reddit/post/1mr7ugm,ont_InteligenciaArtificial_Neutro,ai,http://wfrp.ia/dominio/ciencia-tecnologia#InteligenciaArtificial,1.0,False
1mr7ugm,val,1,http://wfrp.ia/resource/reddit/post/1mr7ugm,ont_Tecnologia_Neutro,technology,http://wfrp.ia/dominio/ciencia-tecnologia#Tecnologia,1.0,True
1mr7ugm,val,1,http://wfrp.ia/resource/reddit/post/1mr7ugm,ont_Futuro_Neutro,future,http://wfrp.ia/dominio/ciencia-tecnologia#Futuro,1.0,False
1mr7ugm,val,1,http://wfrp.ia/resource/reddit/post/1mr7ugm,ont_has_ontology_elements,global_counts,,1.0,False
1mr7ugm,val,1,http://wfrp.ia/resource/reddit/post/1mr7ugm,ont_count_domain_concepts,global_counts,,3.0,False
1mr7ugm,val,1,http://wfrp.ia/resource/reddit/post/1mr7ugm,ont_total_neutro_mentions,global_counts,,3.0,False
1mr7ugm,val,1,http://wfrp.ia/resource/reddit/post/1mr7ugm,ont_domain_score,global_counts,,3.0,False
1mr7ugm,val,1,http://wfrp.ia/resource/reddit/post/1mr7ugm,ont_domain_density,global_counts,,0.15789473684210525,True
1mqu4d4,val,2,http://wfrp.ia/resource/reddit/post/1mqu4d4,,,,0.0,False
1mrqdje,val,2,http://wfrp.ia/resource/reddit/post/1mrqdje,,,,0.0,False
1n29rkq,val,2,http://wfrp.ia/resource/reddit/post/1n29rkq,ont_Futuro_Neutro,future,http://wfrp.ia/dominio/ciencia-tecnologia#Futuro,1.0,False
1n29rkq,val,2,http://wfrp.ia/resource/reddit/post/1n29rkq,ont_has_ontology_elements,global_counts,,1.0,False
1n29rkq,val,2,http://wfrp.ia/resource/reddit/post/1n29rkq,ont_count_domain_concepts,global_counts,,1.0,False
1n29rkq,val,2,http://wfrp.ia/resource/reddit/post/1n29rkq,ont_total_neutro_mentions,global_counts,,1.0,False
1n29rkq,val,2,http://wfrp.ia/resource/reddit/post/1n29rkq,ont_domain_score,global_counts,,1.0,False
1n29rkq,val,2,http://wfrp.ia/resource/reddit/post/1n29rkq,ont_domain_density,global_counts,,0.1,True
1nc71bh,val,1,http://wfrp.ia/resource/reddit/post/1nc71bh,ont_Datos_Neutro,data,http://wfrp.ia/dominio/ciencia-tecnologia#Datos,1.0,False
1nc71bh,val,1,http://wfrp.ia/resource/reddit/post/1nc71bh,ont_Etica_Neutro,ethics,http://wfrp.ia/dominio/ciencia-tecnologia#Etica,1.0,False
1nc71bh,val,1,http://wfrp.ia/resource/reddit/post/1nc71bh,ont_has_ontology_elements,global_counts,,1.0,False
1nc71bh,val,1,http://wfrp.ia/resource/reddit/post/1nc71bh,ont_count_domain_concepts,global_counts,,4.0,False
1nc71bh,val,1,http://wfrp.ia/resource/reddit/post/1nc71bh,ont_total_neutro_mentions,global_counts,,2.0,False
1nc71bh,val,1,http://wfrp.ia/resource/reddit/post/1nc71bh,ont_domain_score,global_counts,,4.0,False
1nc71bh,val,1,http://wfrp.ia/resource/reddit/post/1nc71bh,ont_domain_density,global_counts,,0.013289036544850499,True
1mp1gcv,val,2,http://wfrp.ia/resource/reddit/post/1mp1gcv,ont_Datos_Neutro,data,http://wfrp.ia/dominio/ciencia-tecnologia#Datos,2.0,False
1mp1gcv,val,2,http://wfrp.ia/resource/reddit/post/1mp1gcv,ont_Etica_Neutro,ethics,http://wfrp.ia/dominio/ciencia-tecnologia#Etica,2.0,False
1mp1gcv,val,2,http://wfrp.ia/resource/reddit/post/1mp1gcv,ont_has_ontology_elements,global_counts,,1.0,False
1mp1gcv,val,2,http://wfrp.ia/resource/reddit/post/1mp1gcv,ont_count_domain_concepts,global_counts,,3.0,False
1mp1gcv,val,2,http://wfrp.ia/resource/reddit/post/1mp1gcv,ont_total_neutro_mentions,global_counts,,4.0,False
1mp1gcv,val,2,http://wfrp.ia/resource/reddit/post/1mp1gcv,ont_domain_score,global_counts,,3.0,False
1mp1gcv,val,2,http://wfrp.ia/resource/reddit/post/1mp1gcv,ont_domain_density,global_counts,,0.005385996409335727,True
1n7buwd,val,1,http://wfrp.ia/resource/reddit/post/1n7buwd,ont_Datos_Neutro,data,http://wfrp.ia/dominio/ciencia-tecnologia#Datos,1.0,False
1n7buwd,val,1,http://wfrp.ia/resource/reddit/post/1n7buwd,ont_has_ontology_elements,global_counts,,1.0,False
1n7buwd,val,1,http://wfrp.ia/resource/reddit/post/1n7buwd,ont_count_domain_concepts,global_counts,,1.0,False
1n7buwd,val,1,http://wfrp.ia/resource/reddit/post/1n7buwd,ont_total_neutro_mentions,global_counts,,1.0,False
1n7buwd,val,1,http://wfrp.ia/resource/reddit/post/1n7buwd,ont_domain_score,global_counts,,1.0,False
1n7buwd,val,1,http://wfrp.ia/resource/reddit/post/1n7buwd,ont_domain_density,global_counts,,0.038461538461538464,True
1n6rwop,val,2,http://wfrp.ia/resource/reddit/post/1n6rwop,ont_InteligenciaArtificial_Neutro,ai,http://wfrp.ia/dominio/ciencia-tecnologia#InteligenciaArtificial,1.0,False
1n6rwop,val,2,http://wfrp.ia/resource/reddit/post/1n6rwop,ont_has_ontology_elements,global_counts,,1.0,False
1n6rwop,val,2,http://wfrp.ia/resource/reddit/post/1n6rwop,ont_count_domain_concepts,global_counts,,1.0,False
1n6rwop,val,2,http://wfrp.ia/resource/reddit/post/1n6rwop,ont_total_neutro_mentions,global_counts,,1.0,False
1n6rwop,val,2,http://wfrp.ia/resource/reddit/post/1n6rwop,ont_domain_score,global_counts,,1.0,False
1n6rwop,val,2,http://wfrp.ia/resource/reddit/post/1n6rwop,ont_domain_density,global_counts,,0.07692307692307693,True
1ne7ges,val,1,http://wfrp.ia/resource/reddit/post/1ne7ges,ont_InteligenciaArtificial_Neutro,ai,http://wfrp.ia/dominio/ciencia-tecnologia#InteligenciaArtificial,1.0,False
1ne7ges,val,1,http://wfrp.ia/resource/reddit/post/1ne7ges,ont_Datos_Neutro,data,http://wfrp.ia/dominio/ciencia-tecnologia#Datos,1.0,False
1ne7ges,val,1,http://wfrp.ia/resource/reddit/post/1ne7ges,ont_has_ontology_elements,global_counts,,1.0,False
1ne7ges,val,1,http://wfrp.ia/resource/reddit/post/1ne7ges,ont_count_domain_concepts,global_counts,,2.0,False
1ne7ges,val,1,http://wfrp.ia/resource/reddit/post/1ne7ges,ont_total_neutro_mentions,global_counts,,2.0,False
1ne7ges,val,1,http://wfrp.ia/resource/reddit/post/1ne7ges,ont_domain_score,global_counts,,2.0,False
1ne7ges,val,1,http://wfrp.ia/resource/reddit/post/1ne7ges,ont_domain_density,global_counts,,0.18181818181818182,True
1nemzt9,val,1,http://wfrp.ia/resource/reddit/post/1nemzt9,ont_InteligenciaArtificial_Neutro,ai,http://wfrp.ia/dominio/ciencia-tecnologia#InteligenciaArtificial,1.0,False
1nemzt9,val,1,http://wfrp.ia/resource/reddit/post/1nemzt9,ont_has_ontology_elements,global_counts,,1.0,False
1nemzt9,val,1,http://wfrp.ia/resource/reddit/post/1nemzt9,ont_count_domain_concepts,global_counts,,1.0,False
1nemzt9,val,1,http://wfrp.ia/resource/reddit/post/1nemzt9,ont_total_neutro_mentions,global_counts,,1.0,False
1nemzt9,val,1,http://wfrp.ia/resource/reddit/post/1nemzt9,ont_domain_score,global_counts,,1.0,False
1nemzt9,val,1,http://wfrp.ia/resource/reddit/post/1nemzt9,ont_domain_density,global_counts,,0.09090909090909091,True
1ne9wn4,val,1,http://wfrp.ia/resource/reddit/post/1ne9wn4,,,,0.0,False
1niopeo,val,2,http://wfrp.ia/resource/reddit/post/1niopeo,ont_InteligenciaArtificial_Neutro,ai,http://wfrp.ia/dominio/ciencia-tecnologia#InteligenciaArtificial,1.0,False
1niopeo,val,2,http://wfrp.ia/resource/reddit/post/1niopeo,ont_has_ontology_elements,global_counts,,1.0,False
1niopeo,val,2,http://wfrp.ia/resource/reddit/post/1niopeo,ont_count_domain_concepts,global_counts,,1.0,False
1niopeo,val,2,http://wfrp.ia/resource/reddit/post/1niopeo,ont_total_neutro_mentions,global_counts,,1.0,False
1niopeo,val,2,http://wfrp.ia/resource/reddit/post/1niopeo,ont_domain_score,global_counts,,1.0,False
1niopeo,val,2,http://wfrp.ia/resource/reddit/post/1niopeo,ont_domain_density,global_counts,,0.08333333333333333,True
1nb4w5s,val,1,http://wfrp.ia/resource/reddit/post/1nb4w5s,,,,0.0,False
1nc67qw,val,2,http://wfrp.ia/resource/reddit/post/1nc67qw,ont_InteligenciaArtificial_Neutro,ai,http://wfrp.ia/dominio/ciencia-tecnologia#InteligenciaArtificial,1.0,False
1nc67qw,val,2,http://wfrp.ia/resource/reddit/post/1nc67qw,ont_has_ontology_elements,global_counts,,1.0,False
1nc67qw,val,2,http://wfrp.ia/resource/reddit/post/1nc67qw,ont_count_domain_concepts,global_counts,,1.0,False
1nc67qw,val,2,http://wfrp.ia/resource/reddit/post/1nc67qw,ont_total_neutro_mentions,global_counts,,1.0,False
1nc67qw,val,2,http://wfrp.ia/resource/reddit/post/1nc67qw,ont_domain_score,global_counts,,1.5,False
1nc67qw,val,2,http://wfrp.ia/resource/reddit/post/1nc67qw,ont_domain_density,global_counts,,0.07692307692307693,True
1n9y1ln,val,0,http://wfrp.ia/resource/reddit/post/1n9y1ln,ont_InteligenciaArtificial_Negativo,ai,http://wfrp.ia/dominio/ciencia-tecnologia#InteligenciaArtificial,2.0,True
1n9y1ln,val,0,http://wfrp.ia/resource/reddit/post/1n9y1ln,ont_has_ontology_elements,global_counts,,1.0,False
1n9y1ln,val,0,http://wfrp.ia/resource/reddit/post/1n9y1ln,ont_count_domain_concepts,global_counts,,1.0,False
1n9y1ln,val,0,http://wfrp.ia/resource/reddit/post/1n9y1ln,ont_total_negativo_mentions,global_counts,,2.0,True
1n9y1ln,val,0,http://wfrp.ia/resource/reddit/post/1n9y1ln,ont_domain_score,global_counts,,1.5,False
1n9y1ln,val,0,http://wfrp.ia/resource/reddit/post/1n9y1ln,ont_domain_density,global_counts,,0.09090909090909091,True
1n7t5xw,val,1,http://wfrp.ia/resource/reddit/post/1n7t5xw,ont_InteligenciaArtificial_Neutro,ai,http://wfrp.ia/dominio/ciencia-tecnologia#InteligenciaArtificial,2.0,False
1n7t5xw,val,1,http://wfrp.ia/resource/reddit/post/1n7t5xw,ont_has_ontology_elements,global_counts,,1.0,False
1n7t5xw,val,1,http://wfrp.ia/resource/reddit/post/1n7t5xw,ont_count_domain_concepts,global_counts,,1.0,False
1n7t5xw,val,1,http://wfrp.ia/resource/reddit/post/1n7t5xw,ont_total_neutro_mentions,global_counts,,2.0,False
1n7t5xw,val,1,http://wfrp.ia/resource/reddit/post/1n7t5xw,ont_domain_score,global_counts,,2.0,False
1n7t5xw,val,1,http://wfrp.ia/resource/reddit/post/1n7t5xw,ont_domain_density,global_counts,,0.08333333333333333,True
1n7qvxw,val,2,http://wfrp.ia/resource/reddit/post/1n7qvxw,ont_InteligenciaArtificial_Neutro,ai,http://wfrp.ia/dominio/ciencia-tecnologia#InteligenciaArtificial,1.0,False
1n7qvxw,val,2,http://wfrp.ia/resource/reddit/post/1n7qvxw,ont_has_ontology_elements,global_counts,,1.0,False
1n7qvxw,val,2,http://wfrp.ia/resource/reddit/post/1n7qvxw,ont_count_domain_concepts,global_counts,,1.0,False
1n7qvxw,val,2,http://wfrp.ia/resource/reddit/post/1n7qvxw,ont_total_neutro_mentions,global_counts,,1.0,False
1n7qvxw,val,2,http://wfrp.ia/resource/reddit/post/1n7qvxw,ont_domain_score,global_counts,,0.5,False
1n7qvxw,val,2,http://wfrp.ia/resource/reddit/post/1n7qvxw,ont_domain_density,global_counts,,0.1,True
1n78we7,val,2,http://wfrp.ia/resource/reddit/post/1n78we7,ont_InteligenciaArtificial_Neutro,ai,http://wfrp.ia/dominio/ciencia-tecnologia#InteligenciaArtificial,1.0,False
1n78we7,val,2,http://wfrp.ia/resource/reddit/post/1n78we7,ont_has_ontology_elements,global_counts,,1.0,False
1n78we7,val,2,http://wfrp.ia/resource/reddit/post/1n78we7,ont_count_domain_concepts,global_counts,,1.0,False
1n78we7,val,2,http://wfrp.ia/resource/reddit/post/1n78we7,ont_total_neutro_mentions,global_counts,,1.0,False
1n78we7,val,2,http://wfrp.ia/resource/reddit/post/1n78we7,ont_domain_score,global_counts,,1.0,False
1n78we7,val,2,http://wfrp.ia/resource/reddit/post/1n78we7,ont_domain_density,global_counts,,0.1111111111111111,True
1n8gxhc,val,1,http://wfrp.ia/resource/reddit/post/1n8gxhc,,,,0.0,False
1n8bfa3,val,1,http://wfrp.ia/resource/reddit/post/1n8bfa3,ont_InteligenciaArtificial_Neutro,ai,http://wfrp.ia/dominio/ciencia-tecnologia#InteligenciaArtificial,1.0,False
1n8bfa3,val,1,http://wfrp.ia/resource/reddit/post/1n8bfa3,ont_has_ontology_elements,global_counts,,1.0,False
1n8bfa3,val,1,http://wfrp.ia/resource/reddit/post/1n8bfa3,ont_count_domain_concepts,global_counts,,1.0,False
1n8bfa3,val,1,http://wfrp.ia/resource/reddit/post/1n8bfa3,ont_total_neutro_mentions,global_counts,,1.0,False
1n8bfa3,val,1,http://wfrp.ia/resource/reddit/post/1n8bfa3,ont_domain_score,global_counts,,1.0,False
1n8bfa3,val,1,http://wfrp.ia/resource/reddit/post/1n8bfa3,ont_domain_density,global_counts,,0.1111111111111111,True
1n98wv2,val,2,http://wfrp.ia/resource/reddit/post/1n98wv2,ont_Tecnologia_Neutro,technology,http://wfrp.ia/dominio/ciencia-tecnologia#Tecnologia,1.0,True
1n98wv2,val,2,http://wfrp.ia/resource/reddit/post/1n98wv2,ont_has_ontology_elements,global_counts,,1.0,False
1n98wv2,val,2,http://wfrp.ia/resource/reddit/post/1n98wv2,ont_count_domain_concepts,global_counts,,1.0,False
1n98wv2,val,2,http://wfrp.ia/resource/reddit/post/1n98wv2,ont_total_neutro_mentions,global_counts,,1.0,False
1n98wv2,val,2,http://wfrp.ia/resource/reddit/post/1n98wv2,ont_domain_score,global_counts,,1.0,False
1n98wv2,val,2,http://wfrp.ia/resource/reddit/post/1n98wv2,ont_domain_density,global_counts,,0.09090909090909091,True
1n8zfwd,val,1,http://wfrp.ia/resource/reddit/post/1n8zfwd,ont_Tecnologia_Neutro,technology,http://wfrp.ia/dominio/ciencia-tecnologia#Tecnologia,1.0,True
1n8zfwd,val,1,http://wfrp.ia/resource/reddit/post/1n8zfwd,ont_Datos_Neutro,data,http://wfrp.ia/dominio/ciencia-tecnologia#Datos,1.0,False
1n8zfwd,val,1,http://wfrp.ia/resource/reddit/post/1n8zfwd,ont_has_ontology_elements,global_counts,,1.0,False
1n8zfwd,val,1,http://wfrp.ia/resource/reddit/post/1n8zfwd,ont_count_domain_concepts,global_counts,,2.0,False
1n8zfwd,val,1,http://wfrp.ia/resource/reddit/post/1n8zfwd,ont_total_neutro_mentions,global_counts,,2.0,False
1n8zfwd,val,1,http://wfrp.ia/resource/reddit/post/1n8zfwd,ont_domain_score,global_counts,,2.0,False
1n8zfwd,val,1,http://wfrp.ia/resource/reddit/post/1n8zfwd,ont_domain_density,global_counts,,0.1111111111111111,True
1n99wrk,val,2,http://wfrp.ia/resource/reddit/post/1n99wrk,ont_Tecnologia_Neutro,technology,http://wfrp.ia/dominio/ciencia-tecnologia#Tecnologia,1.0,True
1n99wrk,val,2,http://wfrp.ia/resource/reddit/post/1n99wrk,ont_has_ontology_elements,global_counts,,1.0,False
1n99wrk,val,2,http://wfrp.ia/resource/reddit/post/1n99wrk,ont_count_domain_concepts,global_counts,,2.0,False
1n99wrk,val,2,http://wfrp.ia/resource/reddit/post/1n99wrk,ont_total_neutro_mentions,global_counts,,1.0,False
1n99wrk,val,2,http://wfrp.ia/resource/reddit/post/1n99wrk,ont_domain_score,global_counts,,2.0,False
1n99wrk,val,2,http://wfrp.ia/resource/reddit/post/1n99wrk,ont_domain_density,global_counts,,0.2222222222222222,True
1n6z4c1,val,2,http://wfrp.ia/resource/reddit/post/1n6z4c1,,,,0.0,False
1n6tfx6,val,1,http://wfrp.ia/resource/reddit/post/1n6tfx6,ont_InteligenciaArtificial_Neutro,ai,http://wfrp.ia/dominio/ciencia-tecnologia#InteligenciaArtificial,1.0,False
1n6tfx6,val,1,http://wfrp.ia/resource/reddit/post/1n6tfx6,ont_has_ontology_elements,global_counts,,1.0,False
1n6tfx6,val,1,http://wfrp.ia/resource/reddit/post/1n6tfx6,ont_count_domain_concepts,global_counts,,1.0,False
1n6tfx6,val,1,http://wfrp.ia/resource/reddit/post/1n6tfx6,ont_total_neutro_mentions,global_counts,,1.0,False
1n6tfx6,val,1,http://wfrp.ia/resource/reddit/post/1n6tfx6,ont_domain_score,global_counts,,1.0,False
1n6tfx6,val,1,http://wfrp.ia/resource/reddit/post/1n6tfx6,ont_domain_density,global_counts,,0.1,True
1n6zrhg,val,1,http://wfrp.ia/resource/reddit/post/1n6zrhg,,,,0.0,False
1n70u7v,val,2,http://wfrp.ia/resource/reddit/post/1n70u7v,ont_InteligenciaArtificial_Neutro,ai,http://wfrp.ia/dominio/ciencia-tecnologia#InteligenciaArtificial,1.0,False
1n70u7v,val,2,http://wfrp.ia/resource/reddit/post/1n70u7v,ont_has_ontology_elements,global_counts,,1.0,False
1n70u7v,val,2,http://wfrp.ia/resource/reddit/post/1n70u7v,ont_count_domain_concepts,global_counts,,1.0,False
1n70u7v,val,2,http://wfrp.ia/resource/reddit/post/1n70u7v,ont_total_neutro_mentions,global_counts,,1.0,False
1n70u7v,val,2,http://wfrp.ia/resource/reddit/post/1n70u7v,ont_domain_score,global_counts,,0.5,False
1n70u7v,val,2,http://wfrp.ia/resource/reddit/post/1n70u7v,ont_domain_density,global_counts,,0.14285714285714285,True
1n6mcs0,val,1,http://wfrp.ia/resource/reddit/post/1n6mcs0,ont_InteligenciaArtificial_Neutro,ai,http://wfrp.ia/dominio/ciencia-tecnologia#InteligenciaArtificial,1.0,False
1n6mcs0,val,1,http://wfrp.ia/resource/reddit/post/1n6mcs0,ont_has_ontology_elements,global_counts,,1.0,False
1n6mcs0,val,1,http://wfrp.ia/resource/reddit/post/1n6mcs0,ont_count_domain_concepts,global_counts,,1.0,False
1n6mcs0,val,1,http://wfrp.ia/resource/reddit/post/1n6mcs0,ont_total_neutro_mentions,global_counts,,1.0,False
1n6mcs0,val,1,http://wfrp.ia/resource/reddit/post/1n6mcs0,ont_domain_score,global_counts,,1.0,False
1n6mcs0,val,1,http://wfrp.ia/resource/reddit/post/1n6mcs0,ont_domain_density,global_counts,,0.07142857142857142,True
1n6pp8e,val,2,http://wfrp.ia/resource/reddit/post/1n6pp8e,ont_Tecnologia_Neutro,technology,http://wfrp.ia/dominio/ciencia-tecnologia#Tecnologia,1.0,True
1n6pp8e,val,2,http://wfrp.ia/resource/reddit/post/1n6pp8e,ont_has_ontology_elements,global_counts,,1.0,False
1n6pp8e,val,2,http://wfrp.ia/resource/reddit/post/1n6pp8e,ont_count_domain_concepts,global_counts,,1.0,False
1n6pp8e,val,2,http://wfrp.ia/resource/reddit/post/1n6pp8e,ont_total_neutro_mentions,global_counts,,1.0,False
1n6pp8e,val,2,http://wfrp.ia/resource/reddit/post/1n6pp8e,ont_domain_score,global_counts,,1.0,False
1n6pp8e,val,2,http://wfrp.ia/resource/reddit/post/1n6pp8e,ont_domain_density,global_counts,,0.045454545454545456,True
1n6ce6h,val,1,http://wfrp.ia/resource/reddit/post/1n6ce6h,ont_Datos_Neutro,data,http://wfrp.ia/dominio/ciencia-tecnologia#Datos,1.0,False
1n6ce6h,val,1,http://wfrp.ia/resource/reddit/post/1n6ce6h,ont_has_ontology_elements,global_counts,,1.0,False
1n6ce6h,val,1,http://wfrp.ia/resource/reddit/post/1n6ce6h,ont_count_domain_concepts,global_counts,,1.0,False
1n6ce6h,val,1,http://wfrp.ia/resource/reddit/post/1n6ce6h,ont_total_neutro_mentions,global_counts,,1.0,False
1n6ce6h,val,1,http://wfrp.ia/resource/reddit/post/1n6ce6h,ont_domain_score,global_counts,,1.0,False
1n6ce6h,val,1,http://wfrp.ia/resource/reddit/post/1n6ce6h,ont_domain_density,global_counts,,0.045454545454545456,True
1nefi5o,val,2,http://wfrp.ia/resource/reddit/post/1nefi5o,,,,0.0,False
1ne4hnj,val,1,http://wfrp.ia/resource/reddit/post/1ne4hnj,ont_InteligenciaArtificial_Neutro,ai,http://wfrp.ia/dominio/ciencia-tecnologia#InteligenciaArtificial,1.0,False
1ne4hnj,val,1,http://wfrp.ia/resource/reddit/post/1ne4hnj,ont_has_ontology_elements,global_counts,,1.0,False
1ne4hnj,val,1,http://wfrp.ia/resource/reddit/post/1ne4hnj,ont_count_domain_concepts,global_counts,,1.0,False
1ne4hnj,val,1,http://wfrp.ia/resource/reddit/post/1ne4hnj,ont_total_neutro_mentions,global_counts,,1.0,False
1ne4hnj,val,1,http://wfrp.ia/resource/reddit/post/1ne4hnj,ont_domain_score,global_counts,,1.0,False
1ne4hnj,val,1,http://wfrp.ia/resource/reddit/post/1ne4hnj,ont_domain_density,global_counts,,0.037037037037037035,True
1neflm5,val,0,http://wfrp.ia/resource/reddit/post/1neflm5,ont_InteligenciaArtificial_Neutro,ai,http://wfrp.ia/dominio/ciencia-tecnologia#InteligenciaArtificial,1.0,False
1neflm5,val,0,http://wfrp.ia/resource/reddit/post/1neflm5,ont_Robot_Neutro,robot,http://wfrp.ia/dominio/ciencia-tecnologia#Robot,1.0,False
1neflm5,val,0,http://wfrp.ia/resource/reddit/post/1neflm5,ont_has_ontology_elements,global_counts,,1.0,False
1neflm5,val,0,http://wfrp.ia/resource/reddit/post/1neflm5,ont_count_domain_concepts,global_counts,,2.0,False
1neflm5,val,0,http://wfrp.ia/resource/reddit/post/1neflm5,ont_total_neutro_mentions,global_counts,,2.0,False
1neflm5,val,0,http://wfrp.ia/resource/reddit/post/1neflm5,ont_domain_score,global_counts,,2.0,False
1neflm5,val,0,http://wfrp.ia/resource/reddit/post/1neflm5,ont_domain_density,global_counts,,0.2222222222222222,True
1nelcey,val,2,http://wfrp.ia/resource/reddit/post/1nelcey,ont_InteligenciaArtificial_Neutro,ai,http://wfrp.ia/dominio/ciencia-tecnologia#InteligenciaArtificial,1.0,False
1nelcey,val,2,http://wfrp.ia/resource/reddit/post/1nelcey,ont_has_ontology_elements,global_counts,,1.0,False
1nelcey,val,2,http://wfrp.ia/resource/reddit/post/1nelcey,ont_count_domain_concepts,global_counts,,1.0,False
1nelcey,val,2,http://wfrp.ia/resource/reddit/post/1nelcey,ont_total_neutro_mentions,global_counts,,1.0,False
1nelcey,val,2,http://wfrp.ia/resource/reddit/post/1nelcey,ont_domain_score,global_counts,,0.5,False
1nelcey,val,2,http://wfrp.ia/resource/reddit/post/1nelcey,ont_domain_density,global_counts,,0.07142857142857142,True
1nedsij,val,1,http://wfrp.ia/resource/reddit/post/1nedsij,ont_Futuro_Neutro,future,http://wfrp.ia/dominio/ciencia-tecnologia#Futuro,1.0,False
1nedsij,val,1,http://wfrp.ia/resource/reddit/post/1nedsij,ont_has_ontology_elements,global_counts,,1.0,False
1nedsij,val,1,http://wfrp.ia/resource/reddit/post/1nedsij,ont_count_domain_concepts,global_counts,,1.0,False
1nedsij,val,1,http://wfrp.ia/resource/reddit/post/1nedsij,ont_total_neutro_mentions,global_counts,,1.0,False
1nedsij,val,1,http://wfrp.ia/resource/reddit/post/1nedsij,ont_domain_score,global_counts,,1.0,False
1nedsij,val,1,http://wfrp.ia/resource/reddit/post/1nedsij,ont_domain_density,global_counts,,0.07142857142857142,True
1nej84z,val,0,http://wfrp.ia/resource/reddit/post/1nej84z,ont_InteligenciaArtificial_Neutro,ai,http://wfrp.ia/dominio/ciencia-tecnologia#InteligenciaArtificial,1.0,False
1nej84z,val,0,http://wfrp.ia/resource/reddit/post/1nej84z,ont_has_ontology_elements,global_counts,,1.0,False
1nej84z,val,0,http://wfrp.ia/resource/reddit/post/1nej84z,ont_count_domain_concepts,global_counts,,1.0,False
1nej84z,val,0,http://wfrp.ia/resource/reddit/post/1nej84z,ont_total_neutro_mentions,global_counts,,1.0,False
1nej84z,val,0,http://wfrp.ia/resource/reddit/post/1nej84z,ont_domain_score,global_counts,,1.0,False
1nej84z,val,0,http://wfrp.ia/resource/reddit/post/1nej84z,ont_domain_density,global_counts,,0.1111111111111111,True
1nifay3,val,1,http://wfrp.ia/resource/reddit/post/1nifay3,,,,0.0,False
1nif9gm,val,1,http://wfrp.ia/resource/reddit/post/1nif9gm,ont_InteligenciaArtificial_Neutro,ai,http://wfrp.ia/dominio/ciencia-tecnologia#InteligenciaArtificial,1.0,False
1nif9gm,val,1,http://wfrp.ia/resource/reddit/post/1nif9gm,ont_has_ontology_elements,global_counts,,1.0,False
1nif9gm,val,1,http://wfrp.ia/resource/reddit/post/1nif9gm,ont_count_domain_concepts,global_counts,,1.0,False
1nif9gm,val,1,http://wfrp.ia/resource/reddit/post/1nif9gm,ont_total_neutro_mentions,global_counts,,1.0,False
1nif9gm,val,1,http://wfrp.ia/resource/reddit/post/1nif9gm,ont_domain_score,global_counts,,1.0,False
1nif9gm,val,1,http://wfrp.ia/resource/reddit/post/1nif9gm,ont_domain_density,global_counts,,0.03125,True
1niuzhl,val,2,http://wfrp.ia/resource/reddit/post/1niuzhl,,,,0.0,False
1ninzst,val,2,http://wfrp.ia/resource/reddit/post/1ninzst,ont_InteligenciaArtificial_Neutro,ai,http://wfrp.ia/dominio/ciencia-tecnologia#InteligenciaArtificial,2.0,False
1ninzst,val,2,http://wfrp.ia/resource/reddit/post/1ninzst,ont_has_ontology_elements,global_counts,,1.0,False
1ninzst,val,2,http://wfrp.ia/resource/reddit/post/1ninzst,ont_count_domain_concepts,global_counts,,1.0,False
1ninzst,val,2,http://wfrp.ia/resource/reddit/post/1ninzst,ont_total_neutro_mentions,global_counts,,2.0,False
1ninzst,val,2,http://wfrp.ia/resource/reddit/post/1ninzst,ont_domain_score,global_counts,,1.0,False
1ninzst,val,2,http://wfrp.ia/resource/reddit/post/1ninzst,ont_domain_density,global_counts,,0.1,True
1niqqyf,val,2,http://wfrp.ia/resource/reddit/post/1niqqyf,ont_AprendizajeAutomatico_Neutro,ml,http://wfrp.ia/dominio/ciencia-tecnologia#AprendizajeAutomatico,1.0,False
1niqqyf,val,2,http://wfrp.ia/resource/reddit/post/1niqqyf,ont_has_ontology_elements,global_counts,,1.0,False
1niqqyf,val,2,http://wfrp.ia/resource/reddit/post/1niqqyf,ont_count_domain_concepts,global_counts,,1.0,False
1niqqyf,val,2,http://wfrp.ia/resource/reddit/post/1niqqyf,ont_total_neutro_mentions,global_counts,,1.0,False
1niqqyf,val,2,http://wfrp.ia/resource/reddit/post/1niqqyf,ont_domain_score,global_counts,,1.0,False
1niqqyf,val,2,http://wfrp.ia/resource/reddit/post/1niqqyf,ont_domain_density,global_counts,,0.08333333333333333,True
1ninxgz,val,2,http://wfrp.ia/resource/reddit/post/1ninxgz,ont_InteligenciaArtificial_Positivo,ai,http://wfrp.ia/dominio/ciencia-tecnologia#InteligenciaArtificial,1.0,False
1ninxgz,val,2,http://wfrp.ia/resource/reddit/post/1ninxgz,ont_has_ontology_elements,global_counts,,1.0,False
1ninxgz,val,2,http://wfrp.ia/resource/reddit/post/1ninxgz,ont_count_domain_concepts,global_counts,,1.0,False
1ninxgz,val,2,http://wfrp.ia/resource/reddit/post/1ninxgz,ont_total_positivo_mentions,global_counts,,1.0,False
1ninxgz,val,2,http://wfrp.ia/resource/reddit/post/1ninxgz,ont_domain_score,global_counts,,0.5,False
1ninxgz,val,2,http://wfrp.ia/resource/reddit/post/1ninxgz,ont_domain_density,global_counts,,0.07142857142857142,True
1nibbrx,val,1,http://wfrp.ia/resource/reddit/post/1nibbrx,ont_InteligenciaArtificial_Neutro,ai,http://wfrp.ia/dominio/ciencia-tecnologia#InteligenciaArtificial,1.0,False
1nibbrx,val,1,http://wfrp.ia/resource/reddit/post/1nibbrx,ont_has_ontology_elements,global_counts,,1.0,False
1nibbrx,val,1,http://wfrp.ia/resource/reddit/post/1nibbrx,ont_count_domain_concepts,global_counts,,1.0,False
1nibbrx,val,1,http://wfrp.ia/resource/reddit/post/1nibbrx,ont_total_neutro_mentions,global_counts,,1.0,False
1nibbrx,val,1,http://wfrp.ia/resource/reddit/post/1nibbrx,ont_domain_score,global_counts,,1.0,False
1nibbrx,val,1,http://wfrp.ia/resource/reddit/post/1nibbrx,ont_domain_density,global_counts,,0.1,True
1njhq6y,val,1,http://wfrp.ia/resource/reddit/post/1njhq6y,ont_InteligenciaArtificial_Neutro,ai,http://wfrp.ia/dominio/ciencia-tecnologia#InteligenciaArtificial,1.0,False
1njhq6y,val,1,http://wfrp.ia/resource/reddit/post/1njhq6y,ont_Tecnologia_Neutro,technology,http://wfrp.ia/dominio/ciencia-tecnologia#Tecnologia,1.0,True
1njhq6y,val,1,http://wfrp.ia/resource/reddit/post/1njhq6y,ont_has_ontology_elements,global_counts,,1.0,False
1njhq6y,val,1,http://wfrp.ia/resource/reddit/post/1njhq6y,ont_count_domain_concepts,global_counts,,2.0,False
1njhq6y,val,1,http://wfrp.ia/resource/reddit/post/1njhq6y,ont_total_neutro_mentions,global_counts,,2.0,False
1njhq6y,val,1,http://wfrp.ia/resource/reddit/post/1njhq6y,ont_domain_score,global_counts,,2.0,False
1njhq6y,val,1,http://wfrp.ia/resource/reddit/post/1njhq6y,ont_domain_density,global_counts,,0.18181818181818182,True
1nj8yl0,val,2,http://wfrp.ia/resource/reddit/post/1nj8yl0,ont_Robot_Neutro,robot,http://wfrp.ia/dominio/ciencia-tecnologia#Robot,1.0,False
1nj8yl0,val,2,http://wfrp.ia/resource/reddit/post/1nj8yl0,ont_has_ontology_elements,global_counts,,1.0,False
1nj8yl0,val,2,http://wfrp.ia/resource/reddit/post/1nj8yl0,ont_count_domain_concepts,global_counts,,1.0,False
1nj8yl0,val,2,http://wfrp.ia/resource/reddit/post/1nj8yl0,ont_total_neutro_mentions,global_counts,,1.0,False
1nj8yl0,val,2,http://wfrp.ia/resource/reddit/post/1nj8yl0,ont_domain_score,global_counts,,1.0,False
1nj8yl0,val,2,http://wfrp.ia/resource/reddit/post/1nj8yl0,ont_domain_density,global_counts,,0.07142857142857142,True
1nj9t1k,val,2,http://wfrp.ia/resource/reddit/post/1nj9t1k,ont_Futuro_Neutro,future,http://wfrp.ia/dominio/ciencia-tecnologia#Futuro,1.0,False
1nj9t1k,val,2,http://wfrp.ia/resource/reddit/post/1nj9t1k,ont_has_ontology_elements,global_counts,,1.0,False
1nj9t1k,val,2,http://wfrp.ia/resource/reddit/post/1nj9t1k,ont_count_domain_concepts,global_counts,,1.0,False
1nj9t1k,val,2,http://wfrp.ia/resource/reddit/post/1nj9t1k,ont_total_neutro_mentions,global_counts,,1.0,False
1nj9t1k,val,2,http://wfrp.ia/resource/reddit/post/1nj9t1k,ont_domain_score,global_counts,,1.0,False
1nj9t1k,val,2,http://wfrp.ia/resource/reddit/post/1nj9t1k,ont_domain_density,global_counts,,0.09090909090909091,True
1njkf9e,val,1,http://wfrp.ia/resource/reddit/post/1njkf9e,ont_InteligenciaArtificial_Neutro,ai,http://wfrp.ia/dominio/ciencia-tecnologia#InteligenciaArtificial,1.0,False
1njkf9e,val,1,http://wfrp.ia/resource/reddit/post/1njkf9e,ont_has_ontology_elements,global_counts,,1.0,False
1njkf9e,val,1,http://wfrp.ia/resource/reddit/post/1njkf9e,ont_count_domain_concepts,global_counts,,1.0,False
1njkf9e,val,1,http://wfrp.ia/resource/reddit/post/1njkf9e,ont_total_neutro_mentions,global_counts,,1.0,False
1njkf9e,val,1,http://wfrp.ia/resource/reddit/post/1njkf9e,ont_domain_score,global_counts,,1.0,False
1njkf9e,val,1,http://wfrp.ia/resource/reddit/post/1njkf9e,ont_domain_density,global_counts,,0.1,True
1ndhhax,val,2,http://wfrp.ia/resource/reddit/post/1ndhhax,ont_Tecnologia_Neutro,technology,http://wfrp.ia/dominio/ciencia-tecnologia#Tecnologia,1.0,True
1ndhhax,val,2,http://wfrp.ia/resource/reddit/post/1ndhhax,ont_has_ontology_elements,global_counts,,1.0,False
1ndhhax,val,2,http://wfrp.ia/resource/reddit/post/1ndhhax,ont_count_domain_concepts,global_counts,,1.0,False
1ndhhax,val,2,http://wfrp.ia/resource/reddit/post/1ndhhax,ont_total_neutro_mentions,global_counts,,1.0,False
1ndhhax,val,2,http://wfrp.ia/resource/reddit/post/1ndhhax,ont_domain_score,global_counts,,1.0,False
1ndhhax,val,2,http://wfrp.ia/resource/reddit/post/1ndhhax,ont_domain_density,global_counts,,0.07142857142857142,True
1ndfoiz,val,0,http://wfrp.ia/resource/reddit/post/1ndfoiz,ont_InteligenciaArtificial_Neutro,ai,http://wfrp.ia/dominio/ciencia-tecnologia#InteligenciaArtificial,1.0,False
1ndfoiz,val,0,http://wfrp.ia/resource/reddit/post/1ndfoiz,ont_has_ontology_elements,global_counts,,1.0,False
1ndfoiz,val,0,http://wfrp.ia/resource/reddit/post/1ndfoiz,ont_count_domain_concepts,global_counts,,1.0,False
1ndfoiz,val,0,http://wfrp.ia/resource/reddit/post/1ndfoiz,ont_total_neutro_mentions,global_counts,,1.0,False
1ndfoiz,val,0,http://wfrp.ia/resource/reddit/post/1ndfoiz,ont_domain_score,global_counts,,1.0,False
1ndfoiz,val,0,http://wfrp.ia/resource/reddit/post/1ndfoiz,ont_domain_density,global_counts,,0.125,True
1nd6lu8,val,2,http://wfrp.ia/resource/reddit/post/1nd6lu8,ont_Tecnologia_Neutro,technology,http://wfrp.ia/dominio/ciencia-tecnologia#Tecnologia,1.0,True
1nd6lu8,val,2,http://wfrp.ia/resource/reddit/post/1nd6lu8,ont_has_ontology_elements,global_counts,,1.0,False
1nd6lu8,val,2,http://wfrp.ia/resource/reddit/post/1nd6lu8,ont_count_domain_concepts,global_counts,,1.0,False
1nd6lu8,val,2,http://wfrp.ia/resource/reddit/post/1nd6lu8,ont_total_neutro_mentions,global_counts,,1.0,False
1nd6lu8,val,2,http://wfrp.ia/resource/reddit/post/1nd6lu8,ont_domain_score,global_counts,,1.0,False
1nd6lu8,val,2,http://wfrp.ia/resource/reddit/post/1nd6lu8,ont_domain_density,global_counts,,0.08333333333333333,True
1nd65xv,val,1,http://wfrp.ia/resource/reddit/post/1nd65xv,ont_InteligenciaArtificial_Neutro,ai,http://wfrp.ia/dominio/ciencia-tecnologia#InteligenciaArtificial,1.0,False
1nd65xv,val,1,http://wfrp.ia/resource/reddit/post/1nd65xv,ont_has_ontology_elements,global_counts,,1.0,False
1nd65xv,val,1,http://wfrp.ia/resource/reddit/post/1nd65xv,ont_count_domain_concepts,global_counts,,1.0,False
1nd65xv,val,1,http://wfrp.ia/resource/reddit/post/1nd65xv,ont_total_neutro_mentions,global_counts,,1.0,False
1nd65xv,val,1,http://wfrp.ia/resource/reddit/post/1nd65xv,ont_domain_score,global_counts,,1.0,False
1nd65xv,val,1,http://wfrp.ia/resource/reddit/post/1nd65xv,ont_domain_density,global_counts,,0.125,True
1ndgvdl,val,2,http://wfrp.ia/resource/reddit/post/1ndgvdl,ont_Tecnologia_Neutro,technology,http://wfrp.ia/dominio/ciencia-tecnologia#Tecnologia,1.0,True
1ndgvdl,val,2,http://wfrp.ia/resource/reddit/post/1ndgvdl,ont_has_ontology_elements,global_counts,,1.0,False
1ndgvdl,val,2,http://wfrp.ia/resource/reddit/post/1ndgvdl,ont_count_domain_concepts,global_counts,,1.0,False
1ndgvdl,val,2,http://wfrp.ia/resource/reddit/post/1ndgvdl,ont_total_neutro_mentions,global_counts,,1.0,False
1ndgvdl,val,2,http://wfrp.ia/resource/reddit/post/1ndgvdl,ont_domain_score,global_counts,,1.0,False
1ndgvdl,val,2,http://wfrp.ia/resource/reddit/post/1ndgvdl,ont_domain_density,global_counts,,0.07692307692307693,True
1ndhi9j,val,1,http://wfrp.ia/resource/reddit/post/1ndhi9j,ont_InteligenciaArtificial_Neutro,ai,http://wfrp.ia/dominio/ciencia-tecnologia#InteligenciaArtificial,1.0,False
1ndhi9j,val,1,http://wfrp.ia/resource/reddit/post/1ndhi9j,ont_has_ontology_elements,global_counts,,1.0,False
1ndhi9j,val,1,http://wfrp.ia/resource/reddit/post/1ndhi9j,ont_count_domain_concepts,global_counts,,1.0,False
1ndhi9j,val,1,http://wfrp.ia/resource/reddit/post/1ndhi9j,ont_total_neutro_mentions,global_counts,,1.0,False
1ndhi9j,val,1,http://wfrp.ia/resource/reddit/post/1ndhi9j,ont_domain_score,global_counts,,1.0,False
1ndhi9j,val,1,http://wfrp.ia/resource/reddit/post/1ndhi9j,ont_domain_density,global_counts,,0.1111111111111111,True
1nas7rb,val,1,http://wfrp.ia/resource/reddit/post/1nas7rb,ont_InteligenciaArtificial_Neutro,ai,http://wfrp.ia/dominio/ciencia-tecnologia#InteligenciaArtificial,1.0,False
1nas7rb,val,1,http://wfrp.ia/resource/reddit/post/1nas7rb,ont_has_ontology_elements,global_counts,,1.0,False
1nas7rb,val,1,http://wfrp.ia/resource/reddit/post/1nas7rb,ont_count_domain_concepts,global_counts,,1.0,False
1nas7rb,val,1,http://wfrp.ia/resource/reddit/post/1nas7rb,ont_total_neutro_mentions,global_counts,,1.0,False
1nas7rb,val,1,http://wfrp.ia/resource/reddit/post/1nas7rb,ont_domain_score,global_counts,,1.0,False
1nas7rb,val,1,http://wfrp.ia/resource/reddit/post/1nas7rb,ont_domain_density,global_counts,,0.0625,True
1naqa42,val,2,http://wfrp.ia/resource/reddit/post/1naqa42,ont_AprendizajeAutomatico_Neutro,ml,http://wfrp.ia/dominio/ciencia-tecnologia#AprendizajeAutomatico,1.0,False
1naqa42,val,2,http://wfrp.ia/resource/reddit/post/1naqa42,ont_has_ontology_elements,global_counts,,1.0,False
1naqa42,val,2,http://wfrp.ia/resource/reddit/post/1naqa42,ont_count_domain_concepts,global_counts,,1.0,False
1naqa42,val,2,http://wfrp.ia/resource/reddit/post/1naqa42,ont_total_neutro_mentions,global_counts,,1.0,False
1naqa42,val,2,http://wfrp.ia/resource/reddit/post/1naqa42,ont_domain_score,global_counts,,1.0,False
1naqa42,val,2,http://wfrp.ia/resource/reddit/post/1naqa42,ont_domain_density,global_counts,,0.09090909090909091,True
1natkyf,val,0,http://wfrp.ia/resource/reddit/post/1natkyf,ont_InteligenciaArtificial_Neutro,ai,http://wfrp.ia/dominio/ciencia-tecnologia#InteligenciaArtificial,1.0,False
1natkyf,val,0,http://wfrp.ia/resource/reddit/post/1natkyf,ont_has_ontology_elements,global_counts,,1.0,False
1natkyf,val,0,http://wfrp.ia/resource/reddit/post/1natkyf,ont_count_domain_concepts,global_counts,,1.0,False
1natkyf,val,0,http://wfrp.ia/resource/reddit/post/1natkyf,ont_total_neutro_mentions,global_counts,,1.0,False
1natkyf,val,0,http://wfrp.ia/resource/reddit/post/1natkyf,ont_domain_score,global_counts,,1.0,False
1natkyf,val,0,http://wfrp.ia/resource/reddit/post/1natkyf,ont_domain_density,global_counts,,0.07692307692307693,True
1narqb9,val,2,http://wfrp.ia/resource/reddit/post/1narqb9,ont_InteligenciaArtificial_Neutro,ai,http://wfrp.ia/dominio/ciencia-tecnologia#InteligenciaArtificial,1.0,False
1narqb9,val,2,http://wfrp.ia/resource/reddit/post/1narqb9,ont_has_ontology_elements,global_counts,,1.0,False
1narqb9,val,2,http://wfrp.ia/resource/reddit/post/1narqb9,ont_count_domain_concepts,global_counts,,1.0,False
1narqb9,val,2,http://wfrp.ia/resource/reddit/post/1narqb9,ont_total_neutro_mentions,global_counts,,1.0,False
1narqb9,val,2,http://wfrp.ia/resource/reddit/post/1narqb9,ont_domain_score,global_counts,,1.0,False
1narqb9,val,2,http://wfrp.ia/resource/reddit/post/1narqb9,ont_domain_density,global_counts,,0.09090909090909091,True
1nb429h,val,2,http://wfrp.ia/resource/reddit/post/1nb429h,ont_InteligenciaArtificial_Neutro,ai,http://wfrp.ia/dominio/ciencia-tecnologia#InteligenciaArtificial,2.0,False
1nb429h,val,2,http://wfrp.ia/resource/reddit/post/1nb429h,ont_Tecnologia_Neutro,technology,http://wfrp.ia/dominio/ciencia-tecnologia#Tecnologia,1.0,True
1nb429h,val,2,http://wfrp.ia/resource/reddit/post/1nb429h,ont_has_ontology_elements,global_counts,,1.0,False
1nb429h,val,2,http://wfrp.ia/resource/reddit/post/1nb429h,ont_count_domain_concepts,global_counts,,2.0,False
1nb429h,val,2,http://wfrp.ia/resource/reddit/post/1nb429h,ont_total_neutro_mentions,global_counts,,3.0,False
1nb429h,val,2,http://wfrp.ia/resource/reddit/post/1nb429h,ont_domain_score,global_counts,,4.0,False
1nb429h,val,2,http://wfrp.ia/resource/reddit/post/1nb429h,ont_domain_density,global_counts,,0.06666666666666667,True
1nb7yzs,val,1,http://wfrp.ia/resource/reddit/post/1nb7yzs,ont_InteligenciaArtificial_Neutro,ai,http://wfrp.ia/dominio/ciencia-tecnologia#InteligenciaArtificial,1.0,False
1nb7yzs,val,1,http://wfrp.ia/resource/reddit/post/1nb7yzs,ont_has_ontology_elements,global_counts,,1.0,False
1nb7yzs,val,1,http://wfrp.ia/resource/reddit/post/1nb7yzs,ont_count_domain_concepts,global_counts,,1.0,False
1nb7yzs,val,1,http://wfrp.ia/resource/reddit/post/1nb7yzs,ont_total_neutro_mentions,global_counts,,1.0,False
1nb7yzs,val,1,http://wfrp.ia/resource/reddit/post/1nb7yzs,ont_domain_score,global_counts,,1.0,False
1nb7yzs,val,1,http://wfrp.ia/resource/reddit/post/1nb7yzs,ont_domain_density,global_counts,,0.06666666666666667,True
1nckv37,val,2,http://wfrp.ia/resource/reddit/post/1nckv37,ont_InteligenciaArtificial_Neutro,ai,http://wfrp.ia/dominio/ciencia-tecnologia#InteligenciaArtificial,1.0,False
1nckv37,val,2,http://wfrp.ia/resource/reddit/post/1nckv37,ont_has_ontology_elements,global_counts,,1.0,False
1nckv37,val,2,http://wfrp.ia/resource/reddit/post/1nckv37,ont_count_domain_concepts,global_counts,,1.0,False
1nckv37,val,2,http://wfrp.ia/resource/reddit/post/1nckv37,ont_total_neutro_mentions,global_counts,,1.0,False
1nckv37,val,2,http://wfrp.ia/resource/reddit/post/1nckv37,ont_domain_score,global_counts,,1.0,False
1nckv37,val,2,http://wfrp.ia/resource/reddit/post/1nckv37,ont_domain_density,global_counts,,0.07692307692307693,True
1nco0oa,val,1,http://wfrp.ia/resource/reddit/post/1nco0oa,ont_InteligenciaArtificial_Neutro,ai,http://wfrp.ia/dominio/ciencia-tecnologia#InteligenciaArtificial,1.0,False
1nco0oa,val,1,http://wfrp.ia/resource/reddit/post/1nco0oa,ont_has_ontology_elements,global_counts,,1.0,False
1nco0oa,val,1,http://wfrp.ia/resource/reddit/post/1nco0oa,ont_count_domain_concepts,global_counts,,1.0,False
1nco0oa,val,1,http://wfrp.ia/resource/reddit/post/1nco0oa,ont_total_neutro_mentions,global_counts,,1.0,False
1nco0oa,val,1,http://wfrp.ia/resource/reddit/post/1nco0oa,ont_domain_score,global_counts,,1.0,False
1nco0oa,val,1,http://wfrp.ia/resource/reddit/post/1nco0oa,ont_domain_density,global_counts,,0.1,True
1nczvz1,val,1,http://wfrp.ia/resource/reddit/post/1nczvz1,ont_Tecnologia_Neutro,technology,http://wfrp.ia/dominio/ciencia-tecnologia#Tecnologia,1.0,True
1nczvz1,val,1,http://wfrp.ia/resource/reddit/post/1nczvz1,ont_Datos_Neutro,data,http://wfrp.ia/dominio/ciencia-tecnologia#Datos,2.0,False
1nczvz1,val,1,http://wfrp.ia/resource/reddit/post/1nczvz1,ont_has_ontology_elements,global_counts,,1.0,False
1nczvz1,val,1,http://wfrp.ia/resource/reddit/post/1nczvz1,ont_count_domain_concepts,global_counts,,2.0,False
1nczvz1,val,1,http://wfrp.ia/resource/reddit/post/1nczvz1,ont_total_neutro_mentions,global_counts,,3.0,False
1nczvz1,val,1,http://wfrp.ia/resource/reddit/post/1nczvz1,ont_domain_score,global_counts,,2.0,False
1nczvz1,val,1,http://wfrp.ia/resource/reddit/post/1nczvz1,ont_domain_density,global_counts,,0.07407407407407407,True
1ncjejl,val,1,http://wfrp.ia/resource/reddit/post/1ncjejl,ont_InteligenciaArtificial_Neutro,ai,http://wfrp.ia/dominio/ciencia-tecnologia#InteligenciaArtificial,1.0,False
1ncjejl,val,1,http://wfrp.ia/resource/reddit/post/1ncjejl,ont_has_ontology_elements,global_counts,,1.0,False
1ncjejl,val,1,http://wfrp.ia/resource/reddit/post/1ncjejl,ont_count_domain_concepts,global_counts,,1.0,False
1ncjejl,val,1,http://wfrp.ia/resource/reddit/post/1ncjejl,ont_total_neutro_mentions,global_counts,,1.0,False
1ncjejl,val,1,http://wfrp.ia/resource/reddit/post/1ncjejl,ont_domain_score,global_counts,,1.0,False
1ncjejl,val,1,http://wfrp.ia/resource/reddit/post/1ncjejl,ont_domain_density,global_counts,,0.09090909090909091,True
1ncbmqf,val,1,http://wfrp.ia/resource/reddit/post/1ncbmqf,ont_InteligenciaArtificial_Neutro,ai,http://wfrp.ia/dominio/ciencia-tecnologia#InteligenciaArtificial,1.0,False
1ncbmqf,val,1,http://wfrp.ia/resource/reddit/post/1ncbmqf,ont_has_ontology_elements,global_counts,,1.0,False
1ncbmqf,val,1,http://wfrp.ia/resource/reddit/post/1ncbmqf,ont_count_domain_concepts,global_counts,,1.0,False
1ncbmqf,val,1,http://wfrp.ia/resource/reddit/post/1ncbmqf,ont_total_neutro_mentions,global_counts,,1.0,False
1ncbmqf,val,1,http://wfrp.ia/resource/reddit/post/1ncbmqf,ont_domain_score,global_counts,,1.0,False
1ncbmqf,val,1,http://wfrp.ia/resource/reddit/post/1ncbmqf,ont_domain_density,global_counts,,0.1111111111111111,True
1nct752,val,2,http://wfrp.ia/resource/reddit/post/1nct752,ont_InteligenciaArtificial_Neutro,ai,http://wfrp.ia/dominio/ciencia-tecnologia#InteligenciaArtificial,1.0,False
1nct752,val,2,http://wfrp.ia/resource/reddit/post/1nct752,ont_Tecnologia_Neutro,technology,http://wfrp.ia/dominio/ciencia-tecnologia#Tecnologia,1.0,True
1nct752,val,2,http://wfrp.ia/resource/reddit/post/1nct752,ont_has_ontology_elements,global_counts,,1.0,False
1nct752,val,2,http://wfrp.ia/resource/reddit/post/1nct752,ont_count_domain_concepts,global_counts,,2.0,False
1nct752,val,2,http://wfrp.ia/resource/reddit/post/1nct752,ont_total_neutro_mentions,global_counts,,2.0,False
1nct752,val,2,http://wfrp.ia/resource/reddit/post/1nct752,ont_domain_score,global_counts,,2.0,False
1nct752,val,2,http://wfrp.ia/resource/reddit/post/1nct752,ont_domain_density,global_counts,,0.08695652173913043,True
1nc40k4,val,0,http://wfrp.ia/resource/reddit/post/1nc40k4,ont_InteligenciaArtificial_Neutro,ai,http://wfrp.ia/dominio/ciencia-tecnologia#InteligenciaArtificial,1.0,False
1nc40k4,val,0,http://wfrp.ia/resource/reddit/post/1nc40k4,ont_has_ontology_elements,global_counts,,1.0,False
1nc40k4,val,0,http://wfrp.ia/resource/reddit/post/1nc40k4,ont_count_domain_concepts,global_counts,,1.0,False
1nc40k4,val,0,http://wfrp.ia/resource/reddit/post/1nc40k4,ont_total_neutro_mentions,global_counts,,1.0,False
1nc40k4,val,0,http://wfrp.ia/resource/reddit/post/1nc40k4,ont_domain_score,global_counts,,1.0,False
1nc40k4,val,0,http://wfrp.ia/resource/reddit/post/1nc40k4,ont_domain_density,global_counts,,0.1111111111111111,True
1nbusan,val,2,http://wfrp.ia/resource/reddit/post/1nbusan,ont_InteligenciaArtificial_Neutro,ai,http://wfrp.ia/dominio/ciencia-tecnologia#InteligenciaArtificial,1.0,False
1nbusan,val,2,http://wfrp.ia/resource/reddit/post/1nbusan,ont_has_ontology_elements,global_counts,,1.0,False
1nbusan,val,2,http://wfrp.ia/resource/reddit/post/1nbusan,ont_count_domain_concepts,global_counts,,1.0,False
1nbusan,val,2,http://wfrp.ia/resource/reddit/post/1nbusan,ont_total_neutro_mentions,global_counts,,1.0,False
1nbusan,val,2,http://wfrp.ia/resource/reddit/post/1nbusan,ont_domain_score,global_counts,,1.0,False
1nbusan,val,2,http://wfrp.ia/resource/reddit/post/1nbusan,ont_domain_density,global_counts,,0.125,True
1nc4flz,val,2,http://wfrp.ia/resource/reddit/post/1nc4flz,ont_InteligenciaArtificial_Neutro,ai,http://wfrp.ia/dominio/ciencia-tecnologia#InteligenciaArtificial,1.0,False
1nc4flz,val,2,http://wfrp.ia/resource/reddit/post/1nc4flz,ont_has_ontology_elements,global_counts,,1.0,False
1nc4flz,val,2,http://wfrp.ia/resource/reddit/post/1nc4flz,ont_count_domain_concepts,global_counts,,1.0,False
1nc4flz,val,2,http://wfrp.ia/resource/reddit/post/1nc4flz,ont_total_neutro_mentions,global_counts,,1.0,False
1nc4flz,val,2,http://wfrp.ia/resource/reddit/post/1nc4flz,ont_domain_score,global_counts,,1.0,False
1nc4flz,val,2,http://wfrp.ia/resource/reddit/post/1nc4flz,ont_domain_density,global_counts,,0.07692307692307693,True
1nbnjk6,val,2,http://wfrp.ia/resource/reddit/post/1nbnjk6,,,,0.0,False
1nbzq7s,val,2,http://wfrp.ia/resource/reddit/post/1nbzq7s,ont_Datos_Neutro,data,http://wfrp.ia/dominio/ciencia-tecnologia#Datos,1.0,False
1nbzq7s,val,2,http://wfrp.ia/resource/reddit/post/1nbzq7s,ont_has_ontology_elements,global_counts,,1.0,False
1nbzq7s,val,2,http://wfrp.ia/resource/reddit/post/1nbzq7s,ont_count_domain_concepts,global_counts,,1.0,False
1nbzq7s,val,2,http://wfrp.ia/resource/reddit/post/1nbzq7s,ont_total_neutro_mentions,global_counts,,1.0,False
1nbzq7s,val,2,http://wfrp.ia/resource/reddit/post/1nbzq7s,ont_domain_score,global_counts,,1.0,False
1nbzq7s,val,2,http://wfrp.ia/resource/reddit/post/1nbzq7s,ont_domain_density,global_counts,,0.07142857142857142,True
1nbv6mx,val,2,http://wfrp.ia/resource/reddit/post/1nbv6mx,ont_InteligenciaArtificial_Neutro,ai,http://wfrp.ia/dominio/ciencia-tecnologia#InteligenciaArtificial,1.0,False
1nbv6mx,val,2,http://wfrp.ia/resource/reddit/post/1nbv6mx,ont_has_ontology_elements,global_counts,,1.0,False
1nbv6mx,val,2,http://wfrp.ia/resource/reddit/post/1nbv6mx,ont_count_domain_concepts,global_counts,,1.0,False
1nbv6mx,val,2,http://wfrp.ia/resource/reddit/post/1nbv6mx,ont_total_neutro_mentions,global_counts,,1.0,False
1nbv6mx,val,2,http://wfrp.ia/resource/reddit/post/1nbv6mx,ont_domain_score,global_counts,,2.0,False
1nbv6mx,val,2,http://wfrp.ia/resource/reddit/post/1nbv6mx,ont_domain_density,global_counts,,0.09090909090909091,True
1n5uugs,val,2,http://wfrp.ia/resource/reddit/post/1n5uugs,ont_InteligenciaArtificial_Neutro,ai,http://wfrp.ia/dominio/ciencia-tecnologia#InteligenciaArtificial,1.0,False
1n5uugs,val,2,http://wfrp.ia/resource/reddit/post/1n5uugs,ont_has_ontology_elements,global_counts,,1.0,False
1n5uugs,val,2,http://wfrp.ia/resource/reddit/post/1n5uugs,ont_count_domain_concepts,global_counts,,1.0,False
1n5uugs,val,2,http://wfrp.ia/resource/reddit/post/1n5uugs,ont_total_neutro_mentions,global_counts,,1.0,False
1n5uugs,val,2,http://wfrp.ia/resource/reddit/post/1n5uugs,ont_domain_score,global_counts,,1.0,False
1n5uugs,val,2,http://wfrp.ia/resource/reddit/post/1n5uugs,ont_domain_density,global_counts,,0.125,True
1n5ovi9,val,1,http://wfrp.ia/resource/reddit/post/1n5ovi9,ont_has_ontology_elements,global_counts,,1.0,False
1n5ovi9,val,1,http://wfrp.ia/resource/reddit/post/1n5ovi9,ont_count_domain_concepts,global_counts,,1.0,False
1n5ovi9,val,1,http://wfrp.ia/resource/reddit/post/1n5ovi9,ont_domain_score,global_counts,,1.0,False
1n5ovi9,val,1,http://wfrp.ia/resource/reddit/post/1n5ovi9,ont_domain_density,global_counts,,0.03571428571428571,True
1n68heo,val,1,http://wfrp.ia/resource/reddit/post/1n68heo,ont_InteligenciaArtificial_Neutro,ai,http://wfrp.ia/dominio/ciencia-tecnologia#InteligenciaArtificial,1.0,False
1n68heo,val,1,http://wfrp.ia/resource/reddit/post/1n68heo,ont_has_ontology_elements,global_counts,,1.0,False
1n68heo,val,1,http://wfrp.ia/resource/reddit/post/1n68heo,ont_count_domain_concepts,global_counts,,1.0,False
1n68heo,val,1,http://wfrp.ia/resource/reddit/post/1n68heo,ont_total_neutro_mentions,global_counts,,1.0,False
1n68heo,val,1,http://wfrp.ia/resource/reddit/post/1n68heo,ont_domain_score,global_counts,,1.0,False
1n68heo,val,1,http://wfrp.ia/resource/reddit/post/1n68heo,ont_domain_density,global_counts,,0.08333333333333333,True
1n5igtm,val,1,http://wfrp.ia/resource/reddit/post/1n5igtm,ont_InteligenciaArtificial_Neutro,ai,http://wfrp.ia/dominio/ciencia-tecnologia#InteligenciaArtificial,1.0,False
1n5igtm,val,1,http://wfrp.ia/resource/reddit/post/1n5igtm,ont_has_ontology_elements,global_counts,,1.0,False
1n5igtm,val,1,http://wfrp.ia/resource/reddit/post/1n5igtm,ont_count_domain_concepts,global_counts,,1.0,False
1n5igtm,val,1,http://wfrp.ia/resource/reddit/post/1n5igtm,ont_total_neutro_mentions,global_counts,,1.0,False
1n5igtm,val,1,http://wfrp.ia/resource/reddit/post/1n5igtm,ont_domain_score,global_counts,,1.0,False
1n5igtm,val,1,http://wfrp.ia/resource/reddit/post/1n5igtm,ont_domain_density,global_counts,,0.14285714285714285,True
1n5x8k3,val,2,http://wfrp.ia/resource/reddit/post/1n5x8k3,,,,0.0,False
1n6ap6d,val,2,http://wfrp.ia/resource/reddit/post/1n6ap6d,ont_Innovacion_Neutro,innovation,http://wfrp.ia/dominio/ciencia-tecnologia#Innovacion,1.0,True
1n6ap6d,val,2,http://wfrp.ia/resource/reddit/post/1n6ap6d,ont_has_ontology_elements,global_counts,,1.0,False
1n6ap6d,val,2,http://wfrp.ia/resource/reddit/post/1n6ap6d,ont_count_domain_concepts,global_counts,,1.0,False
1n6ap6d,val,2,http://wfrp.ia/resource/reddit/post/1n6ap6d,ont_total_neutro_mentions,global_counts,,1.0,False
1n6ap6d,val,2,http://wfrp.ia/resource/reddit/post/1n6ap6d,ont_domain_score,global_counts,,1.0,False
1n6ap6d,val,2,http://wfrp.ia/resource/reddit/post/1n6ap6d,ont_domain_density,global_counts,,0.125,True
1n5h6f7,val,2,http://wfrp.ia/resource/reddit/post/1n5h6f7,ont_InteligenciaArtificial_Neutro,ai,http://wfrp.ia/dominio/ciencia-tecnologia#InteligenciaArtificial,1.0,False
1n5h6f7,val,2,http://wfrp.ia/resource/reddit/post/1n5h6f7,ont_has_ontology_elements,global_counts,,1.0,False
1n5h6f7,val,2,http://wfrp.ia/resource/reddit/post/1n5h6f7,ont_count_domain_concepts,global_counts,,1.0,False
1n5h6f7,val,2,http://wfrp.ia/resource/reddit/post/1n5h6f7,ont_total_neutro_mentions,global_counts,,1.0,False
1n5h6f7,val,2,http://wfrp.ia/resource/reddit/post/1n5h6f7,ont_domain_score,global_counts,,1.0,False
1n5h6f7,val,2,http://wfrp.ia/resource/reddit/post/1n5h6f7,ont_domain_density,global_counts,,0.03571428571428571,True
1n6713c,val,1,http://wfrp.ia/resource/reddit/post/1n6713c,ont_InteligenciaArtificial_Neutro,ai,http://wfrp.ia/dominio/ciencia-tecnologia#InteligenciaArtificial,1.0,False
1n6713c,val,1,http://wfrp.ia/resource/reddit/post/1n6713c,ont_has_ontology_elements,global_counts,,1.0,False
1n6713c,val,1,http://wfrp.ia/resource/reddit/post/1n6713c,ont_count_domain_concepts,global_counts,,1.0,False
1n6713c,val,1,http://wfrp.ia/resource/reddit/post/1n6713c,ont_total_neutro_mentions,global_counts,,1.0,False
1n6713c,val,1,http://wfrp.ia/resource/reddit/post/1n6713c,ont_domain_score,global_counts,,1.0,False
1n6713c,val,1,http://wfrp.ia/resource/reddit/post/1n6713c,ont_domain_density,global_counts,,0.047619047619047616,True
1n5ygo9,val,2,http://wfrp.ia/resource/reddit/post/1n5ygo9,ont_has_ontology_elements,global_counts,,1.0,False
1n60ew9,val,1,http://wfrp.ia/resource/reddit/post/1n60ew9,ont_InteligenciaArtificial_Neutro,ai,http://wfrp.ia/dominio/ciencia-tecnologia#InteligenciaArtificial,1.0,False
1n60ew9,val,1,http://wfrp.ia/resource/reddit/post/1n60ew9,ont_Futuro_Neutro,future,http://wfrp.ia/dominio/ciencia-tecnologia#Futuro,1.0,False
1n60ew9,val,1,http://wfrp.ia/resource/reddit/post/1n60ew9,ont_has_ontology_elements,global_counts,,1.0,False
1n60ew9,val,1,http://wfrp.ia/resource/reddit/post/1n60ew9,ont_count_domain_concepts,global_counts,,2.0,False
1n60ew9,val,1,http://wfrp.ia/resource/reddit/post/1n60ew9,ont_total_neutro_mentions,global_counts,,2.0,False
1n60ew9,val,1,http://wfrp.ia/resource/reddit/post/1n60ew9,ont_domain_score,global_counts,,2.0,False
1n60ew9,val,1,http://wfrp.ia/resource/reddit/post/1n60ew9,ont_domain_density,global_counts,,0.16666666666666666,True
1n9xe8b,val,1,http://wfrp.ia/resource/reddit/post/1n9xe8b,ont_InteligenciaArtificial_Positivo,ai,http://wfrp.ia/dominio/ciencia-tecnologia#InteligenciaArtificial,1.0,False
1n9xe8b,val,1,http://wfrp.ia/resource/reddit/post/1n9xe8b,ont_InteligenciaArtificial_Neutro,ai,http://wfrp.ia/dominio/ciencia-tecnologia#InteligenciaArtificial,1.0,False
1n9xe8b,val,1,http://wfrp.ia/resource/reddit/post/1n9xe8b,ont_Datos_Neutro,data,http://wfrp.ia/dominio/ciencia-tecnologia#Datos,1.0,False
1n9xe8b,val,1,http://wfrp.ia/resource/reddit/post/1n9xe8b,ont_has_ontology_elements,global_counts,,1.0,False
1n9xe8b,val,1,http://wfrp.ia/resource/reddit/post/1n9xe8b,ont_count_domain_concepts,global_counts,,2.0,False
1n9xe8b,val,1,http://wfrp.ia/resource/reddit/post/1n9xe8b,ont_total_positivo_mentions,global_counts,,1.0,False
1n9xe8b,val,1,http://wfrp.ia/resource/reddit/post/1n9xe8b,ont_total_neutro_mentions,global_counts,,2.0,False
1n9xe8b,val,1,http://wfrp.ia/resource/reddit/post/1n9xe8b,ont_domain_score,global_counts,,4.0,False
1n9xe8b,val,1,http://wfrp.ia/resource/reddit/post/1n9xe8b,ont_domain_density,global_counts,,0.08333333333333333,True
1na8wg1,val,2,http://wfrp.ia/resource/reddit/post/1na8wg1,ont_InteligenciaArtificial_Neutro,ai,http://wfrp.ia/dominio/ciencia-tecnologia#InteligenciaArtificial,1.0,False
1na8wg1,val,2,http://wfrp.ia/resource/reddit/post/1na8wg1,ont_Tecnologia_Positivo,technology,http://wfrp.ia/dominio/ciencia-tecnologia#Tecnologia,1.0,False
1na8wg1,val,2,http://wfrp.ia/resource/reddit/post/1na8wg1,ont_has_ontology_elements,global_counts,,1.0,False
1na8wg1,val,2,http://wfrp.ia/resource/reddit/post/1na8wg1,ont_count_domain_concepts,global_counts,,2.0,False
1na8wg1,val,2,http://wfrp.ia/resource/reddit/post/1na8wg1,ont_total_positivo_mentions,global_counts,,1.0,False
1na8wg1,val,2,http://wfrp.ia/resource/reddit/post/1na8wg1,ont_total_neutro_mentions,global_counts,,1.0,False
1na8wg1,val,2,http://wfrp.ia/resource/reddit/post/1na8wg1,ont_domain_score,global_counts,,2.0,False
1na8wg1,val,2,http://wfrp.ia/resource/reddit/post/1na8wg1,ont_domain_density,global_counts,,0.1,True
1n9ury6,val,1,http://wfrp.ia/resource/reddit/post/1n9ury6,ont_InteligenciaArtificial_Neutro,ai,http://wfrp.ia/dominio/ciencia-tecnologia#InteligenciaArtificial,1.0,False
1n9ury6,val,1,http://wfrp.ia/resource/reddit/post/1n9ury6,ont_has_ontology_elements,global_counts,,1.0,False
1n9ury6,val,1,http://wfrp.ia/resource/reddit/post/1n9ury6,ont_count_domain_concepts,global_counts,,1.0,False
1n9ury6,val,1,http://wfrp.ia/resource/reddit/post/1n9ury6,ont_total_neutro_mentions,global_counts,,1.0,False
1n9ury6,val,1,http://wfrp.ia/resource/reddit/post/1n9ury6,ont_domain_score,global_counts,,1.0,False
1n9ury6,val,1,http://wfrp.ia/resource/reddit/post/1n9ury6,ont_domain_density,global_counts,,0.1,True
1na7hny,val,0,http://wfrp.ia/resource/reddit/post/1na7hny,ont_InteligenciaArtificial_Neutro,ai,http://wfrp.ia/dominio/ciencia-tecnologia#InteligenciaArtificial,1.0,False
1na7hny,val,0,http://wfrp.ia/resource/reddit/post/1na7hny,ont_has_ontology_elements,global_counts,,1.0,False
1na7hny,val,0,http://wfrp.ia/resource/reddit/post/1na7hny,ont_count_domain_concepts,global_counts,,1.0,False
1na7hny,val,0,http://wfrp.ia/resource/reddit/post/1na7hny,ont_total_neutro_mentions,global_counts,,1.0,False
1na7hny,val,0,http://wfrp.ia/resource/reddit/post/1na7hny,ont_domain_score,global_counts,,1.0,False
1na7hny,val,0,http://wfrp.ia/resource/reddit/post/1na7hny,ont_domain_density,global_counts,,0.125,True
1n9rf2w,val,1,http://wfrp.ia/resource/reddit/post/1n9rf2w,ont_InteligenciaArtificial_Neutro,ai,http://wfrp.ia/dominio/ciencia-tecnologia#InteligenciaArtificial,1.0,False
1n9rf2w,val,1,http://wfrp.ia/resource/reddit/post/1n9rf2w,ont_has_ontology_elements,global_counts,,1.0,False
1n9rf2w,val,1,http://wfrp.ia/resource/reddit/post/1n9rf2w,ont_count_domain_concepts,global_counts,,1.0,False
1n9rf2w,val,1,http://wfrp.ia/resource/reddit/post/1n9rf2w,ont_total_neutro_mentions,global_counts,,1.0,False
1n9rf2w,val,1,http://wfrp.ia/resource/reddit/post/1n9rf2w,ont_domain_score,global_counts,,1.0,False
1n9rf2w,val,1,http://wfrp.ia/resource/reddit/post/1n9rf2w,ont_domain_density,global_counts,,0.125,True
1ni02xe,val,1,http://wfrp.ia/resource/reddit/post/1ni02xe,ont_Tecnologia_Neutro,technology,http://wfrp.ia/dominio/ciencia-tecnologia#Tecnologia,1.0,True
1ni02xe,val,1,http://wfrp.ia/resource/reddit/post/1ni02xe,ont_has_ontology_elements,global_counts,,1.0,False
1ni02xe,val,1,http://wfrp.ia/resource/reddit/post/1ni02xe,ont_count_domain_concepts,global_counts,,1.0,False
1ni02xe,val,1,http://wfrp.ia/resource/reddit/post/1ni02xe,ont_total_neutro_mentions,global_counts,,1.0,False
1ni02xe,val,1,http://wfrp.ia/resource/reddit/post/1ni02xe,ont_domain_score,global_counts,,1.0,False
1ni02xe,val,1,http://wfrp.ia/resource/reddit/post/1ni02xe,ont_domain_density,global_counts,,0.09090909090909091,True
1nhqxi4,val,2,http://wfrp.ia/resource/reddit/post/1nhqxi4,ont_InteligenciaArtificial_Neutro,ai,http://wfrp.ia/dominio/ciencia-tecnologia#InteligenciaArtificial,1.0,False
1nhqxi4,val,2,http://wfrp.ia/resource/reddit/post/1nhqxi4,ont_has_ontology_elements,global_counts,,1.0,False
1nhqxi4,val,2,http://wfrp.ia/resource/reddit/post/1nhqxi4,ont_count_domain_concepts,global_counts,,1.0,False
1nhqxi4,val,2,http://wfrp.ia/resource/reddit/post/1nhqxi4,ont_total_neutro_mentions,global_counts,,1.0,False
1nhqxi4,val,2,http://wfrp.ia/resource/reddit/post/1nhqxi4,ont_domain_score,global_counts,,1.0,False
1nhqxi4,val,2,http://wfrp.ia/resource/reddit/post/1nhqxi4,ont_domain_density,global_counts,,0.1111111111111111,True
1nhipak,val,1,http://wfrp.ia/resource/reddit/post/1nhipak,,,,0.0,False
1nhm0tu,val,1,http://wfrp.ia/resource/reddit/post/1nhm0tu,ont_InteligenciaArtificial_Neutro,ai,http://wfrp.ia/dominio/ciencia-tecnologia#InteligenciaArtificial,1.0,False
1nhm0tu,val,1,http://wfrp.ia/resource/reddit/post/1nhm0tu,ont_has_ontology_elements,global_counts,,1.0,False
1nhm0tu,val,1,http://wfrp.ia/resource/reddit/post/1nhm0tu,ont_count_domain_concepts,global_counts,,1.0,False
1nhm0tu,val,1,http://wfrp.ia/resource/reddit/post/1nhm0tu,ont_total_neutro_mentions,global_counts,,1.0,False
1nhm0tu,val,1,http://wfrp.ia/resource/reddit/post/1nhm0tu,ont_domain_score,global_counts,,1.0,False
1nhm0tu,val,1,http://wfrp.ia/resource/reddit/post/1nhm0tu,ont_domain_density,global_counts,,0.1,True
1nf0r4j,val,2,http://wfrp.ia/resource/reddit/post/1nf0r4j,ont_has_ontology_elements,global_counts,,1.0,False
1nfdf1r,val,2,http://wfrp.ia/resource/reddit/post/1nfdf1r,ont_InteligenciaArtificial_Neutro,ai,http://wfrp.ia/dominio/ciencia-tecnologia#InteligenciaArtificial,1.0,False
1nfdf1r,val,2,http://wfrp.ia/resource/reddit/post/1nfdf1r,ont_Futuro_Neutro,future,http://wfrp.ia/dominio/ciencia-tecnologia#Futuro,1.0,False
1nfdf1r,val,2,http://wfrp.ia/resource/reddit/post/1nfdf1r,ont_has_ontology_elements,global_counts,,1.0,False
1nfdf1r,val,2,http://wfrp.ia/resource/reddit/post/1nfdf1r,ont_count_domain_concepts,global_counts,,2.0,False
1nfdf1r,val,2,http://wfrp.ia/resource/reddit/post/1nfdf1r,ont_total_neutro_mentions,global_counts,,2.0,False
1nfdf1r,val,2,http://wfrp.ia/resource/reddit/post/1nfdf1r,ont_domain_score,global_counts,,2.0,False
1nfdf1r,val,2,http://wfrp.ia/resource/reddit/post/1nfdf1r,ont_domain_density,global_counts,,0.09523809523809523,True
1nf1tjz,val,2,http://wfrp.ia/resource/reddit/post/1nf1tjz,ont_Tecnologia_Neutro,technology,http://wfrp.ia/dominio/ciencia-tecnologia#Tecnologia,1.0,True
1nf1tjz,val,2,http://wfrp.ia/resource/reddit/post/1nf1tjz,ont_has_ontology_elements,global_counts,,1.0,False
1nf1tjz,val,2,http://wfrp.ia/resource/reddit/post/1nf1tjz,ont_count_domain_concepts,global_counts,,1.0,False
1nf1tjz,val,2,http://wfrp.ia/resource/reddit/post/1nf1tjz,ont_total_neutro_mentions,global_counts,,1.0,False
1nf1tjz,val,2,http://wfrp.ia/resource/reddit/post/1nf1tjz,ont_domain_score,global_counts,,1.0,False
1nf1tjz,val,2,http://wfrp.ia/resource/reddit/post/1nf1tjz,ont_domain_density,global_counts,,0.041666666666666664,True
1nf7snm,val,2,http://wfrp.ia/resource/reddit/post/1nf7snm,,,,0.0,False
1nfder7,val,1,http://wfrp.ia/resource/reddit/post/1nfder7,ont_InteligenciaArtificial_Neutro,ai,http://wfrp.ia/dominio/ciencia-tecnologia#InteligenciaArtificial,1.0,False
1nfder7,val,1,http://wfrp.ia/resource/reddit/post/1nfder7,ont_Etica_Positivo,ethics,http://wfrp.ia/dominio/ciencia-tecnologia#Etica,1.0,False
1nfder7,val,1,http://wfrp.ia/resource/reddit/post/1nfder7,ont_has_ontology_elements,global_counts,,1.0,False
1nfder7,val,1,http://wfrp.ia/resource/reddit/post/1nfder7,ont_count_domain_concepts,global_counts,,2.0,False
1nfder7,val,1,http://wfrp.ia/resource/reddit/post/1nfder7,ont_total_positivo_mentions,global_counts,,1.0,False
1nfder7,val,1,http://wfrp.ia/resource/reddit/post/1nfder7,ont_total_neutro_mentions,global_counts,,1.0,False
1nfder7,val,1,http://wfrp.ia/resource/reddit/post/1nfder7,ont_domain_score,global_counts,,2.0,False
1nfder7,val,1,http://wfrp.ia/resource/reddit/post/1nfder7,ont_domain_density,global_counts,,0.13333333333333333,True
1nf07lx,val,2,http://wfrp.ia/resource/reddit/post/1nf07lx,ont_Etica_Positivo,ethics,http://wfrp.ia/dominio/ciencia-tecnologia#Etica,1.0,False
1nf07lx,val,2,http://wfrp.ia/resource/reddit/post/1nf07lx,ont_has_ontology_elements,global_counts,,1.0,False
1nf07lx,val,2,http://wfrp.ia/resource/reddit/post/1nf07lx,ont_count_domain_concepts,global_counts,,1.0,False
1nf07lx,val,2,http://wfrp.ia/resource/reddit/post/1nf07lx,ont_total_positivo_mentions,global_counts,,1.0,False
1nf07lx,val,2,http://wfrp.ia/resource/reddit/post/1nf07lx,ont_domain_score,global_counts,,1.0,False
1nf07lx,val,2,http://wfrp.ia/resource/reddit/post/1nf07lx,ont_domain_density,global_counts,,0.037037037037037035,True
1nf1q5n,val,1,http://wfrp.ia/resource/reddit/post/1nf1q5n,ont_Datos_Neutro,data,http://wfrp.ia/dominio/ciencia-tecnologia#Datos,1.0,False
1nf1q5n,val,1,http://wfrp.ia/resource/reddit/post/1nf1q5n,ont_has_ontology_elements,global_counts,,1.0,False
1nf1q5n,val,1,http://wfrp.ia/resource/reddit/post/1nf1q5n,ont_count_domain_concepts,global_counts,,1.0,False
1nf1q5n,val,1,http://wfrp.ia/resource/reddit/post/1nf1q5n,ont_total_neutro_mentions,global_counts,,1.0,False
1nf1q5n,val,1,http://wfrp.ia/resource/reddit/post/1nf1q5n,ont_domain_score,global_counts,,1.0,False
1nf1q5n,val,1,http://wfrp.ia/resource/reddit/post/1nf1q5n,ont_domain_density,global_counts,,0.1111111111111111,True
1nfckms,val,2,http://wfrp.ia/resource/reddit/post/1nfckms,ont_InteligenciaArtificial_Neutro,ai,http://wfrp.ia/dominio/ciencia-tecnologia#InteligenciaArtificial,2.0,False
1nfckms,val,2,http://wfrp.ia/resource/reddit/post/1nfckms,ont_has_ontology_elements,global_counts,,1.0,False
1nfckms,val,2,http://wfrp.ia/resource/reddit/post/1nfckms,ont_count_domain_concepts,global_counts,,1.0,False
1nfckms,val,2,http://wfrp.ia/resource/reddit/post/1nfckms,ont_total_neutro_mentions,global_counts,,2.0,False
1nfckms,val,2,http://wfrp.ia/resource/reddit/post/1nfckms,ont_domain_score,global_counts,,1.5,False
1nfckms,val,2,http://wfrp.ia/resource/reddit/post/1nfckms,ont_domain_density,global_counts,,0.09090909090909091,True
1nf4khq,val,2,http://wfrp.ia/resource/reddit/post/1nf4khq,ont_has_ontology_elements,global_counts,,1.0,False
1ngd86l,val,2,http://wfrp.ia/resource/reddit/post/1ngd86l,ont_InteligenciaArtificial_Neutro,ai,http://wfrp.ia/dominio/ciencia-tecnologia#InteligenciaArtificial,1.0,False
1ngd86l,val,2,http://wfrp.ia/resource/reddit/post/1ngd86l,ont_has_ontology_elements,global_counts,,1.0,False
1ngd86l,val,2,http://wfrp.ia/resource/reddit/post/1ngd86l,ont_count_domain_concepts,global_counts,,1.0,False
1ngd86l,val,2,http://wfrp.ia/resource/reddit/post/1ngd86l,ont_total_neutro_mentions,global_counts,,1.0,False
1ngd86l,val,2,http://wfrp.ia/resource/reddit/post/1ngd86l,ont_domain_score,global_counts,,0.5,False
1ngd86l,val,2,http://wfrp.ia/resource/reddit/post/1ngd86l,ont_domain_density,global_counts,,0.08333333333333333,True
1nfz74c,val,2,http://wfrp.ia/resource/reddit/post/1nfz74c,ont_Datos_Neutro,data,http://wfrp.ia/dominio/ciencia-tecnologia#Datos,1.0,False
1nfz74c,val,2,http://wfrp.ia/resource/reddit/post/1nfz74c,ont_has_ontology_elements,global_counts,,1.0,False
1nfz74c,val,2,http://wfrp.ia/resource/reddit/post/1nfz74c,ont_count_domain_concepts,global_counts,,1.0,False
1nfz74c,val,2,http://wfrp.ia/resource/reddit/post/1nfz74c,ont_total_neutro_mentions,global_counts,,1.0,False
1nfz74c,val,2,http://wfrp.ia/resource/reddit/post/1nfz74c,ont_domain_score,global_counts,,1.0,False
1nfz74c,val,2,http://wfrp.ia/resource/reddit/post/1nfz74c,ont_domain_density,global_counts,,0.07692307692307693,True
1ngbrix,val,2,http://wfrp.ia/resource/reddit/post/1ngbrix,ont_Innovacion_Neutro,innovation,http://wfrp.ia/dominio/ciencia-tecnologia#Innovacion,1.0,True
1ngbrix,val,2,http://wfrp.ia/resource/reddit/post/1ngbrix,ont_has_ontology_elements,global_counts,,1.0,False
1ngbrix,val,2,http://wfrp.ia/resource/reddit/post/1ngbrix,ont_count_domain_concepts,global_counts,,1.0,False
1ngbrix,val,2,http://wfrp.ia/resource/reddit/post/1ngbrix,ont_total_neutro_mentions,global_counts,,1.0,False
1ngbrix,val,2,http://wfrp.ia/resource/reddit/post/1ngbrix,ont_domain_score,global_counts,,1.0,False
1ngbrix,val,2,http://wfrp.ia/resource/reddit/post/1ngbrix,ont_domain_density,global_counts,,0.1111111111111111,True
1nfth3y,val,2,http://wfrp.ia/resource/reddit/post/1nfth3y,ont_InteligenciaArtificial_Neutro,ai,http://wfrp.ia/dominio/ciencia-tecnologia#InteligenciaArtificial,1.0,False
1nfth3y,val,2,http://wfrp.ia/resource/reddit/post/1nfth3y,ont_Tecnologia_Neutro,technology,http://wfrp.ia/dominio/ciencia-tecnologia#Tecnologia,1.0,True
1nfth3y,val,2,http://wfrp.ia/resource/reddit/post/1nfth3y,ont_has_ontology_elements,global_counts,,1.0,False
1nfth3y,val,2,http://wfrp.ia/resource/reddit/post/1nfth3y,ont_count_domain_concepts,global_counts,,2.0,False
1nfth3y,val,2,http://wfrp.ia/resource/reddit/post/1nfth3y,ont_total_neutro_mentions,global_counts,,2.0,False
1nfth3y,val,2,http://wfrp.ia/resource/reddit/post/1nfth3y,ont_domain_score,global_counts,,2.0,False
1nfth3y,val,2,http://wfrp.ia/resource/reddit/post/1nfth3y,ont_domain_density,global_counts,,0.0625,True
1nh0vcy,val,0,http://wfrp.ia/resource/reddit/post/1nh0vcy,ont_InteligenciaArtificial_Neutro,ai,http://wfrp.ia/dominio/ciencia-tecnologia#InteligenciaArtificial,1.0,False
1nh0vcy,val,0,http://wfrp.ia/resource/reddit/post/1nh0vcy,ont_has_ontology_elements,global_counts,,1.0,False
1nh0vcy,val,0,http://wfrp.ia/resource/reddit/post/1nh0vcy,ont_count_domain_concepts,global_counts,,1.0,False
1nh0vcy,val,0,http://wfrp.ia/resource/reddit/post/1nh0vcy,ont_total_neutro_mentions,global_counts,,1.0,False
1nh0vcy,val,0,http://wfrp.ia/resource/reddit/post/1nh0vcy,ont_domain_score,global_counts,,1.0,False
1nh0vcy,val,0,http://wfrp.ia/resource/reddit/post/1nh0vcy,ont_domain_density,global_counts,,0.1111111111111111,True
1ngmc06,val,0,http://wfrp.ia/resource/reddit/post/1ngmc06,ont_InteligenciaArtificial_Neutro,ai,http://wfrp.ia/dominio/ciencia-tecnologia#InteligenciaArtificial,1.0,False
1ngmc06,val,0,http://wfrp.ia/resource/reddit/post/1ngmc06,ont_has_ontology_elements,global_counts,,1.0,False
1ngmc06,val,0,http://wfrp.ia/resource/reddit/post/1ngmc06,ont_count_domain_concepts,global_counts,,1.0,False
1ngmc06,val,0,http://wfrp.ia/resource/reddit/post/1ngmc06,ont_total_neutro_mentions,global_counts,,1.0,False
1ngmc06,val,0,http://wfrp.ia/resource/reddit/post/1ngmc06,ont_domain_score,global_counts,,1.0,False
1ngmc06,val,0,http://wfrp.ia/resource/reddit/post/1ngmc06,ont_domain_density,global_counts,,0.08333333333333333,True
1n44alj,val,1,http://wfrp.ia/resource/reddit/post/1n44alj,,,,0.0,False
1nemrqa,val,1,http://wfrp.ia/resource/reddit/post/1nemrqa,ont_InteligenciaArtificial_Neutro,ai,http://wfrp.ia/dominio/ciencia-tecnologia#InteligenciaArtificial,6.0,False
1nemrqa,val,1,http://wfrp.ia/resource/reddit/post/1nemrqa,ont_has_ontology_elements,global_counts,,1.0,False
1nemrqa,val,1,http://wfrp.ia/resource/reddit/post/1nemrqa,ont_count_domain_concepts,global_counts,,1.0,False
1nemrqa,val,1,http://wfrp.ia/resource/reddit/post/1nemrqa,ont_total_neutro_mentions,global_counts,,6.0,False
1nemrqa,val,1,http://wfrp.ia/resource/reddit/post/1nemrqa,ont_domain_score,global_counts,,6.0,False
1nemrqa,val,1,http://wfrp.ia/resource/reddit/post/1nemrqa,ont_domain_density,global_counts,,0.007518796992481203,True
1negtz2,val,2,http://wfrp.ia/resource/reddit/post/1negtz2,ont_InteligenciaArtificial_Neutro,ai,http://wfrp.ia/dominio/ciencia-tecnologia#InteligenciaArtificial,2.0,False
1negtz2,val,2,http://wfrp.ia/resource/reddit/post/1negtz2,ont_has_ontology_elements,global_counts,,1.0,False
1negtz2,val,2,http://wfrp.ia/resource/reddit/post/1negtz2,ont_count_domain_concepts,global_counts,,1.0,False
1negtz2,val,2,http://wfrp.ia/resource/reddit/post/1negtz2,ont_total_neutro_mentions,global_counts,,2.0,False
1negtz2,val,2,http://wfrp.ia/resource/reddit/post/1negtz2,ont_domain_score,global_counts,,1.5,False
1negtz2,val,2,http://wfrp.ia/resource/reddit/post/1negtz2,ont_domain_density,global_counts,,0.04,True
1ne1x1c,val,2,http://wfrp.ia/resource/reddit/post/1ne1x1c,ont_InteligenciaArtificial_Neutro,ai,http://wfrp.ia/dominio/ciencia-tecnologia#InteligenciaArtificial,1.0,False
1ne1x1c,val,2,http://wfrp.ia/resource/reddit/post/1ne1x1c,ont_has_ontology_elements,global_counts,,1.0,False
1ne1x1c,val,2,http://wfrp.ia/resource/reddit/post/1ne1x1c,ont_count_domain_concepts,global_counts,,1.0,False
1ne1x1c,val,2,http://wfrp.ia/resource/reddit/post/1ne1x1c,ont_total_neutro_mentions,global_counts,,1.0,False
1ne1x1c,val,2,http://wfrp.ia/resource/reddit/post/1ne1x1c,ont_domain_score,global_counts,,1.0,False
1ne1x1c,val,2,http://wfrp.ia/resource/reddit/post/1ne1x1c,ont_domain_density,global_counts,,0.0625,True
1nedxzv,val,0,http://wfrp.ia/resource/reddit/post/1nedxzv,ont_InteligenciaArtificial_Neutro,ai,http://wfrp.ia/dominio/ciencia-tecnologia#InteligenciaArtificial,2.0,False
1nedxzv,val,0,http://wfrp.ia/resource/reddit/post/1nedxzv,ont_AprendizajeAutomatico_Neutro,ml,http://wfrp.ia/dominio/ciencia-tecnologia#AprendizajeAutomatico,2.0,False
1nedxzv,val,0,http://wfrp.ia/resource/reddit/post/1nedxzv,ont_has_ontology_elements,global_counts,,1.0,False
1nedxzv,val,0,http://wfrp.ia/resource/reddit/post/1nedxzv,ont_count_domain_concepts,global_counts,,2.0,False
1nedxzv,val,0,http://wfrp.ia/resource/reddit/post/1nedxzv,ont_total_neutro_mentions,global_counts,,4.0,False
1nedxzv,val,0,http://wfrp.ia/resource/reddit/post/1nedxzv,ont_domain_score,global_counts,,2.5,False
1nedxzv,val,0,http://wfrp.ia/resource/reddit/post/1nedxzv,ont_domain_density,global_counts,,0.008,True
1ne4jj8,val,1,http://wfrp.ia/resource/reddit/post/1ne4jj8,ont_InteligenciaArtificial_Neutro,ai,http://wfrp.ia/dominio/ciencia-tecnologia#InteligenciaArtificial,1.0,False
1ne4jj8,val,1,http://wfrp.ia/resource/reddit/post/1ne4jj8,ont_has_ontology_elements,global_counts,,1.0,False
1ne4jj8,val,1,http://wfrp.ia/resource/reddit/post/1ne4jj8,ont_count_domain_concepts,global_counts,,1.0,False
1ne4jj8,val,1,http://wfrp.ia/resource/reddit/post/1ne4jj8,ont_total_neutro_mentions,global_counts,,1.0,False
1ne4jj8,val,1,http://wfrp.ia/resource/reddit/post/1ne4jj8,ont_domain_score,global_counts,,1.0,False
1ne4jj8,val,1,http://wfrp.ia/resource/reddit/post/1ne4jj8,ont_domain_density,global_counts,,0.125,True
1niwfc7,val,2,http://wfrp.ia/resource/reddit/post/1niwfc7,ont_InteligenciaArtificial_Neutro,ai,http://wfrp.ia/dominio/ciencia-tecnologia#InteligenciaArtificial,1.0,False
1niwfc7,val,2,http://wfrp.ia/resource/reddit/post/1niwfc7,ont_Algoritmo_Neutro,algorithm,http://wfrp.ia/dominio/ciencia-tecnologia#Algoritmo,1.0,False
1niwfc7,val,2,http://wfrp.ia/resource/reddit/post/1niwfc7,ont_Robot_Neutro,robot,http://wfrp.ia/dominio/ciencia-tecnologia#Robot,1.0,False
1niwfc7,val,2,http://wfrp.ia/resource/reddit/post/1niwfc7,ont_has_ontology_elements,global_counts,,1.0,False
1niwfc7,val,2,http://wfrp.ia/resource/reddit/post/1niwfc7,ont_count_domain_concepts,global_counts,,3.0,False
1niwfc7,val,2,http://wfrp.ia/resource/reddit/post/1niwfc7,ont_total_neutro_mentions,global_counts,,3.0,False
1niwfc7,val,2,http://wfrp.ia/resource/reddit/post/1niwfc7,ont_domain_score,global_counts,,3.0,False
1niwfc7,val,2,http://wfrp.ia/resource/reddit/post/1niwfc7,ont_domain_density,global_counts,,0.13636363636363635,True
1nib2o3,val,1,http://wfrp.ia/resource/reddit/post/1nib2o3,ont_InteligenciaArtificial_Neutro,ai,http://wfrp.ia/dominio/ciencia-tecnologia#InteligenciaArtificial,1.0,False
1nib2o3,val,1,http://wfrp.ia/resource/reddit/post/1nib2o3,ont_AprendizajeAutomatico_Neutro,ml,http://wfrp.ia/dominio/ciencia-tecnologia#AprendizajeAutomatico,1.0,False
1nib2o3,val,1,http://wfrp.ia/resource/reddit/post/1nib2o3,ont_Tecnologia_Neutro,technology,http://wfrp.ia/dominio/ciencia-tecnologia#Tecnologia,1.0,True
1nib2o3,val,1,http://wfrp.ia/resource/reddit/post/1nib2o3,ont_Datos_Neutro,data,http://wfrp.ia/dominio/ciencia-tecnologia#Datos,3.0,False
1nib2o3,val,1,http://wfrp.ia/resource/reddit/post/1nib2o3,ont_has_ontology_elements,global_counts,,1.0,False
1nib2o3,val,1,http://wfrp.ia/resource/reddit/post/1nib2o3,ont_count_domain_concepts,global_counts,,4.0,False
1nib2o3,val,1,http://wfrp.ia/resource/reddit/post/1nib2o3,ont_total_neutro_mentions,global_counts,,6.0,False
1nib2o3,val,1,http://wfrp.ia/resource/reddit/post/1nib2o3,ont_domain_score,global_counts,,4.0,False
1nib2o3,val,1,http://wfrp.ia/resource/reddit/post/1nib2o3,ont_domain_density,global_counts,,0.06666666666666667,True
1ninkf4,val,1,http://wfrp.ia/resource/reddit/post/1ninkf4,ont_InteligenciaArtificial_Neutro,ai,http://wfrp.ia/dominio/ciencia-tecnologia#InteligenciaArtificial,2.0,False
1ninkf4,val,1,http://wfrp.ia/resource/reddit/post/1ninkf4,ont_has_ontology_elements,global_counts,,1.0,False
1ninkf4,val,1,http://wfrp.ia/resource/reddit/post/1ninkf4,ont_count_domain_concepts,global_counts,,1.0,False
1ninkf4,val,1,http://wfrp.ia/resource/reddit/post/1ninkf4,ont_total_neutro_mentions,global_counts,,2.0,False
1ninkf4,val,1,http://wfrp.ia/resource/reddit/post/1ninkf4,ont_domain_score,global_counts,,2.0,False
1ninkf4,val,1,http://wfrp.ia/resource/reddit/post/1ninkf4,ont_domain_density,global_counts,,0.02,True
1njlrm7,val,2,http://wfrp.ia/resource/reddit/post/1njlrm7,ont_InteligenciaArtificial_Neutro,ai,http://wfrp.ia/dominio/ciencia-tecnologia#InteligenciaArtificial,1.0,False
1njlrm7,val,2,http://wfrp.ia/resource/reddit/post/1njlrm7,ont_Datos_Neutro,data,http://wfrp.ia/dominio/ciencia-tecnologia#Datos,1.0,False
1njlrm7,val,2,http://wfrp.ia/resource/reddit/post/1njlrm7,ont_has_ontology_elements,global_counts,,1.0,False
1njlrm7,val,2,http://wfrp.ia/resource/reddit/post/1njlrm7,ont_count_domain_concepts,global_counts,,2.0,False
1njlrm7,val,2,http://wfrp.ia/resource/reddit/post/1njlrm7,ont_total_neutro_mentions,global_counts,,2.0,False
1njlrm7,val,2,http://wfrp.ia/resource/reddit/post/1njlrm7,ont_domain_score,global_counts,,3.0,False
1njlrm7,val,2,http://wfrp.ia/resource/reddit/post/1njlrm7,ont_domain_density,global_counts,,0.009216589861751152,True
1ndlubh,val,2,http://wfrp.ia/resource/reddit/post/1ndlubh,ont_InteligenciaArtificial_Neutro,ai,http://wfrp.ia/dominio/ciencia-tecnologia#InteligenciaArtificial,2.0,False
1ndlubh,val,2,http://wfrp.ia/resource/reddit/post/1ndlubh,ont_has_ontology_elements,global_counts,,1.0,False
1ndlubh,val,2,http://wfrp.ia/resource/reddit/post/1ndlubh,ont_count_domain_concepts,global_counts,,1.0,False
1ndlubh,val,2,http://wfrp.ia/resource/reddit/post/1ndlubh,ont_total_neutro_mentions,global_counts,,2.0,False
1ndlubh,val,2,http://wfrp.ia/resource/reddit/post/1ndlubh,ont_domain_score,global_counts,,2.0,False
1ndlubh,val,2,http://wfrp.ia/resource/reddit/post/1ndlubh,ont_domain_density,global_counts,,0.005076142131979695,True
1ndvvd5,val,1,http://wfrp.ia/resource/reddit/post/1ndvvd5,ont_InteligenciaArtificial_Neutro,ai,http://wfrp.ia/dominio/ciencia-tecnologia#InteligenciaArtificial,16.0,False
1ndvvd5,val,1,http://wfrp.ia/resource/reddit/post/1ndvvd5,ont_Tecnologia_Neutro,technology,http://wfrp.ia/dominio/ciencia-tecnologia#Tecnologia,3.0,True
1ndvvd5,val,1,http://wfrp.ia/resource/reddit/post/1ndvvd5,ont_has_ontology_elements,global_counts,,1.0,False
1ndvvd5,val,1,http://wfrp.ia/resource/reddit/post/1ndvvd5,ont_count_domain_concepts,global_counts,,2.0,False
1ndvvd5,val,1,http://wfrp.ia/resource/reddit/post/1ndvvd5,ont_total_neutro_mentions,global_counts,,19.0,False
1ndvvd5,val,1,http://wfrp.ia/resource/reddit/post/1ndvvd5,ont_domain_score,global_counts,,12.5,False
1ndvvd5,val,1,http://wfrp.ia/resource/reddit/post/1ndvvd5,ont_domain_density,global_counts,,0.03333333333333333,True
1ndsnz7,val,2,http://wfrp.ia/resource/reddit/post/1ndsnz7,ont_InteligenciaArtificial_Neutro,ai,http://wfrp.ia/dominio/ciencia-tecnologia#InteligenciaArtificial,2.0,False
1ndsnz7,val,2,http://wfrp.ia/resource/reddit/post/1ndsnz7,ont_has_ontology_elements,global_counts,,1.0,False
1ndsnz7,val,2,http://wfrp.ia/resource/reddit/post/1ndsnz7,ont_count_domain_concepts,global_counts,,1.0,False
1ndsnz7,val,2,http://wfrp.ia/resource/reddit/post/1ndsnz7,ont_total_neutro_mentions,global_counts,,2.0,False
1ndsnz7,val,2,http://wfrp.ia/resource/reddit/post/1ndsnz7,ont_domain_score,global_counts,,2.0,False
1ndsnz7,val,2,http://wfrp.ia/resource/reddit/post/1ndsnz7,ont_domain_density,global_counts,,0.013888888888888888,True
1nbdi1a,val,1,http://wfrp.ia/resource/reddit/post/1nbdi1a,ont_InteligenciaArtificial_Neutro,ai,http://wfrp.ia/dominio/ciencia-tecnologia#InteligenciaArtificial,13.0,False
1nbdi1a,val,1,http://wfrp.ia/resource/reddit/post/1nbdi1a,ont_Tecnologia_Positivo,technology,http://wfrp.ia/dominio/ciencia-tecnologia#Tecnologia,1.0,False
1nbdi1a,val,1,http://wfrp.ia/resource/reddit/post/1nbdi1a,ont_Tecnologia_Neutro,technology,http://wfrp.ia/dominio/ciencia-tecnologia#Tecnologia,2.0,True
1nbdi1a,val,1,http://wfrp.ia/resource/reddit/post/1nbdi1a,ont_Datos_Neutro,data,http://wfrp.ia/dominio/ciencia-tecnologia#Datos,3.0,False
1nbdi1a,val,1,http://wfrp.ia/resource/reddit/post/1nbdi1a,ont_has_ontology_elements,global_counts,,1.0,False
1nbdi1a,val,1,http://wfrp.ia/resource/reddit/post/1nbdi1a,ont_count_domain_concepts,global_counts,,3.0,False
1nbdi1a,val,1,http://wfrp.ia/resource/reddit/post/1nbdi1a,ont_total_positivo_mentions,global_counts,,1.0,False
1nbdi1a,val,1,http://wfrp.ia/resource/reddit/post/1nbdi1a,ont_total_neutro_mentions,global_counts,,18.0,False
1nbdi1a,val,1,http://wfrp.ia/resource/reddit/post/1nbdi1a,ont_domain_score,global_counts,,10.5,False
1nbdi1a,val,1,http://wfrp.ia/resource/reddit/post/1nbdi1a,ont_domain_density,global_counts,,0.03529411764705882,True
1ncj9qy,val,1,http://wfrp.ia/resource/reddit/post/1ncj9qy,ont_InteligenciaArtificial_Neutro,ai,http://wfrp.ia/dominio/ciencia-tecnologia#InteligenciaArtificial,6.0,False
1ncj9qy,val,1,http://wfrp.ia/resource/reddit/post/1ncj9qy,ont_has_ontology_elements,global_counts,,1.0,False
1ncj9qy,val,1,http://wfrp.ia/resource/reddit/post/1ncj9qy,ont_count_domain_concepts,global_counts,,2.0,False
1ncj9qy,val,1,http://wfrp.ia/resource/reddit/post/1ncj9qy,ont_total_neutro_mentions,global_counts,,6.0,False
1ncj9qy,val,1,http://wfrp.ia/resource/reddit/post/1ncj9qy,ont_domain_score,global_counts,,5.5,False
1ncj9qy,val,1,http://wfrp.ia/resource/reddit/post/1ncj9qy,ont_domain_density,global_counts,,0.01639344262295082,True
1nczcaj,val,2,http://wfrp.ia/resource/reddit/post/1nczcaj,ont_InteligenciaArtificial_Neutro,ai,http://wfrp.ia/dominio/ciencia-tecnologia#InteligenciaArtificial,2.0,False
1nczcaj,val,2,http://wfrp.ia/resource/reddit/post/1nczcaj,ont_Datos_Neutro,data,http://wfrp.ia/dominio/ciencia-tecnologia#Datos,1.0,False
1nczcaj,val,2,http://wfrp.ia/resource/reddit/post/1nczcaj,ont_has_ontology_elements,global_counts,,1.0,False
1nczcaj,val,2,http://wfrp.ia/resource/reddit/post/1nczcaj,ont_count_domain_concepts,global_counts,,2.0,False
1nczcaj,val,2,http://wfrp.ia/resource/reddit/post/1nczcaj,ont_total_neutro_mentions,global_counts,,3.0,False
1nczcaj,val,2,http://wfrp.ia/resource/reddit/post/1nczcaj,ont_domain_score,global_counts,,3.0,False
1nczcaj,val,2,http://wfrp.ia/resource/reddit/post/1nczcaj,ont_domain_density,global_counts,,0.008438818565400843,True
1ncdvjk,val,2,http://wfrp.ia/resource/reddit/post/1ncdvjk,ont_InteligenciaArtificial_Neutro,ai,http://wfrp.ia/dominio/ciencia-tecnologia#InteligenciaArtificial,1.0,False
1ncdvjk,val,2,http://wfrp.ia/resource/reddit/post/1ncdvjk,ont_has_ontology_elements,global_counts,,1.0,False
1ncdvjk,val,2,http://wfrp.ia/resource/reddit/post/1ncdvjk,ont_count_domain_concepts,global_counts,,1.0,False
1ncdvjk,val,2,http://wfrp.ia/resource/reddit/post/1ncdvjk,ont_total_neutro_mentions,global_counts,,1.0,False
1ncdvjk,val,2,http://wfrp.ia/resource/reddit/post/1ncdvjk,ont_domain_score,global_counts,,1.0,False
1ncdvjk,val,2,http://wfrp.ia/resource/reddit/post/1ncdvjk,ont_domain_density,global_counts,,0.05,True
1nc2vyu,val,1,http://wfrp.ia/resource/reddit/post/1nc2vyu,ont_InteligenciaArtificial_Neutro,ai,http://wfrp.ia/dominio/ciencia-tecnologia#InteligenciaArtificial,3.0,False
1nc2vyu,val,1,http://wfrp.ia/resource/reddit/post/1nc2vyu,ont_Tecnologia_Neutro,technology,http://wfrp.ia/dominio/ciencia-tecnologia#Tecnologia,1.0,True
1nc2vyu,val,1,http://wfrp.ia/resource/reddit/post/1nc2vyu,ont_Robot_Neutro,robot,http://wfrp.ia/dominio/ciencia-tecnologia#Robot,2.0,False
1nc2vyu,val,1,http://wfrp.ia/resource/reddit/post/1nc2vyu,ont_has_ontology_elements,global_counts,,1.0,False
1nc2vyu,val,1,http://wfrp.ia/resource/reddit/post/1nc2vyu,ont_count_domain_concepts,global_counts,,3.0,False
1nc2vyu,val,1,http://wfrp.ia/resource/reddit/post/1nc2vyu,ont_total_neutro_mentions,global_counts,,6.0,False
1nc2vyu,val,1,http://wfrp.ia/resource/reddit/post/1nc2vyu,ont_domain_score,global_counts,,6.0,False
1nc2vyu,val,1,http://wfrp.ia/resource/reddit/post/1nc2vyu,ont_domain_density,global_counts,,0.030612244897959183,True
1n9wxm4,val,1,http://wfrp.ia/resource/reddit/post/1n9wxm4,ont_InteligenciaArtificial_Neutro,ai,http://wfrp.ia/dominio/ciencia-tecnologia#InteligenciaArtificial,1.0,False
1n9wxm4,val,1,http://wfrp.ia/resource/reddit/post/1n9wxm4,ont_has_ontology_elements,global_counts,,1.0,False
1n9wxm4,val,1,http://wfrp.ia/resource/reddit/post/1n9wxm4,ont_count_domain_concepts,global_counts,,1.0,False
1n9wxm4,val,1,http://wfrp.ia/resource/reddit/post/1n9wxm4,ont_total_neutro_mentions,global_counts,,1.0,False
1n9wxm4,val,1,http://wfrp.ia/resource/reddit/post/1n9wxm4,ont_domain_score,global_counts,,1.0,False
1n9wxm4,val,1,http://wfrp.ia/resource/reddit/post/1n9wxm4,ont_domain_density,global_counts,,0.1,True
1nhtewz,val,1,http://wfrp.ia/resource/reddit/post/1nhtewz,ont_InteligenciaArtificial_Neutro,ai,http://wfrp.ia/dominio/ciencia-tecnologia#InteligenciaArtificial,3.0,False
1nhtewz,val,1,http://wfrp.ia/resource/reddit/post/1nhtewz,ont_has_ontology_elements,global_counts,,1.0,False
1nhtewz,val,1,http://wfrp.ia/resource/reddit/post/1nhtewz,ont_count_domain_concepts,global_counts,,1.0,False
1nhtewz,val,1,http://wfrp.ia/resource/reddit/post/1nhtewz,ont_total_neutro_mentions,global_counts,,3.0,False
1nhtewz,val,1,http://wfrp.ia/resource/reddit/post/1nhtewz,ont_domain_score,global_counts,,3.0,False
1nhtewz,val,1,http://wfrp.ia/resource/reddit/post/1nhtewz,ont_domain_density,global_counts,,0.005208333333333333,True
1ni851d,val,0,http://wfrp.ia/resource/reddit/post/1ni851d,ont_InteligenciaArtificial_Neutro,ai,http://wfrp.ia/dominio/ciencia-tecnologia#InteligenciaArtificial,14.0,False
1ni851d,val,0,http://wfrp.ia/resource/reddit/post/1ni851d,ont_AprendizajeAutomatico_Neutro,ml,http://wfrp.ia/dominio/ciencia-tecnologia#AprendizajeAutomatico,2.0,False
1ni851d,val,0,http://wfrp.ia/resource/reddit/post/1ni851d,ont_Tecnologia_Neutro,technology,http://wfrp.ia/dominio/ciencia-tecnologia#Tecnologia,2.0,True
1ni851d,val,0,http://wfrp.ia/resource/reddit/post/1ni851d,ont_Etica_Positivo,ethics,http://wfrp.ia/dominio/ciencia-tecnologia#Etica,1.0,False
1ni851d,val,0,http://wfrp.ia/resource/reddit/post/1ni851d,ont_Etica_Neutro,ethics,http://wfrp.ia/dominio/ciencia-tecnologia#Etica,2.0,False
1ni851d,val,0,http://wfrp.ia/resource/reddit/post/1ni851d,ont_has_ontology_elements,global_counts,,1.0,False
1ni851d,val,0,http://wfrp.ia/resource/reddit/post/1ni851d,ont_count_domain_concepts,global_counts,,4.0,False
1ni851d,val,0,http://wfrp.ia/resource/reddit/post/1ni851d,ont_total_positivo_mentions,global_counts,,1.0,False
1ni851d,val,0,http://wfrp.ia/resource/reddit/post/1ni851d,ont_total_neutro_mentions,global_counts,,20.0,False
1ni851d,val,0,http://wfrp.ia/resource/reddit/post/1ni851d,ont_domain_score,global_counts,,15.5,False
1ni851d,val,0,http://wfrp.ia/resource/reddit/post/1ni851d,ont_domain_density,global_counts,,0.0625,True
1nhi8c3,val,1,http://wfrp.ia/resource/reddit/post/1nhi8c3,ont_InteligenciaArtificial_Neutro,ai,http://wfrp.ia/dominio/ciencia-tecnologia#InteligenciaArtificial,1.0,False
1nhi8c3,val,1,http://wfrp.ia/resource/reddit/post/1nhi8c3,ont_has_ontology_elements,global_counts,,1.0,False
1nhi8c3,val,1,http://wfrp.ia/resource/reddit/post/1nhi8c3,ont_count_domain_concepts,global_counts,,1.0,False
1nhi8c3,val,1,http://wfrp.ia/resource/reddit/post/1nhi8c3,ont_total_neutro_mentions,global_counts,,1.0,False
1nhi8c3,val,1,http://wfrp.ia/resource/reddit/post/1nhi8c3,ont_domain_score,global_counts,,1.0,False
1nhi8c3,val,1,http://wfrp.ia/resource/reddit/post/1nhi8c3,ont_domain_density,global_counts,,0.058823529411764705,True
1newpf6,val,1,http://wfrp.ia/resource/reddit/post/1newpf6,ont_InteligenciaArtificial_Neutro,ai,http://wfrp.ia/dominio/ciencia-tecnologia#InteligenciaArtificial,7.0,False
1newpf6,val,1,http://wfrp.ia/resource/reddit/post/1newpf6,ont_has_ontology_elements,global_counts,,1.0,False
1newpf6,val,1,http://wfrp.ia/resource/reddit/post/1newpf6,ont_count_domain_concepts,global_counts,,2.0,False
1newpf6,val,1,http://wfrp.ia/resource/reddit/post/1newpf6,ont_total_neutro_mentions,global_counts,,7.0,False
1newpf6,val,1,http://wfrp.ia/resource/reddit/post/1newpf6,ont_domain_score,global_counts,,6.5,False
1newpf6,val,1,http://wfrp.ia/resource/reddit/post/1newpf6,ont_domain_density,global_counts,,0.009523809523809525,True
1nhzypy,val,2,http://wfrp.ia/resource/reddit/post/1nhzypy,ont_InteligenciaArtificial_Neutro,ai,http://wfrp.ia/dominio/ciencia-tecnologia#InteligenciaArtificial,2.0,False
1nhzypy,val,2,http://wfrp.ia/resource/reddit/post/1nhzypy,ont_has_ontology_elements,global_counts,,1.0,False
1nhzypy,val,2,http://wfrp.ia/resource/reddit/post/1nhzypy,ont_count_domain_concepts,global_counts,,1.0,False
1nhzypy,val,2,http://wfrp.ia/resource/reddit/post/1nhzypy,ont_total_neutro_mentions,global_counts,,2.0,False
1nhzypy,val,2,http://wfrp.ia/resource/reddit/post/1nhzypy,ont_domain_score,global_counts,,2.0,False
1nhzypy,val,2,http://wfrp.ia/resource/reddit/post/1nhzypy,ont_domain_density,global_counts,,0.017241379310344827,True
1nf6xzb,val,2,http://wfrp.ia/resource/reddit/post/1nf6xzb,ont_InteligenciaArtificial_Neutro,ai,http://wfrp.ia/dominio/ciencia-tecnologia#InteligenciaArtificial,1.0,False
1nf6xzb,val,2,http://wfrp.ia/resource/reddit/post/1nf6xzb,ont_has_ontology_elements,global_counts,,1.0,False
1nf6xzb,val,2,http://wfrp.ia/resource/reddit/post/1nf6xzb,ont_count_domain_concepts,global_counts,,1.0,False
1nf6xzb,val,2,http://wfrp.ia/resource/reddit/post/1nf6xzb,ont_total_neutro_mentions,global_counts,,1.0,False
1nf6xzb,val,2,http://wfrp.ia/resource/reddit/post/1nf6xzb,ont_domain_score,global_counts,,0.5,False
1nf6xzb,val,2,http://wfrp.ia/resource/reddit/post/1nf6xzb,ont_domain_density,global_counts,,0.0625,True
1nfrb96,val,1,http://wfrp.ia/resource/reddit/post/1nfrb96,ont_InteligenciaArtificial_Neutro,ai,http://wfrp.ia/dominio/ciencia-tecnologia#InteligenciaArtificial,3.0,False
1nfrb96,val,1,http://wfrp.ia/resource/reddit/post/1nfrb96,ont_has_ontology_elements,global_counts,,1.0,False
1nfrb96,val,1,http://wfrp.ia/resource/reddit/post/1nfrb96,ont_count_domain_concepts,global_counts,,1.0,False
1nfrb96,val,1,http://wfrp.ia/resource/reddit/post/1nfrb96,ont_total_neutro_mentions,global_counts,,3.0,False
1nfrb96,val,1,http://wfrp.ia/resource/reddit/post/1nfrb96,ont_domain_score,global_counts,,3.5,False
1nfrb96,val,1,http://wfrp.ia/resource/reddit/post/1nfrb96,ont_domain_density,global_counts,,0.0136986301369863,True
1nf9sd7,val,2,http://wfrp.ia/resource/reddit/post/1nf9sd7,ont_InteligenciaArtificial_Neutro,ai,http://wfrp.ia/dominio/ciencia-tecnologia#InteligenciaArtificial,8.0,False
1nf9sd7,val,2,http://wfrp.ia/resource/reddit/post/1nf9sd7,ont_has_ontology_elements,global_counts,,1.0,False
1nf9sd7,val,2,http://wfrp.ia/resource/reddit/post/1nf9sd7,ont_count_domain_concepts,global_counts,,1.0,False
1nf9sd7,val,2,http://wfrp.ia/resource/reddit/post/1nf9sd7,ont_total_neutro_mentions,global_counts,,8.0,False
1nf9sd7,val,2,http://wfrp.ia/resource/reddit/post/1nf9sd7,ont_domain_score,global_counts,,8.0,False
1nf9sd7,val,2,http://wfrp.ia/resource/reddit/post/1nf9sd7,ont_domain_density,global_counts,,0.004524886877828055,True
1nfpefr,val,2,http://wfrp.ia/resource/reddit/post/1nfpefr,ont_InteligenciaArtificial_Neutro,ai,http://wfrp.ia/dominio/ciencia-tecnologia#InteligenciaArtificial,10.0,False
1nfpefr,val,2,http://wfrp.ia/resource/reddit/post/1nfpefr,ont_Futuro_Neutro,future,http://wfrp.ia/dominio/ciencia-tecnologia#Futuro,1.0,False
1nfpefr,val,2,http://wfrp.ia/resource/reddit/post/1nfpefr,ont_has_ontology_elements,global_counts,,1.0,False
1nfpefr,val,2,http://wfrp.ia/resource/reddit/post/1nfpefr,ont_count_domain_concepts,global_counts,,2.0,False
1nfpefr,val,2,http://wfrp.ia/resource/reddit/post/1nfpefr,ont_total_neutro_mentions,global_counts,,11.0,False
1nfpefr,val,2,http://wfrp.ia/resource/reddit/post/1nfpefr,ont_domain_score,global_counts,,9.5,False
1nfpefr,val,2,http://wfrp.ia/resource/reddit/post/1nfpefr,ont_domain_density,global_counts,,0.00881057268722467,True
1nfsqr5,val,0,http://wfrp.ia/resource/reddit/post/1nfsqr5,ont_InteligenciaArtificial_Neutro,ai,http://wfrp.ia/dominio/ciencia-tecnologia#InteligenciaArtificial,1.0,False
1nfsqr5,val,0,http://wfrp.ia/resource/reddit/post/1nfsqr5,ont_has_ontology_elements,global_counts,,1.0,False
1nfsqr5,val,0,http://wfrp.ia/resource/reddit/post/1nfsqr5,ont_count_domain_concepts,global_counts,,1.0,False
1nfsqr5,val,0,http://wfrp.ia/resource/reddit/post/1nfsqr5,ont_total_neutro_mentions,global_counts,,1.0,False
1nfsqr5,val,0,http://wfrp.ia/resource/reddit/post/1nfsqr5,ont_domain_score,global_counts,,1.0,False
1nfsqr5,val,0,http://wfrp.ia/resource/reddit/post/1nfsqr5,ont_domain_density,global_counts,,0.1111111111111111,True
1ngomca,val,0,http://wfrp.ia/resource/reddit/post/1ngomca,ont_InteligenciaArtificial_Neutro,ai,http://wfrp.ia/dominio/ciencia-tecnologia#InteligenciaArtificial,4.0,False
1ngomca,val,0,http://wfrp.ia/resource/reddit/post/1ngomca,ont_Futuro_Neutro,future,http://wfrp.ia/dominio/ciencia-tecnologia#Futuro,3.0,False
1ngomca,val,0,http://wfrp.ia/resource/reddit/post/1ngomca,ont_has_ontology_elements,global_counts,,1.0,False
1ngomca,val,0,http://wfrp.ia/resource/reddit/post/1ngomca,ont_count_domain_concepts,global_counts,,2.0,False
1ngomca,val,0,http://wfrp.ia/resource/reddit/post/1ngomca,ont_total_neutro_mentions,global_counts,,7.0,False
1ngomca,val,0,http://wfrp.ia/resource/reddit/post/1ngomca,ont_domain_score,global_counts,,4.5,False
1ngomca,val,0,http://wfrp.ia/resource/reddit/post/1ngomca,ont_domain_density,global_counts,,0.006896551724137931,True
1ngrjqa,val,2,http://wfrp.ia/resource/reddit/post/1ngrjqa,ont_InteligenciaArtificial_Neutro,ai,http://wfrp.ia/dominio/ciencia-tecnologia#InteligenciaArtificial,6.0,False
1ngrjqa,val,2,http://wfrp.ia/resource/reddit/post/1ngrjqa,ont_has_ontology_elements,global_counts,,1.0,False
1ngrjqa,val,2,http://wfrp.ia/resource/reddit/post/1ngrjqa,ont_count_domain_concepts,global_counts,,1.0,False
1ngrjqa,val,2,http://wfrp.ia/resource/reddit/post/1ngrjqa,ont_total_neutro_mentions,global_counts,,6.0,False
1ngrjqa,val,2,http://wfrp.ia/resource/reddit/post/1ngrjqa,ont_domain_score,global_counts,,3.5,False
1ngrjqa,val,2,http://wfrp.ia/resource/reddit/post/1ngrjqa,ont_domain_density,global_counts,,0.00847457627118644,True
1nhcqdb,val,1,http://wfrp.ia/resource/reddit/post/1nhcqdb,ont_InteligenciaArtificial_Neutro,ai,http://wfrp.ia/dominio/ciencia-tecnologia#InteligenciaArtificial,1.0,False
1nhcqdb,val,1,http://wfrp.ia/resource/reddit/post/1nhcqdb,ont_has_ontology_elements,global_counts,,1.0,False
1nhcqdb,val,1,http://wfrp.ia/resource/reddit/post/1nhcqdb,ont_count_domain_concepts,global_counts,,1.0,False
1nhcqdb,val,1,http://wfrp.ia/resource/reddit/post/1nhcqdb,ont_total_neutro_mentions,global_counts,,1.0,False
1nhcqdb,val,1,http://wfrp.ia/resource/reddit/post/1nhcqdb,ont_domain_score,global_counts,,1.0,False
1nhcqdb,val,1,http://wfrp.ia/resource/reddit/post/1nhcqdb,ont_domain_density,global_counts,,0.1111111111111111,True
1msd0mk,val,2,http://wfrp.ia/resource/reddit/post/1msd0mk,ont_InteligenciaArtificial_Neutro,ai,http://wfrp.ia/dominio/ciencia-tecnologia#InteligenciaArtificial,1.0,False
1msd0mk,val,2,http://wfrp.ia/resource/reddit/post/1msd0mk,ont_Datos_Neutro,data,http://wfrp.ia/dominio/ciencia-tecnologia#Datos,2.0,False
1msd0mk,val,2,http://wfrp.ia/resource/reddit/post/1msd0mk,ont_has_ontology_elements,global_counts,,1.0,False
1msd0mk,val,2,http://wfrp.ia/resource/reddit/post/1msd0mk,ont_count_domain_concepts,global_counts,,2.0,False
1msd0mk,val,2,http://wfrp.ia/resource/reddit/post/1msd0mk,ont_total_neutro_mentions,global_counts,,3.0,False
1msd0mk,val,2,http://wfrp.ia/resource/reddit/post/1msd0mk,ont_domain_score,global_counts,,1.5,False
1msd0mk,val,2,http://wfrp.ia/resource/reddit/post/1msd0mk,ont_domain_density,global_counts,,0.013793103448275862,True
1mutghw,val,2,http://wfrp.ia/resource/reddit/post/1mutghw,ont_Robot_Neutro,robot,http://wfrp.ia/dominio/ciencia-tecnologia#Robot,1.0,False
1mutghw,val,2,http://wfrp.ia/resource/reddit/post/1mutghw,ont_Automatizacion_Neutro,automation,http://wfrp.ia/dominio/ciencia-tecnologia#Automatizacion,1.0,False
1mutghw,val,2,http://wfrp.ia/resource/reddit/post/1mutghw,ont_has_ontology_elements,global_counts,,1.0,False
1mutghw,val,2,http://wfrp.ia/resource/reddit/post/1mutghw,ont_count_domain_concepts,global_counts,,2.0,False
1mutghw,val,2,http://wfrp.ia/resource/reddit/post/1mutghw,ont_total_neutro_mentions,global_counts,,2.0,False
1mutghw,val,2,http://wfrp.ia/resource/reddit/post/1mutghw,ont_domain_score,global_counts,,2.0,False
1mutghw,val,2,http://wfrp.ia/resource/reddit/post/1mutghw,ont_domain_density,global_counts,,0.2,True
1nj94ze,val,1,http://wfrp.ia/resource/reddit/post/1nj94ze,ont_InteligenciaArtificial_Neutro,ai,http://wfrp.ia/dominio/ciencia-tecnologia#InteligenciaArtificial,1.0,False
1nj94ze,val,1,http://wfrp.ia/resource/reddit/post/1nj94ze,ont_has_ontology_elements,global_counts,,1.0,False
1nj94ze,val,1,http://wfrp.ia/resource/reddit/post/1nj94ze,ont_count_domain_concepts,global_counts,,2.0,False
1nj94ze,val,1,http://wfrp.ia/resource/reddit/post/1nj94ze,ont_total_neutro_mentions,global_counts,,1.0,False
1nj94ze,val,1,http://wfrp.ia/resource/reddit/post/1nj94ze,ont_domain_score,global_counts,,2.0,False
1nj94ze,val,1,http://wfrp.ia/resource/reddit/post/1nj94ze,ont_domain_density,global_counts,,0.18181818181818182,True
1ndguud,val,1,http://wfrp.ia/resource/reddit/post/1ndguud,ont_InteligenciaArtificial_Neutro,ai,http://wfrp.ia/dominio/ciencia-tecnologia#InteligenciaArtificial,1.0,False
1ndguud,val,1,http://wfrp.ia/resource/reddit/post/1ndguud,ont_has_ontology_elements,global_counts,,1.0,False
1ndguud,val,1,http://wfrp.ia/resource/reddit/post/1ndguud,ont_count_domain_concepts,global_counts,,2.0,False
1ndguud,val,1,http://wfrp.ia/resource/reddit/post/1ndguud,ont_total_neutro_mentions,global_counts,,1.0,False
1ndguud,val,1,http://wfrp.ia/resource/reddit/post/1ndguud,ont_domain_score,global_counts,,2.0,False
1ndguud,val,1,http://wfrp.ia/resource/reddit/post/1ndguud,ont_domain_density,global_counts,,0.18181818181818182,True
1n7f2w8,val,2,http://wfrp.ia/resource/reddit/post/1n7f2w8,ont_InteligenciaArtificial_Neutro,ai,http://wfrp.ia/dominio/ciencia-tecnologia#InteligenciaArtificial,2.0,False
1n7f2w8,val,2,http://wfrp.ia/resource/reddit/post/1n7f2w8,ont_has_ontology_elements,global_counts,,1.0,False
1n7f2w8,val,2,http://wfrp.ia/resource/reddit/post/1n7f2w8,ont_count_domain_concepts,global_counts,,1.0,False
1n7f2w8,val,2,http://wfrp.ia/resource/reddit/post/1n7f2w8,ont_total_neutro_mentions,global_counts,,2.0,False
1n7f2w8,val,2,http://wfrp.ia/resource/reddit/post/1n7f2w8,ont_domain_score,global_counts,,2.0,False
1n7f2w8,val,2,http://wfrp.ia/resource/reddit/post/1n7f2w8,ont_domain_density,global_counts,,0.004132231404958678,True
1n76dkq,val,2,http://wfrp.ia/resource/reddit/post/1n76dkq,ont_Innovacion_Neutro,innovation,http://wfrp.ia/dominio/ciencia-tecnologia#Innovacion,1.0,True
1n76dkq,val,2,http://wfrp.ia/resource/reddit/post/1n76dkq,ont_has_ontology_elements,global_counts,,1.0,False
1n76dkq,val,2,http://wfrp.ia/resource/reddit/post/1n76dkq,ont_count_domain_concepts,global_counts,,1.0,False
1n76dkq,val,2,http://wfrp.ia/resource/reddit/post/1n76dkq,ont_total_neutro_mentions,global_counts,,1.0,False
1n76dkq,val,2,http://wfrp.ia/resource/reddit/post/1n76dkq,ont_domain_score,global_counts,,1.0,False
1n76dkq,val,2,http://wfrp.ia/resource/reddit/post/1n76dkq,ont_domain_density,global_counts,,0.006993006993006993,True
1n846k7,val,1,http://wfrp.ia/resource/reddit/post/1n846k7,ont_InteligenciaArtificial_Neutro,ai,http://wfrp.ia/dominio/ciencia-tecnologia#InteligenciaArtificial,1.0,False
1n846k7,val,1,http://wfrp.ia/resource/reddit/post/1n846k7,ont_has_ontology_elements,global_counts,,1.0,False
1n846k7,val,1,http://wfrp.ia/resource/reddit/post/1n846k7,ont_count_domain_concepts,global_counts,,1.0,False
1n846k7,val,1,http://wfrp.ia/resource/reddit/post/1n846k7,ont_total_neutro_mentions,global_counts,,1.0,False
1n846k7,val,1,http://wfrp.ia/resource/reddit/post/1n846k7,ont_domain_score,global_counts,,1.0,False
1n846k7,val,1,http://wfrp.ia/resource/reddit/post/1n846k7,ont_domain_density,global_counts,,0.09090909090909091,True
1n89vqv,val,2,http://wfrp.ia/resource/reddit/post/1n89vqv,ont_has_ontology_elements,global_counts,,1.0,False
1n84i56,val,2,http://wfrp.ia/resource/reddit/post/1n84i56,ont_Tecnologia_Neutro,technology,http://wfrp.ia/dominio/ciencia-tecnologia#Tecnologia,1.0,True
1n84i56,val,2,http://wfrp.ia/resource/reddit/post/1n84i56,ont_has_ontology_elements,global_counts,,1.0,False
1n84i56,val,2,http://wfrp.ia/resource/reddit/post/1n84i56,ont_count_domain_concepts,global_counts,,1.0,False
1n84i56,val,2,http://wfrp.ia/resource/reddit/post/1n84i56,ont_total_neutro_mentions,global_counts,,1.0,False
1n84i56,val,2,http://wfrp.ia/resource/reddit/post/1n84i56,ont_domain_score,global_counts,,1.0,False
1n84i56,val,2,http://wfrp.ia/resource/reddit/post/1n84i56,ont_domain_density,global_counts,,0.006535947712418301,True
1n9axh1,val,2,http://wfrp.ia/resource/reddit/post/1n9axh1,ont_Futuro_Neutro,future,http://wfrp.ia/dominio/ciencia-tecnologia#Futuro,1.0,False
1n9axh1,val,2,http://wfrp.ia/resource/reddit/post/1n9axh1,ont_has_ontology_elements,global_counts,,1.0,False
1n9axh1,val,2,http://wfrp.ia/resource/reddit/post/1n9axh1,ont_count_domain_concepts,global_counts,,2.0,False
1n9axh1,val,2,http://wfrp.ia/resource/reddit/post/1n9axh1,ont_total_neutro_mentions,global_counts,,1.0,False
1n9axh1,val,2,http://wfrp.ia/resource/reddit/post/1n9axh1,ont_domain_score,global_counts,,2.0,False
1n9axh1,val,2,http://wfrp.ia/resource/reddit/post/1n9axh1,ont_domain_density,global_counts,,0.004415011037527594,True
1n915ev,val,2,http://wfrp.ia/resource/reddit/post/1n915ev,ont_InteligenciaArtificial_Neutro,ai,http://wfrp.ia/dominio/ciencia-tecnologia#InteligenciaArtificial,1.0,False
1n915ev,val,2,http://wfrp.ia/resource/reddit/post/1n915ev,ont_Futuro_Neutro,future,http://wfrp.ia/dominio/ciencia-tecnologia#Futuro,1.0,False
1n915ev,val,2,http://wfrp.ia/resource/reddit/post/1n915ev,ont_Robot_Neutro,robot,http://wfrp.ia/dominio/ciencia-tecnologia#Robot,1.0,False
1n915ev,val,2,http://wfrp.ia/resource/reddit/post/1n915ev,ont_Etica_Positivo,ethics,http://wfrp.ia/dominio/ciencia-tecnologia#Etica,1.0,False
1n915ev,val,2,http://wfrp.ia/resource/reddit/post/1n915ev,ont_Etica_Neutro,ethics,http://wfrp.ia/dominio/ciencia-tecnologia#Etica,3.0,False
1n915ev,val,2,http://wfrp.ia/resource/reddit/post/1n915ev,ont_has_ontology_elements,global_counts,,1.0,False
1n915ev,val,2,http://wfrp.ia/resource/reddit/post/1n915ev,ont_count_domain_concepts,global_counts,,5.0,False
1n915ev,val,2,http://wfrp.ia/resource/reddit/post/1n915ev,ont_total_positivo_mentions,global_counts,,1.0,False
1n915ev,val,2,http://wfrp.ia/resource/reddit/post/1n915ev,ont_total_neutro_mentions,global_counts,,6.0,False
1n915ev,val,2,http://wfrp.ia/resource/reddit/post/1n915ev,ont_domain_score,global_counts,,5.5,False
1n915ev,val,2,http://wfrp.ia/resource/reddit/post/1n915ev,ont_domain_density,global_counts,,0.005543237250554324,True
1n7585n,val,0,http://wfrp.ia/resource/reddit/post/1n7585n,ont_Tecnologia_Neutro,technology,http://wfrp.ia/dominio/ciencia-tecnologia#Tecnologia,1.0,True
1n7585n,val,0,http://wfrp.ia/resource/reddit/post/1n7585n,ont_Futuro_Neutro,future,http://wfrp.ia/dominio/ciencia-tecnologia#Futuro,1.0,False
1n7585n,val,0,http://wfrp.ia/resource/reddit/post/1n7585n,ont_has_ontology_elements,global_counts,,1.0,False
1n7585n,val,0,http://wfrp.ia/resource/reddit/post/1n7585n,ont_count_domain_concepts,global_counts,,2.0,False
1n7585n,val,0,http://wfrp.ia/resource/reddit/post/1n7585n,ont_total_neutro_mentions,global_counts,,2.0,False
1n7585n,val,0,http://wfrp.ia/resource/reddit/post/1n7585n,ont_domain_score,global_counts,,2.0,False
1n7585n,val,0,http://wfrp.ia/resource/reddit/post/1n7585n,ont_domain_density,global_counts,,0.009523809523809525,True
1n9gc6p,val,2,http://wfrp.ia/resource/reddit/post/1n9gc6p,ont_InteligenciaArtificial_Neutro,ai,http://wfrp.ia/dominio/ciencia-tecnologia#InteligenciaArtificial,1.0,False
1n9gc6p,val,2,http://wfrp.ia/resource/reddit/post/1n9gc6p,ont_Automatizacion_Neutro,automation,http://wfrp.ia/dominio/ciencia-tecnologia#Automatizacion,2.0,False
1n9gc6p,val,2,http://wfrp.ia/resource/reddit/post/1n9gc6p,ont_has_ontology_elements,global_counts,,1.0,False
1n9gc6p,val,2,http://wfrp.ia/resource/reddit/post/1n9gc6p,ont_count_domain_concepts,global_counts,,3.0,False
1n9gc6p,val,2,http://wfrp.ia/resource/reddit/post/1n9gc6p,ont_total_neutro_mentions,global_counts,,3.0,False
1n9gc6p,val,2,http://wfrp.ia/resource/reddit/post/1n9gc6p,ont_domain_score,global_counts,,3.0,False
1n9gc6p,val,2,http://wfrp.ia/resource/reddit/post/1n9gc6p,ont_domain_density,global_counts,,0.061224489795918366,True
1n9al3j,val,2,http://wfrp.ia/resource/reddit/post/1n9al3j,ont_Futuro_Neutro,future,http://wfrp.ia/dominio/ciencia-tecnologia#Futuro,1.0,False
1n9al3j,val,2,http://wfrp.ia/resource/reddit/post/1n9al3j,ont_has_ontology_elements,global_counts,,1.0,False
1n9al3j,val,2,http://wfrp.ia/resource/reddit/post/1n9al3j,ont_count_domain_concepts,global_counts,,2.0,False
1n9al3j,val,2,http://wfrp.ia/resource/reddit/post/1n9al3j,ont_total_neutro_mentions,global_counts,,1.0,False
1n9al3j,val,2,http://wfrp.ia/resource/reddit/post/1n9al3j,ont_domain_score,global_counts,,2.0,False
1n9al3j,val,2,http://wfrp.ia/resource/reddit/post/1n9al3j,ont_domain_density,global_counts,,0.00749063670411985,True
1n6z8oe,val,2,http://wfrp.ia/resource/reddit/post/1n6z8oe,ont_has_ontology_elements,global_counts,,1.0,False
1n6hy1j,val,1,http://wfrp.ia/resource/reddit/post/1n6hy1j,ont_has_ontology_elements,global_counts,,1.0,False
1n6hy1j,val,1,http://wfrp.ia/resource/reddit/post/1n6hy1j,ont_count_domain_concepts,global_counts,,1.0,False
1n6hy1j,val,1,http://wfrp.ia/resource/reddit/post/1n6hy1j,ont_domain_score,global_counts,,1.0,False
1n6hy1j,val,1,http://wfrp.ia/resource/reddit/post/1n6hy1j,ont_domain_density,global_counts,,0.013888888888888888,True
1nenznh,val,2,http://wfrp.ia/resource/reddit/post/1nenznh,ont_has_ontology_elements,global_counts,,1.0,False
1nenznh,val,2,http://wfrp.ia/resource/reddit/post/1nenznh,ont_count_domain_concepts,global_counts,,1.0,False
1nenznh,val,2,http://wfrp.ia/resource/reddit/post/1nenznh,ont_domain_score,global_counts,,1.0,False
1nenznh,val,2,http://wfrp.ia/resource/reddit/post/1nenznh,ont_domain_density,global_counts,,0.011627906976744186,True
1nejgvm,val,1,http://wfrp.ia/resource/reddit/post/1nejgvm,ont_has_ontology_elements,global_counts,,1.0,False
1niwzbi,val,0,http://wfrp.ia/resource/reddit/post/1niwzbi,ont_InteligenciaArtificial_Neutro,ai,http://wfrp.ia/dominio/ciencia-tecnologia#InteligenciaArtificial,2.0,False
1niwzbi,val,0,http://wfrp.ia/resource/reddit/post/1niwzbi,ont_Robot_Neutro,robot,http://wfrp.ia/dominio/ciencia-tecnologia#Robot,1.0,False
1niwzbi,val,0,http://wfrp.ia/resource/reddit/post/1niwzbi,ont_has_ontology_elements,global_counts,,1.0,False
1niwzbi,val,0,http://wfrp.ia/resource/reddit/post/1niwzbi,ont_count_domain_concepts,global_counts,,2.0,False
1niwzbi,val,0,http://wfrp.ia/resource/reddit/post/1niwzbi,ont_total_neutro_mentions,global_counts,,3.0,False
1niwzbi,val,0,http://wfrp.ia/resource/reddit/post/1niwzbi,ont_domain_score,global_counts,,2.0,False
1niwzbi,val,0,http://wfrp.ia/resource/reddit/post/1niwzbi,ont_domain_density,global_counts,,0.06896551724137931,True
1njf25j,val,2,http://wfrp.ia/resource/reddit/post/1njf25j,ont_has_ontology_elements,global_counts,,1.0,False
1n5nxl4,val,2,http://wfrp.ia/resource/reddit/post/1n5nxl4,ont_InteligenciaArtificial_Neutro,ai,http://wfrp.ia/dominio/ciencia-tecnologia#InteligenciaArtificial,3.0,False
1n5nxl4,val,2,http://wfrp.ia/resource/reddit/post/1n5nxl4,ont_has_ontology_elements,global_counts,,1.0,False
1n5nxl4,val,2,http://wfrp.ia/resource/reddit/post/1n5nxl4,ont_count_domain_concepts,global_counts,,1.0,False
1n5nxl4,val,2,http://wfrp.ia/resource/reddit/post/1n5nxl4,ont_total_neutro_mentions,global_counts,,3.0,False
1n5nxl4,val,2,http://wfrp.ia/resource/reddit/post/1n5nxl4,ont_domain_score,global_counts,,3.0,False
1n5nxl4,val,2,http://wfrp.ia/resource/reddit/post/1n5nxl4,ont_domain_density,global_counts,,0.007142857142857143,True
1n9zo07,val,2,http://wfrp.ia/resource/reddit/post/1n9zo07,ont_Tecnologia_Neutro,technology,http://wfrp.ia/dominio/ciencia-tecnologia#Tecnologia,2.0,True
1n9zo07,val,2,http://wfrp.ia/resource/reddit/post/1n9zo07,ont_has_ontology_elements,global_counts,,1.0,False
1n9zo07,val,2,http://wfrp.ia/resource/reddit/post/1n9zo07,ont_count_domain_concepts,global_counts,,1.0,False
1n9zo07,val,2,http://wfrp.ia/resource/reddit/post/1n9zo07,ont_total_neutro_mentions,global_counts,,2.0,False
1n9zo07,val,2,http://wfrp.ia/resource/reddit/post/1n9zo07,ont_domain_score,global_counts,,1.0,False
1n9zo07,val,2,http://wfrp.ia/resource/reddit/post/1n9zo07,ont_domain_density,global_counts,,0.014285714285714285,True
1nhwyx7,val,1,http://wfrp.ia/resource/reddit/post/1nhwyx7,ont_InteligenciaArtificial_Neutro,ai,http://wfrp.ia/dominio/ciencia-tecnologia#InteligenciaArtificial,2.0,False
1nhwyx7,val,1,http://wfrp.ia/resource/reddit/post/1nhwyx7,ont_has_ontology_elements,global_counts,,1.0,False
1nhwyx7,val,1,http://wfrp.ia/resource/reddit/post/1nhwyx7,ont_count_domain_concepts,global_counts,,2.0,False
1nhwyx7,val,1,http://wfrp.ia/resource/reddit/post/1nhwyx7,ont_total_neutro_mentions,global_counts,,2.0,False
1nhwyx7,val,1,http://wfrp.ia/resource/reddit/post/1nhwyx7,ont_domain_score,global_counts,,3.0,False
1nhwyx7,val,1,http://wfrp.ia/resource/reddit/post/1nhwyx7,ont_domain_density,global_counts,,0.10526315789473684,True
1nhiz7t,val,2,http://wfrp.ia/resource/reddit/post/1nhiz7t,ont_Innovacion_Neutro,innovation,http://wfrp.ia/dominio/ciencia-tecnologia#Innovacion,1.0,True
1nhiz7t,val,2,http://wfrp.ia/resource/reddit/post/1nhiz7t,ont_has_ontology_elements,global_counts,,1.0,False
1nhiz7t,val,2,http://wfrp.ia/resource/reddit/post/1nhiz7t,ont_count_domain_concepts,global_counts,,2.0,False
1nhiz7t,val,2,http://wfrp.ia/resource/reddit/post/1nhiz7t,ont_total_neutro_mentions,global_counts,,1.0,False
1nhiz7t,val,2,http://wfrp.ia/resource/reddit/post/1nhiz7t,ont_domain_score,global_counts,,2.0,False
1nhiz7t,val,2,http://wfrp.ia/resource/reddit/post/1nhiz7t,ont_domain_density,global_counts,,0.019801980198019802,True
1ni101n,val,2,http://wfrp.ia/resource/reddit/post/1ni101n,ont_Datos_Neutro,data,http://wfrp.ia/dominio/ciencia-tecnologia#Datos,1.0,False
1ni101n,val,2,http://wfrp.ia/resource/reddit/post/1ni101n,ont_has_ontology_elements,global_counts,,1.0,False
1ni101n,val,2,http://wfrp.ia/resource/reddit/post/1ni101n,ont_count_domain_concepts,global_counts,,1.0,False
1ni101n,val,2,http://wfrp.ia/resource/reddit/post/1ni101n,ont_total_neutro_mentions,global_counts,,1.0,False
1ni101n,val,2,http://wfrp.ia/resource/reddit/post/1ni101n,ont_domain_score,global_counts,,1.0,False
1ni101n,val,2,http://wfrp.ia/resource/reddit/post/1ni101n,ont_domain_density,global_counts,,0.0196078431372549,True
1ng1b0t,val,1,http://wfrp.ia/resource/reddit/post/1ng1b0t,ont_InteligenciaArtificial_Positivo,ai,http://wfrp.ia/dominio/ciencia-tecnologia#InteligenciaArtificial,1.0,False
1ng1b0t,val,1,http://wfrp.ia/resource/reddit/post/1ng1b0t,ont_has_ontology_elements,global_counts,,1.0,False
1ng1b0t,val,1,http://wfrp.ia/resource/reddit/post/1ng1b0t,ont_count_domain_concepts,global_counts,,1.0,False
1ng1b0t,val,1,http://wfrp.ia/resource/reddit/post/1ng1b0t,ont_total_positivo_mentions,global_counts,,1.0,False
1ng1b0t,val,1,http://wfrp.ia/resource/reddit/post/1ng1b0t,ont_domain_score,global_counts,,1.0,False
1ng1b0t,val,1,http://wfrp.ia/resource/reddit/post/1ng1b0t,ont_domain_density,global_counts,,0.05263157894736842,True
1ngm5cj,val,2,http://wfrp.ia/resource/reddit/post/1ngm5cj,ont_InteligenciaArtificial_Neutro,ai,http://wfrp.ia/dominio/ciencia-tecnologia#InteligenciaArtificial,3.0,False
1ngm5cj,val,2,http://wfrp.ia/resource/reddit/post/1ngm5cj,ont_has_ontology_elements,global_counts,,1.0,False
1ngm5cj,val,2,http://wfrp.ia/resource/reddit/post/1ngm5cj,ont_count_domain_concepts,global_counts,,1.0,False
1ngm5cj,val,2,http://wfrp.ia/resource/reddit/post/1ngm5cj,ont_total_neutro_mentions,global_counts,,3.0,False
1ngm5cj,val,2,http://wfrp.ia/resource/reddit/post/1ngm5cj,ont_domain_score,global_counts,,3.0,False
1ngm5cj,val,2,http://wfrp.ia/resource/reddit/post/1ngm5cj,ont_domain_density,global_counts,,0.011627906976744186,True
1n4coy7,val,1,http://wfrp.ia/resource/reddit/post/1n4coy7,ont_Tecnologia_Positivo,technology,http://wfrp.ia/dominio/ciencia-tecnologia#Tecnologia,1.0,False
1n4coy7,val,1,http://wfrp.ia/resource/reddit/post/1n4coy7,ont_Tecnologia_Neutro,technology,http://wfrp.ia/dominio/ciencia-tecnologia#Tecnologia,1.0,True
1n4coy7,val,1,http://wfrp.ia/resource/reddit/post/1n4coy7,ont_Datos_Neutro,data,http://wfrp.ia/dominio/ciencia-tecnologia#Datos,1.0,False
1n4coy7,val,1,http://wfrp.ia/resource/reddit/post/1n4coy7,ont_has_ontology_elements,global_counts,,1.0,False
1n4coy7,val,1,http://wfrp.ia/resource/reddit/post/1n4coy7,ont_count_domain_concepts,global_counts,,3.0,False
1n4coy7,val,1,http://wfrp.ia/resource/reddit/post/1n4coy7,ont_total_positivo_mentions,global_counts,,1.0,False
1n4coy7,val,1,http://wfrp.ia/resource/reddit/post/1n4coy7,ont_total_neutro_mentions,global_counts,,2.0,False
1n4coy7,val,1,http://wfrp.ia/resource/reddit/post/1n4coy7,ont_domain_score,global_counts,,3.0,False
1n4coy7,val,1,http://wfrp.ia/resource/reddit/post/1n4coy7,ont_domain_density,global_counts,,0.0196078431372549,True
1n7rysh,val,0,http://wfrp.ia/resource/reddit/post/1n7rysh,ont_Datos_Neutro,data,http://wfrp.ia/dominio/ciencia-tecnologia#Datos,1.0,False
1n7rysh,val,0,http://wfrp.ia/resource/reddit/post/1n7rysh,ont_has_ontology_elements,global_counts,,1.0,False
1n7rysh,val,0,http://wfrp.ia/resource/reddit/post/1n7rysh,ont_count_domain_concepts,global_counts,,3.0,False
1n7rysh,val,0,http://wfrp.ia/resource/reddit/post/1n7rysh,ont_total_neutro_mentions,global_counts,,1.0,False
1n7rysh,val,0,http://wfrp.ia/resource/reddit/post/1n7rysh,ont_domain_score,global_counts,,3.0,False
1n7rysh,val,0,http://wfrp.ia/resource/reddit/post/1n7rysh,ont_domain_density,global_counts,,0.2727272727272727,True
1n7r83q,val,1,http://wfrp.ia/resource/reddit/post/1n7r83q,,,,0.0,False
1n7ceez,val,1,http://wfrp.ia/resource/reddit/post/1n7ceez,ont_InteligenciaArtificial_Neutro,ai,http://wfrp.ia/dominio/ciencia-tecnologia#InteligenciaArtificial,1.0,False
1n7ceez,val,1,http://wfrp.ia/resource/reddit/post/1n7ceez,ont_Etica_Neutro,ethics,http://wfrp.ia/dominio/ciencia-tecnologia#Etica,1.0,False
1n7ceez,val,1,http://wfrp.ia/resource/reddit/post/1n7ceez,ont_has_ontology_elements,global_counts,,1.0,False
1n7ceez,val,1,http://wfrp.ia/resource/reddit/post/1n7ceez,ont_count_domain_concepts,global_counts,,2.0,False
1n7ceez,val,1,http://wfrp.ia/resource/reddit/post/1n7ceez,ont_total_neutro_mentions,global_counts,,2.0,False
1n7ceez,val,1,http://wfrp.ia/resource/reddit/post/1n7ceez,ont_domain_score,global_counts,,2.0,False
1n7ceez,val,1,http://wfrp.ia/resource/reddit/post/1n7ceez,ont_domain_density,global_counts,,0.16666666666666666,True
1n7fjuo,val,0,http://wfrp.ia/resource/reddit/post/1n7fjuo,ont_Futuro_Neutro,future,http://wfrp.ia/dominio/ciencia-tecnologia#Futuro,1.0,False
1n7fjuo,val,0,http://wfrp.ia/resource/reddit/post/1n7fjuo,ont_has_ontology_elements,global_counts,,1.0,False
1n7fjuo,val,0,http://wfrp.ia/resource/reddit/post/1n7fjuo,ont_count_domain_concepts,global_counts,,1.0,False
1n7fjuo,val,0,http://wfrp.ia/resource/reddit/post/1n7fjuo,ont_total_neutro_mentions,global_counts,,1.0,False
1n7fjuo,val,0,http://wfrp.ia/resource/reddit/post/1n7fjuo,ont_domain_score,global_counts,,1.0,False
1n7fjuo,val,0,http://wfrp.ia/resource/reddit/post/1n7fjuo,ont_domain_density,global_counts,,0.07692307692307693,True
1n8fzj4,val,1,http://wfrp.ia/resource/reddit/post/1n8fzj4,ont_Datos_Neutro,data,http://wfrp.ia/dominio/ciencia-tecnologia#Datos,1.0,False
1n8fzj4,val,1,http://wfrp.ia/resource/reddit/post/1n8fzj4,ont_Etica_Positivo,ethics,http://wfrp.ia/dominio/ciencia-tecnologia#Etica,1.0,False
1n8fzj4,val,1,http://wfrp.ia/resource/reddit/post/1n8fzj4,ont_has_ontology_elements,global_counts,,1.0,False
1n8fzj4,val,1,http://wfrp.ia/resource/reddit/post/1n8fzj4,ont_count_domain_concepts,global_counts,,2.0,False
1n8fzj4,val,1,http://wfrp.ia/resource/reddit/post/1n8fzj4,ont_total_positivo_mentions,global_counts,,1.0,False
1n8fzj4,val,1,http://wfrp.ia/resource/reddit/post/1n8fzj4,ont_total_neutro_mentions,global_counts,,1.0,False
1n8fzj4,val,1,http://wfrp.ia/resource/reddit/post/1n8fzj4,ont_domain_score,global_counts,,2.0,False
1n8fzj4,val,1,http://wfrp.ia/resource/reddit/post/1n8fzj4,ont_domain_density,global_counts,,0.18181818181818182,True
1n8ajoq,val,1,http://wfrp.ia/resource/reddit/post/1n8ajoq,ont_InteligenciaArtificial_Neutro,ai,http://wfrp.ia/dominio/ciencia-tecnologia#InteligenciaArtificial,1.0,False
1n8ajoq,val,1,http://wfrp.ia/resource/reddit/post/1n8ajoq,ont_has_ontology_elements,global_counts,,1.0,False
1n8ajoq,val,1,http://wfrp.ia/resource/reddit/post/1n8ajoq,ont_count_domain_concepts,global_counts,,1.0,False
1n8ajoq,val,1,http://wfrp.ia/resource/reddit/post/1n8ajoq,ont_total_neutro_mentions,global_counts,,1.0,False
1n8ajoq,val,1,http://wfrp.ia/resource/reddit/post/1n8ajoq,ont_domain_score,global_counts,,1.0,False
1n8ajoq,val,1,http://wfrp.ia/resource/reddit/post/1n8ajoq,ont_domain_density,global_counts,,0.1,True
1n6um1w,val,1,http://wfrp.ia/resource/reddit/post/1n6um1w,,,,0.0,False
1neiy7d,val,2,http://wfrp.ia/resource/reddit/post/1neiy7d,ont_has_ontology_elements,global_counts,,1.0,False
1ne7xl8,val,2,http://wfrp.ia/resource/reddit/post/1ne7xl8,ont_Datos_Neutro,data,http://wfrp.ia/dominio/ciencia-tecnologia#Datos,1.0,False
1ne7xl8,val,2,http://wfrp.ia/resource/reddit/post/1ne7xl8,ont_has_ontology_elements,global_counts,,1.0,False
1ne7xl8,val,2,http://wfrp.ia/resource/reddit/post/1ne7xl8,ont_count_domain_concepts,global_counts,,1.0,False
1ne7xl8,val,2,http://wfrp.ia/resource/reddit/post/1ne7xl8,ont_total_neutro_mentions,global_counts,,1.0,False
1ne7xl8,val,2,http://wfrp.ia/resource/reddit/post/1ne7xl8,ont_domain_score,global_counts,,1.0,False
1ne7xl8,val,2,http://wfrp.ia/resource/reddit/post/1ne7xl8,ont_domain_density,global_counts,,0.07692307692307693,True
1nejftw,val,2,http://wfrp.ia/resource/reddit/post/1nejftw,ont_Datos_Neutro,data,http://wfrp.ia/dominio/ciencia-tecnologia#Datos,1.0,False
1nejftw,val,2,http://wfrp.ia/resource/reddit/post/1nejftw,ont_has_ontology_elements,global_counts,,1.0,False
1nejftw,val,2,http://wfrp.ia/resource/reddit/post/1nejftw,ont_count_domain_concepts,global_counts,,1.0,False
1nejftw,val,2,http://wfrp.ia/resource/reddit/post/1nejftw,ont_total_neutro_mentions,global_counts,,1.0,False
1nejftw,val,2,http://wfrp.ia/resource/reddit/post/1nejftw,ont_domain_score,global_counts,,1.0,False
1nejftw,val,2,http://wfrp.ia/resource/reddit/post/1nejftw,ont_domain_density,global_counts,,0.03571428571428571,True
1nio1oz,val,2,http://wfrp.ia/resource/reddit/post/1nio1oz,ont_Datos_Neutro,data,http://wfrp.ia/dominio/ciencia-tecnologia#Datos,1.0,False
1nio1oz,val,2,http://wfrp.ia/resource/reddit/post/1nio1oz,ont_has_ontology_elements,global_counts,,1.0,False
1nio1oz,val,2,http://wfrp.ia/resource/reddit/post/1nio1oz,ont_count_domain_concepts,global_counts,,1.0,False
1nio1oz,val,2,http://wfrp.ia/resource/reddit/post/1nio1oz,ont_total_neutro_mentions,global_counts,,1.0,False
1nio1oz,val,2,http://wfrp.ia/resource/reddit/post/1nio1oz,ont_domain_score,global_counts,,1.0,False
1nio1oz,val,2,http://wfrp.ia/resource/reddit/post/1nio1oz,ont_domain_density,global_counts,,0.08333333333333333,True
1ninla5,val,2,http://wfrp.ia/resource/reddit/post/1ninla5,ont_Tecnologia_Neutro,technology,http://wfrp.ia/dominio/ciencia-tecnologia#Tecnologia,1.0,True
1ninla5,val,2,http://wfrp.ia/resource/reddit/post/1ninla5,ont_has_ontology_elements,global_counts,,1.0,False
1ninla5,val,2,http://wfrp.ia/resource/reddit/post/1ninla5,ont_count_domain_concepts,global_counts,,1.0,False
1ninla5,val,2,http://wfrp.ia/resource/reddit/post/1ninla5,ont_total_neutro_mentions,global_counts,,1.0,False
1ninla5,val,2,http://wfrp.ia/resource/reddit/post/1ninla5,ont_domain_score,global_counts,,1.0,False
1ninla5,val,2,http://wfrp.ia/resource/reddit/post/1ninla5,ont_domain_density,global_counts,,0.041666666666666664,True
1njlltb,val,2,http://wfrp.ia/resource/reddit/post/1njlltb,ont_has_ontology_elements,global_counts,,1.0,False
1nb3qy2,val,0,http://wfrp.ia/resource/reddit/post/1nb3qy2,ont_InteligenciaArtificial_Neutro,ai,http://wfrp.ia/dominio/ciencia-tecnologia#InteligenciaArtificial,1.0,False
1nb3qy2,val,0,http://wfrp.ia/resource/reddit/post/1nb3qy2,ont_has_ontology_elements,global_counts,,1.0,False
1nb3qy2,val,0,http://wfrp.ia/resource/reddit/post/1nb3qy2,ont_count_domain_concepts,global_counts,,1.0,False
1nb3qy2,val,0,http://wfrp.ia/resource/reddit/post/1nb3qy2,ont_total_neutro_mentions,global_counts,,1.0,False
1nb3qy2,val,0,http://wfrp.ia/resource/reddit/post/1nb3qy2,ont_domain_score,global_counts,,1.0,False
1nb3qy2,val,0,http://wfrp.ia/resource/reddit/post/1nb3qy2,ont_domain_density,global_counts,,0.023809523809523808,True
1ncov0u,val,2,http://wfrp.ia/resource/reddit/post/1ncov0u,ont_Futuro_Neutro,future,http://wfrp.ia/dominio/ciencia-tecnologia#Futuro,1.0,False
1ncov0u,val,2,http://wfrp.ia/resource/reddit/post/1ncov0u,ont_has_ontology_elements,global_counts,,1.0,False
1ncov0u,val,2,http://wfrp.ia/resource/reddit/post/1ncov0u,ont_count_domain_concepts,global_counts,,1.0,False
1ncov0u,val,2,http://wfrp.ia/resource/reddit/post/1ncov0u,ont_total_neutro_mentions,global_counts,,1.0,False
1ncov0u,val,2,http://wfrp.ia/resource/reddit/post/1ncov0u,ont_domain_score,global_counts,,1.0,False
1ncov0u,val,2,http://wfrp.ia/resource/reddit/post/1ncov0u,ont_domain_density,global_counts,,0.1,True
1nclzsv,val,1,http://wfrp.ia/resource/reddit/post/1nclzsv,ont_Datos_Neutro,data,http://wfrp.ia/dominio/ciencia-tecnologia#Datos,1.0,False
1nclzsv,val,1,http://wfrp.ia/resource/reddit/post/1nclzsv,ont_has_ontology_elements,global_counts,,1.0,False
1nclzsv,val,1,http://wfrp.ia/resource/reddit/post/1nclzsv,ont_count_domain_concepts,global_counts,,1.0,False
1nclzsv,val,1,http://wfrp.ia/resource/reddit/post/1nclzsv,ont_total_neutro_mentions,global_counts,,1.0,False
1nclzsv,val,1,http://wfrp.ia/resource/reddit/post/1nclzsv,ont_domain_score,global_counts,,1.0,False
1nclzsv,val,1,http://wfrp.ia/resource/reddit/post/1nclzsv,ont_domain_density,global_counts,,0.1111111111111111,True
1nd1hv4,val,2,http://wfrp.ia/resource/reddit/post/1nd1hv4,ont_InteligenciaArtificial_Neutro,ai,http://wfrp.ia/dominio/ciencia-tecnologia#InteligenciaArtificial,1.0,False
1nd1hv4,val,2,http://wfrp.ia/resource/reddit/post/1nd1hv4,ont_has_ontology_elements,global_counts,,1.0,False
1nd1hv4,val,2,http://wfrp.ia/resource/reddit/post/1nd1hv4,ont_count_domain_concepts,global_counts,,1.0,False
1nd1hv4,val,2,http://wfrp.ia/resource/reddit/post/1nd1hv4,ont_total_neutro_mentions,global_counts,,1.0,False
1nd1hv4,val,2,http://wfrp.ia/resource/reddit/post/1nd1hv4,ont_domain_score,global_counts,,2.0,False
1nd1hv4,val,2,http://wfrp.ia/resource/reddit/post/1nd1hv4,ont_domain_density,global_counts,,0.06666666666666667,True
1nbw60e,val,0,http://wfrp.ia/resource/reddit/post/1nbw60e,ont_InteligenciaArtificial_Neutro,ai,http://wfrp.ia/dominio/ciencia-tecnologia#InteligenciaArtificial,1.0,False
1nbw60e,val,0,http://wfrp.ia/resource/reddit/post/1nbw60e,ont_Robot_Neutro,robot,http://wfrp.ia/dominio/ciencia-tecnologia#Robot,1.0,False
1nbw60e,val,0,http://wfrp.ia/resource/reddit/post/1nbw60e,ont_has_ontology_elements,global_counts,,1.0,False
1nbw60e,val,0,http://wfrp.ia/resource/reddit/post/1nbw60e,ont_count_domain_concepts,global_counts,,2.0,False
1nbw60e,val,0,http://wfrp.ia/resource/reddit/post/1nbw60e,ont_total_neutro_mentions,global_counts,,2.0,False
1nbw60e,val,0,http://wfrp.ia/resource/reddit/post/1nbw60e,ont_domain_score,global_counts,,2.0,False
1nbw60e,val,0,http://wfrp.ia/resource/reddit/post/1nbw60e,ont_domain_density,global_counts,,0.2,True
1na5x6y,val,2,http://wfrp.ia/resource/reddit/post/1na5x6y,ont_Tecnologia_Neutro,technology,http://wfrp.ia/dominio/ciencia-tecnologia#Tecnologia,1.0,True
1na5x6y,val,2,http://wfrp.ia/resource/reddit/post/1na5x6y,ont_has_ontology_elements,global_counts,,1.0,False
1na5x6y,val,2,http://wfrp.ia/resource/reddit/post/1na5x6y,ont_count_domain_concepts,global_counts,,1.0,False
1na5x6y,val,2,http://wfrp.ia/resource/reddit/post/1na5x6y,ont_total_neutro_mentions,global_counts,,1.0,False
1na5x6y,val,2,http://wfrp.ia/resource/reddit/post/1na5x6y,ont_domain_score,global_counts,,1.0,False
1na5x6y,val,2,http://wfrp.ia/resource/reddit/post/1na5x6y,ont_domain_density,global_counts,,0.1111111111111111,True
1nae904,val,1,http://wfrp.ia/resource/reddit/post/1nae904,ont_Futuro_Neutro,future,http://wfrp.ia/dominio/ciencia-tecnologia#Futuro,1.0,False
1nae904,val,1,http://wfrp.ia/resource/reddit/post/1nae904,ont_has_ontology_elements,global_counts,,1.0,False
1nae904,val,1,http://wfrp.ia/resource/reddit/post/1nae904,ont_count_domain_concepts,global_counts,,1.0,False
1nae904,val,1,http://wfrp.ia/resource/reddit/post/1nae904,ont_total_neutro_mentions,global_counts,,1.0,False
1nae904,val,1,http://wfrp.ia/resource/reddit/post/1nae904,ont_domain_score,global_counts,,1.0,False
1nae904,val,1,http://wfrp.ia/resource/reddit/post/1nae904,ont_domain_density,global_counts,,0.1,True
1nft1nl,val,1,http://wfrp.ia/resource/reddit/post/1nft1nl,ont_InteligenciaArtificial_Neutro,ai,http://wfrp.ia/dominio/ciencia-tecnologia#InteligenciaArtificial,2.0,False
1nft1nl,val,1,http://wfrp.ia/resource/reddit/post/1nft1nl,ont_Etica_Positivo,ethics,http://wfrp.ia/dominio/ciencia-tecnologia#Etica,1.0,False
1nft1nl,val,1,http://wfrp.ia/resource/reddit/post/1nft1nl,ont_has_ontology_elements,global_counts,,1.0,False
1nft1nl,val,1,http://wfrp.ia/resource/reddit/post/1nft1nl,ont_count_domain_concepts,global_counts,,2.0,False
1nft1nl,val,1,http://wfrp.ia/resource/reddit/post/1nft1nl,ont_total_positivo_mentions,global_counts,,1.0,False
1nft1nl,val,1,http://wfrp.ia/resource/reddit/post/1nft1nl,ont_total_neutro_mentions,global_counts,,2.0,False
1nft1nl,val,1,http://wfrp.ia/resource/reddit/post/1nft1nl,ont_domain_score,global_counts,,3.0,False
1nft1nl,val,1,http://wfrp.ia/resource/reddit/post/1nft1nl,ont_domain_density,global_counts,,0.07142857142857142,True
1n5fcxf,val,2,http://wfrp.ia/resource/reddit/post/1n5fcxf,ont_InteligenciaArtificial_Neutro,ai,http://wfrp.ia/dominio/ciencia-tecnologia#InteligenciaArtificial,1.0,False
1n5fcxf,val,2,http://wfrp.ia/resource/reddit/post/1n5fcxf,ont_has_ontology_elements,global_counts,,1.0,False
1n5fcxf,val,2,http://wfrp.ia/resource/reddit/post/1n5fcxf,ont_count_domain_concepts,global_counts,,1.0,False
1n5fcxf,val,2,http://wfrp.ia/resource/reddit/post/1n5fcxf,ont_total_neutro_mentions,global_counts,,1.0,False
1n5fcxf,val,2,http://wfrp.ia/resource/reddit/post/1n5fcxf,ont_domain_score,global_counts,,1.0,False
1n5fcxf,val,2,http://wfrp.ia/resource/reddit/post/1n5fcxf,ont_domain_density,global_counts,,0.08333333333333333,True
1kykx6z,val,2,http://wfrp.ia/resource/reddit/post/1kykx6z,ont_InteligenciaArtificial_Neutro,ai,http://wfrp.ia/dominio/ciencia-tecnologia#InteligenciaArtificial,9.0,False
1kykx6z,val,2,http://wfrp.ia/resource/reddit/post/1kykx6z,ont_Tecnologia_Neutro,technology,http://wfrp.ia/dominio/ciencia-tecnologia#Tecnologia,2.0,True
1kykx6z,val,2,http://wfrp.ia/resource/reddit/post/1kykx6z,ont_has_ontology_elements,global_counts,,1.0,False
1kykx6z,val,2,http://wfrp.ia/resource/reddit/post/1kykx6z,ont_count_domain_concepts,global_counts,,2.0,False
1kykx6z,val,2,http://wfrp.ia/resource/reddit/post/1kykx6z,ont_total_neutro_mentions,global_counts,,11.0,False
1kykx6z,val,2,http://wfrp.ia/resource/reddit/post/1kykx6z,ont_domain_score,global_counts,,8.5,False
1kykx6z,val,2,http://wfrp.ia/resource/reddit/post/1kykx6z,ont_domain_density,global_counts,,0.018867924528301886,True
1mn8x9j,val,2,http://wfrp.ia/resource/reddit/post/1mn8x9j,ont_InteligenciaArtificial_Neutro,ai,http://wfrp.ia/dominio/ciencia-tecnologia#InteligenciaArtificial,3.0,False
1mn8x9j,val,2,http://wfrp.ia/resource/reddit/post/1mn8x9j,ont_AprendizajeAutomatico_Neutro,ml,http://wfrp.ia/dominio/ciencia-tecnologia#AprendizajeAutomatico,1.0,False
1mn8x9j,val,2,http://wfrp.ia/resource/reddit/post/1mn8x9j,ont_Innovacion_Neutro,innovation,http://wfrp.ia/dominio/ciencia-tecnologia#Innovacion,2.0,True
1mn8x9j,val,2,http://wfrp.ia/resource/reddit/post/1mn8x9j,ont_has_ontology_elements,global_counts,,1.0,False
1mn8x9j,val,2,http://wfrp.ia/resource/reddit/post/1mn8x9j,ont_count_domain_concepts,global_counts,,3.0,False
1mn8x9j,val,2,http://wfrp.ia/resource/reddit/post/1mn8x9j,ont_total_neutro_mentions,global_counts,,6.0,False
1mn8x9j,val,2,http://wfrp.ia/resource/reddit/post/1mn8x9j,ont_domain_score,global_counts,,6.5,False
1mn8x9j,val,2,http://wfrp.ia/resource/reddit/post/1mn8x9j,ont_domain_density,global_counts,,0.05172413793103448,True
1ldzyjc,val,1,http://wfrp.ia/resource/reddit/post/1ldzyjc,ont_InteligenciaArtificial_Neutro,ai,http://wfrp.ia/dominio/ciencia-tecnologia#InteligenciaArtificial,12.0,False
1ldzyjc,val,1,http://wfrp.ia/resource/reddit/post/1ldzyjc,ont_Tecnologia_Neutro,technology,http://wfrp.ia/dominio/ciencia-tecnologia#Tecnologia,1.0,True
1ldzyjc,val,1,http://wfrp.ia/resource/reddit/post/1ldzyjc,ont_Futuro_Neutro,future,http://wfrp.ia/dominio/ciencia-tecnologia#Futuro,4.0,False
1ldzyjc,val,1,http://wfrp.ia/resource/reddit/post/1ldzyjc,ont_Datos_Neutro,data,http://wfrp.ia/dominio/ciencia-tecnologia#Datos,1.0,False
1ldzyjc,val,1,http://wfrp.ia/resource/reddit/post/1ldzyjc,ont_Robot_Neutro,robot,http://wfrp.ia/dominio/ciencia-tecnologia#Robot,5.0,False
1ldzyjc,val,1,http://wfrp.ia/resource/reddit/post/1ldzyjc,ont_Etica_Neutro,ethics,http://wfrp.ia/dominio/ciencia-tecnologia#Etica,1.0,False
1ldzyjc,val,1,http://wfrp.ia/resource/reddit/post/1ldzyjc,ont_has_ontology_elements,global_counts,,1.0,False
1ldzyjc,val,1,http://wfrp.ia/resource/reddit/post/1ldzyjc,ont_count_domain_concepts,global_counts,,6.0,False
1ldzyjc,val,1,http://wfrp.ia/resource/reddit/post/1ldzyjc,ont_total_neutro_mentions,global_counts,,24.0,False
1ldzyjc,val,1,http://wfrp.ia/resource/reddit/post/1ldzyjc,ont_domain_score,global_counts,,16.5,False
1ldzyjc,val,1,http://wfrp.ia/resource/reddit/post/1ldzyjc,ont_domain_density,global_counts,,0.030927835051546393,True
1lfczre,val,2,http://wfrp.ia/resource/reddit/post/1lfczre,ont_InteligenciaArtificial_Neutro,ai,http://wfrp.ia/dominio/ciencia-tecnologia#InteligenciaArtificial,1.0,False
1lfczre,val,2,http://wfrp.ia/resource/reddit/post/1lfczre,ont_has_ontology_elements,global_counts,,1.0,False
1lfczre,val,2,http://wfrp.ia/resource/reddit/post/1lfczre,ont_count_domain_concepts,global_counts,,1.0,False
1lfczre,val,2,http://wfrp.ia/resource/reddit/post/1lfczre,ont_total_neutro_mentions,global_counts,,1.0,False
1lfczre,val,2,http://wfrp.ia/resource/reddit/post/1lfczre,ont_domain_score,global_counts,,0.5,False
1lfczre,val,2,http://wfrp.ia/resource/reddit/post/1lfczre,ont_domain_density,global_counts,,0.05263157894736842,True
1li8df3,val,2,http://wfrp.ia/resource/reddit/post/1li8df3,ont_InteligenciaArtificial_Neutro,ai,http://wfrp.ia/dominio/ciencia-tecnologia#InteligenciaArtificial,1.0,False
1li8df3,val,2,http://wfrp.ia/resource/reddit/post/1li8df3,ont_has_ontology_elements,global_counts,,1.0,False
1li8df3,val,2,http://wfrp.ia/resource/reddit/post/1li8df3,ont_count_domain_concepts,global_counts,,1.0,False
1li8df3,val,2,http://wfrp.ia/resource/reddit/post/1li8df3,ont_total_neutro_mentions,global_counts,,1.0,False
1li8df3,val,2,http://wfrp.ia/resource/reddit/post/1li8df3,ont_domain_score,global_counts,,0.5,False
1li8df3,val,2,http://wfrp.ia/resource/reddit/post/1li8df3,ont_domain_density,global_counts,,0.02702702702702703,True
1l7pe7r,val,2,http://wfrp.ia/resource/reddit/post/1l7pe7r,ont_InteligenciaArtificial_Neutro,ai,http://wfrp.ia/dominio/ciencia-tecnologia#InteligenciaArtificial,6.0,False
1l7pe7r,val,2,http://wfrp.ia/resource/reddit/post/1l7pe7r,ont_has_ontology_elements,global_counts,,1.0,False
1l7pe7r,val,2,http://wfrp.ia/resource/reddit/post/1l7pe7r,ont_count_domain_concepts,global_counts,,1.0,False
1l7pe7r,val,2,http://wfrp.ia/resource/reddit/post/1l7pe7r,ont_total_neutro_mentions,global_counts,,6.0,False
1l7pe7r,val,2,http://wfrp.ia/resource/reddit/post/1l7pe7r,ont_domain_score,global_counts,,7.0,False
1l7pe7r,val,2,http://wfrp.ia/resource/reddit/post/1l7pe7r,ont_domain_density,global_counts,,0.007352941176470588,True
1n86xcw,val,1,http://wfrp.ia/resource/reddit/post/1n86xcw,ont_Innovacion_Neutro,innovation,http://wfrp.ia/dominio/ciencia-tecnologia#Innovacion,1.0,True
1n86xcw,val,1,http://wfrp.ia/resource/reddit/post/1n86xcw,ont_has_ontology_elements,global_counts,,1.0,False
1n86xcw,val,1,http://wfrp.ia/resource/reddit/post/1n86xcw,ont_count_domain_concepts,global_counts,,1.0,False
1n86xcw,val,1,http://wfrp.ia/resource/reddit/post/1n86xcw,ont_total_neutro_mentions,global_counts,,1.0,False
1n86xcw,val,1,http://wfrp.ia/resource/reddit/post/1n86xcw,ont_domain_score,global_counts,,1.0,False
1n86xcw,val,1,http://wfrp.ia/resource/reddit/post/1n86xcw,ont_domain_density,global_counts,,0.01639344262295082,True
1neghla,val,2,http://wfrp.ia/resource/reddit/post/1neghla,,,,0.0,False
1ni9lvo,val,2,http://wfrp.ia/resource/reddit/post/1ni9lvo,ont_InteligenciaArtificial_Neutro,ai,http://wfrp.ia/dominio/ciencia-tecnologia#InteligenciaArtificial,3.0,False
1ni9lvo,val,2,http://wfrp.ia/resource/reddit/post/1ni9lvo,ont_Tecnologia_Neutro,technology,http://wfrp.ia/dominio/ciencia-tecnologia#Tecnologia,1.0,True
1ni9lvo,val,2,http://wfrp.ia/resource/reddit/post/1ni9lvo,ont_has_ontology_elements,global_counts,,1.0,False
1ni9lvo,val,2,http://wfrp.ia/resource/reddit/post/1ni9lvo,ont_count_domain_concepts,global_counts,,2.0,False
1ni9lvo,val,2,http://wfrp.ia/resource/reddit/post/1ni9lvo,ont_total_neutro_mentions,global_counts,,4.0,False
1ni9lvo,val,2,http://wfrp.ia/resource/reddit/post/1ni9lvo,ont_domain_score,global_counts,,4.0,False
1ni9lvo,val,2,http://wfrp.ia/resource/reddit/post/1ni9lvo,ont_domain_density,global_counts,,0.023255813953488372,True
1niffpc,val,2,http://wfrp.ia/resource/reddit/post/1niffpc,ont_InteligenciaArtificial_Neutro,ai,http://wfrp.ia/dominio/ciencia-tecnologia#InteligenciaArtificial,2.0,False
1niffpc,val,2,http://wfrp.ia/resource/reddit/post/1niffpc,ont_has_ontology_elements,global_counts,,1.0,False
1niffpc,val,2,http://wfrp.ia/resource/reddit/post/1niffpc,ont_count_domain_concepts,global_counts,,1.0,False
1niffpc,val,2,http://wfrp.ia/resource/reddit/post/1niffpc,ont_total_neutro_mentions,global_counts,,2.0,False
1niffpc,val,2,http://wfrp.ia/resource/reddit/post/1niffpc,ont_domain_score,global_counts,,2.0,False
1niffpc,val,2,http://wfrp.ia/resource/reddit/post/1niffpc,ont_domain_density,global_counts,,0.022727272727272728,True
1nih1do,val,2,http://wfrp.ia/resource/reddit/post/1nih1do,ont_Tecnologia_Neutro,technology,http://wfrp.ia/dominio/ciencia-tecnologia#Tecnologia,3.0,True
1nih1do,val,2,http://wfrp.ia/resource/reddit/post/1nih1do,ont_Innovacion_Neutro,innovation,http://wfrp.ia/dominio/ciencia-tecnologia#Innovacion,1.0,True
1nih1do,val,2,http://wfrp.ia/resource/reddit/post/1nih1do,ont_has_ontology_elements,global_counts,,1.0,False
1nih1do,val,2,http://wfrp.ia/resource/reddit/post/1nih1do,ont_count_domain_concepts,global_counts,,2.0,False
1nih1do,val,2,http://wfrp.ia/resource/reddit/post/1nih1do,ont_total_neutro_mentions,global_counts,,4.0,False
1nih1do,val,2,http://wfrp.ia/resource/reddit/post/1nih1do,ont_domain_score,global_counts,,3.0,False
1nih1do,val,2,http://wfrp.ia/resource/reddit/post/1nih1do,ont_domain_density,global_counts,,0.024691358024691357,True
1nic3fw,val,1,http://wfrp.ia/resource/reddit/post/1nic3fw,ont_Tecnologia_Positivo,technology,http://wfrp.ia/dominio/ciencia-tecnologia#Tecnologia,1.0,False
1nic3fw,val,1,http://wfrp.ia/resource/reddit/post/1nic3fw,ont_Tecnologia_Neutro,technology,http://wfrp.ia/dominio/ciencia-tecnologia#Tecnologia,1.0,True
1nic3fw,val,1,http://wfrp.ia/resource/reddit/post/1nic3fw,ont_Futuro_Neutro,future,http://wfrp.ia/dominio/ciencia-tecnologia#Futuro,3.0,False
1nic3fw,val,1,http://wfrp.ia/resource/reddit/post/1nic3fw,ont_Robot_Neutro,robot,http://wfrp.ia/dominio/ciencia-tecnologia#Robot,5.0,False
1nic3fw,val,1,http://wfrp.ia/resource/reddit/post/1nic3fw,ont_has_ontology_elements,global_counts,,1.0,False
1nic3fw,val,1,http://wfrp.ia/resource/reddit/post/1nic3fw,ont_count_domain_concepts,global_counts,,3.0,False
1nic3fw,val,1,http://wfrp.ia/resource/reddit/post/1nic3fw,ont_total_positivo_mentions,global_counts,,1.0,False
1nic3fw,val,1,http://wfrp.ia/resource/reddit/post/1nic3fw,ont_total_neutro_mentions,global_counts,,9.0,False
1nic3fw,val,1,http://wfrp.ia/resource/reddit/post/1nic3fw,ont_domain_score,global_counts,,6.0,False
1nic3fw,val,1,http://wfrp.ia/resource/reddit/post/1nic3fw,ont_domain_density,global_counts,,0.008064516129032258,True
1njbuuv,val,1,http://wfrp.ia/resource/reddit/post/1njbuuv,ont_Tecnologia_Neutro,technology,http://wfrp.ia/dominio/ciencia-tecnologia#Tecnologia,2.0,True
1njbuuv,val,1,http://wfrp.ia/resource/reddit/post/1njbuuv,ont_has_ontology_elements,global_counts,,1.0,False
1njbuuv,val,1,http://wfrp.ia/resource/reddit/post/1njbuuv,ont_count_domain_concepts,global_counts,,1.0,False
1njbuuv,val,1,http://wfrp.ia/resource/reddit/post/1njbuuv,ont_total_neutro_mentions,global_counts,,2.0,False
1njbuuv,val,1,http://wfrp.ia/resource/reddit/post/1njbuuv,ont_domain_score,global_counts,,1.0,False
1njbuuv,val,1,http://wfrp.ia/resource/reddit/post/1njbuuv,ont_domain_density,global_counts,,0.0070921985815602835,True
1njbthg,val,2,http://wfrp.ia/resource/reddit/post/1njbthg,ont_Tecnologia_Neutro,technology,http://wfrp.ia/dominio/ciencia-tecnologia#Tecnologia,1.0,True
1njbthg,val,2,http://wfrp.ia/resource/reddit/post/1njbthg,ont_has_ontology_elements,global_counts,,1.0,False
1njbthg,val,2,http://wfrp.ia/resource/reddit/post/1njbthg,ont_count_domain_concepts,global_counts,,1.0,False
1njbthg,val,2,http://wfrp.ia/resource/reddit/post/1njbthg,ont_total_neutro_mentions,global_counts,,1.0,False
1njbthg,val,2,http://wfrp.ia/resource/reddit/post/1njbthg,ont_domain_score,global_counts,,1.0,False
1njbthg,val,2,http://wfrp.ia/resource/reddit/post/1njbthg,ont_domain_density,global_counts,,0.024390243902439025,True
1ndp7ep,val,2,http://wfrp.ia/resource/reddit/post/1ndp7ep,ont_Tecnologia_Neutro,technology,http://wfrp.ia/dominio/ciencia-tecnologia#Tecnologia,1.0,True
1ndp7ep,val,2,http://wfrp.ia/resource/reddit/post/1ndp7ep,ont_Futuro_Neutro,future,http://wfrp.ia/dominio/ciencia-tecnologia#Futuro,1.0,False
1ndp7ep,val,2,http://wfrp.ia/resource/reddit/post/1ndp7ep,ont_has_ontology_elements,global_counts,,1.0,False
1ndp7ep,val,2,http://wfrp.ia/resource/reddit/post/1ndp7ep,ont_count_domain_concepts,global_counts,,2.0,False
1ndp7ep,val,2,http://wfrp.ia/resource/reddit/post/1ndp7ep,ont_total_neutro_mentions,global_counts,,2.0,False
1ndp7ep,val,2,http://wfrp.ia/resource/reddit/post/1ndp7ep,ont_domain_score,global_counts,,2.0,False
1ndp7ep,val,2,http://wfrp.ia/resource/reddit/post/1ndp7ep,ont_domain_density,global_counts,,0.03571428571428571,True
1nanssx,val,2,http://wfrp.ia/resource/reddit/post/1nanssx,ont_InteligenciaArtificial_Negativo,ai,http://wfrp.ia/dominio/ciencia-tecnologia#InteligenciaArtificial,1.0,True
1nanssx,val,2,http://wfrp.ia/resource/reddit/post/1nanssx,ont_InteligenciaArtificial_Neutro,ai,http://wfrp.ia/dominio/ciencia-tecnologia#InteligenciaArtificial,4.0,False
1nanssx,val,2,http://wfrp.ia/resource/reddit/post/1nanssx,ont_Automatizacion_Neutro,automation,http://wfrp.ia/dominio/ciencia-tecnologia#Automatizacion,1.0,False
1nanssx,val,2,http://wfrp.ia/resource/reddit/post/1nanssx,ont_has_ontology_elements,global_counts,,1.0,False
1nanssx,val,2,http://wfrp.ia/resource/reddit/post/1nanssx,ont_count_domain_concepts,global_counts,,2.0,False
1nanssx,val,2,http://wfrp.ia/resource/reddit/post/1nanssx,ont_total_negativo_mentions,global_counts,,1.0,True
1nanssx,val,2,http://wfrp.ia/resource/reddit/post/1nanssx,ont_total_neutro_mentions,global_counts,,5.0,False
1nanssx,val,2,http://wfrp.ia/resource/reddit/post/1nanssx,ont_domain_score,global_counts,,6.5,False
1nanssx,val,2,http://wfrp.ia/resource/reddit/post/1nanssx,ont_domain_density,global_counts,,0.014388489208633094,True
1nakq4e,val,1,http://wfrp.ia/resource/reddit/post/1nakq4e,ont_InteligenciaArtificial_Positivo,ai,http://wfrp.ia/dominio/ciencia-tecnologia#InteligenciaArtificial,1.0,False
1nakq4e,val,1,http://wfrp.ia/resource/reddit/post/1nakq4e,ont_InteligenciaArtificial_Neutro,ai,http://wfrp.ia/dominio/ciencia-tecnologia#InteligenciaArtificial,3.0,False
1nakq4e,val,1,http://wfrp.ia/resource/reddit/post/1nakq4e,ont_Futuro_Neutro,future,http://wfrp.ia/dominio/ciencia-tecnologia#Futuro,1.0,False
1nakq4e,val,1,http://wfrp.ia/resource/reddit/post/1nakq4e,ont_has_ontology_elements,global_counts,,1.0,False
1nakq4e,val,1,http://wfrp.ia/resource/reddit/post/1nakq4e,ont_count_domain_concepts,global_counts,,2.0,False
1nakq4e,val,1,http://wfrp.ia/resource/reddit/post/1nakq4e,ont_total_positivo_mentions,global_counts,,1.0,False
1nakq4e,val,1,http://wfrp.ia/resource/reddit/post/1nakq4e,ont_total_neutro_mentions,global_counts,,4.0,False
1nakq4e,val,1,http://wfrp.ia/resource/reddit/post/1nakq4e,ont_domain_score,global_counts,,5.0,False
1nakq4e,val,1,http://wfrp.ia/resource/reddit/post/1nakq4e,ont_domain_density,global_counts,,0.030303030303030304,True
1ncx1qm,val,1,http://wfrp.ia/resource/reddit/post/1ncx1qm,ont_InteligenciaArtificial_Neutro,ai,http://wfrp.ia/dominio/ciencia-tecnologia#InteligenciaArtificial,1.0,False
1ncx1qm,val,1,http://wfrp.ia/resource/reddit/post/1ncx1qm,ont_Futuro_Neutro,future,http://wfrp.ia/dominio/ciencia-tecnologia#Futuro,2.0,False
1ncx1qm,val,1,http://wfrp.ia/resource/reddit/post/1ncx1qm,ont_has_ontology_elements,global_counts,,1.0,False
1ncx1qm,val,1,http://wfrp.ia/resource/reddit/post/1ncx1qm,ont_count_domain_concepts,global_counts,,2.0,False
1ncx1qm,val,1,http://wfrp.ia/resource/reddit/post/1ncx1qm,ont_total_neutro_mentions,global_counts,,3.0,False
1ncx1qm,val,1,http://wfrp.ia/resource/reddit/post/1ncx1qm,ont_domain_score,global_counts,,2.0,False
1ncx1qm,val,1,http://wfrp.ia/resource/reddit/post/1ncx1qm,ont_domain_density,global_counts,,0.01092896174863388,True
1namjo2,val,2,http://wfrp.ia/resource/reddit/post/1namjo2,ont_InteligenciaArtificial_Neutro,ai,http://wfrp.ia/dominio/ciencia-tecnologia#InteligenciaArtificial,1.0,False
1namjo2,val,2,http://wfrp.ia/resource/reddit/post/1namjo2,ont_Tecnologia_Neutro,technology,http://wfrp.ia/dominio/ciencia-tecnologia#Tecnologia,1.0,True
1namjo2,val,2,http://wfrp.ia/resource/reddit/post/1namjo2,ont_has_ontology_elements,global_counts,,1.0,False
1namjo2,val,2,http://wfrp.ia/resource/reddit/post/1namjo2,ont_count_domain_concepts,global_counts,,2.0,False
1namjo2,val,2,http://wfrp.ia/resource/reddit/post/1namjo2,ont_total_neutro_mentions,global_counts,,2.0,False
1namjo2,val,2,http://wfrp.ia/resource/reddit/post/1namjo2,ont_domain_score,global_counts,,2.0,False
1namjo2,val,2,http://wfrp.ia/resource/reddit/post/1namjo2,ont_domain_density,global_counts,,0.05714285714285714,True
1n9xt56,val,2,http://wfrp.ia/resource/reddit/post/1n9xt56,ont_InteligenciaArtificial_Positivo,ai,http://wfrp.ia/dominio/ciencia-tecnologia#InteligenciaArtificial,1.0,False
1n9xt56,val,2,http://wfrp.ia/resource/reddit/post/1n9xt56,ont_InteligenciaArtificial_Neutro,ai,http://wfrp.ia/dominio/ciencia-tecnologia#InteligenciaArtificial,6.0,False
1n9xt56,val,2,http://wfrp.ia/resource/reddit/post/1n9xt56,ont_Tecnologia_Neutro,technology,http://wfrp.ia/dominio/ciencia-tecnologia#Tecnologia,1.0,True
1n9xt56,val,2,http://wfrp.ia/resource/reddit/post/1n9xt56,ont_has_ontology_elements,global_counts,,1.0,False
1n9xt56,val,2,http://wfrp.ia/resource/reddit/post/1n9xt56,ont_count_domain_concepts,global_counts,,2.0,False
1n9xt56,val,2,http://wfrp.ia/resource/reddit/post/1n9xt56,ont_total_positivo_mentions,global_counts,,1.0,False
1n9xt56,val,2,http://wfrp.ia/resource/reddit/post/1n9xt56,ont_total_neutro_mentions,global_counts,,7.0,False
1n9xt56,val,2,http://wfrp.ia/resource/reddit/post/1n9xt56,ont_domain_score,global_counts,,8.0,False
1n9xt56,val,2,http://wfrp.ia/resource/reddit/post/1n9xt56,ont_domain_density,global_counts,,0.0058823529411764705,True
1n9sxx1,val,1,http://wfrp.ia/resource/reddit/post/1n9sxx1,ont_InteligenciaArtificial_Neutro,ai,http://wfrp.ia/dominio/ciencia-tecnologia#InteligenciaArtificial,2.0,False
1n9sxx1,val,1,http://wfrp.ia/resource/reddit/post/1n9sxx1,ont_has_ontology_elements,global_counts,,1.0,False
1n9sxx1,val,1,http://wfrp.ia/resource/reddit/post/1n9sxx1,ont_count_domain_concepts,global_counts,,1.0,False
1n9sxx1,val,1,http://wfrp.ia/resource/reddit/post/1n9sxx1,ont_total_neutro_mentions,global_counts,,2.0,False
1n9sxx1,val,1,http://wfrp.ia/resource/reddit/post/1n9sxx1,ont_domain_score,global_counts,,2.0,False
1n9sxx1,val,1,http://wfrp.ia/resource/reddit/post/1n9sxx1,ont_domain_density,global_counts,,0.02127659574468085,True
1na0ey1,val,2,http://wfrp.ia/resource/reddit/post/1na0ey1,ont_InteligenciaArtificial_Neutro,ai,http://wfrp.ia/dominio/ciencia-tecnologia#InteligenciaArtificial,1.0,False
1na0ey1,val,2,http://wfrp.ia/resource/reddit/post/1na0ey1,ont_Tecnologia_Neutro,technology,http://wfrp.ia/dominio/ciencia-tecnologia#Tecnologia,1.0,True
1na0ey1,val,2,http://wfrp.ia/resource/reddit/post/1na0ey1,ont_has_ontology_elements,global_counts,,1.0,False
1na0ey1,val,2,http://wfrp.ia/resource/reddit/post/1na0ey1,ont_count_domain_concepts,global_counts,,2.0,False
1na0ey1,val,2,http://wfrp.ia/resource/reddit/post/1na0ey1,ont_total_neutro_mentions,global_counts,,2.0,False
1na0ey1,val,2,http://wfrp.ia/resource/reddit/post/1na0ey1,ont_domain_score,global_counts,,2.0,False
1na0ey1,val,2,http://wfrp.ia/resource/reddit/post/1na0ey1,ont_domain_density,global_counts,,0.05555555555555555,True
1n9vpmu,val,0,http://wfrp.ia/resource/reddit/post/1n9vpmu,ont_InteligenciaArtificial_Neutro,ai,http://wfrp.ia/dominio/ciencia-tecnologia#InteligenciaArtificial,3.0,False
1n9vpmu,val,0,http://wfrp.ia/resource/reddit/post/1n9vpmu,ont_has_ontology_elements,global_counts,,1.0,False
1n9vpmu,val,0,http://wfrp.ia/resource/reddit/post/1n9vpmu,ont_count_domain_concepts,global_counts,,1.0,False
1n9vpmu,val,0,http://wfrp.ia/resource/reddit/post/1n9vpmu,ont_total_neutro_mentions,global_counts,,3.0,False
1n9vpmu,val,0,http://wfrp.ia/resource/reddit/post/1n9vpmu,ont_domain_score,global_counts,,3.0,False
1n9vpmu,val,0,http://wfrp.ia/resource/reddit/post/1n9vpmu,ont_domain_density,global_counts,,0.02040816326530612,True
1nhi43i,val,1,http://wfrp.ia/resource/reddit/post/1nhi43i,ont_InteligenciaArtificial_Neutro,ai,http://wfrp.ia/dominio/ciencia-tecnologia#InteligenciaArtificial,1.0,False
1nhi43i,val,1,http://wfrp.ia/resource/reddit/post/1nhi43i,ont_Tecnologia_Neutro,technology,http://wfrp.ia/dominio/ciencia-tecnologia#Tecnologia,1.0,True
1nhi43i,val,1,http://wfrp.ia/resource/reddit/post/1nhi43i,ont_Futuro_Neutro,future,http://wfrp.ia/dominio/ciencia-tecnologia#Futuro,2.0,False
1nhi43i,val,1,http://wfrp.ia/resource/reddit/post/1nhi43i,ont_has_ontology_elements,global_counts,,1.0,False
1nhi43i,val,1,http://wfrp.ia/resource/reddit/post/1nhi43i,ont_count_domain_concepts,global_counts,,3.0,False
1nhi43i,val,1,http://wfrp.ia/resource/reddit/post/1nhi43i,ont_total_neutro_mentions,global_counts,,4.0,False
1nhi43i,val,1,http://wfrp.ia/resource/reddit/post/1nhi43i,ont_domain_score,global_counts,,4.0,False
1nhi43i,val,1,http://wfrp.ia/resource/reddit/post/1nhi43i,ont_domain_density,global_counts,,0.0234375,True
1nhsc56,val,2,http://wfrp.ia/resource/reddit/post/1nhsc56,ont_InteligenciaArtificial_Neutro,ai,http://wfrp.ia/dominio/ciencia-tecnologia#InteligenciaArtificial,1.0,False
1nhsc56,val,2,http://wfrp.ia/resource/reddit/post/1nhsc56,ont_Futuro_Neutro,future,http://wfrp.ia/dominio/ciencia-tecnologia#Futuro,1.0,False
1nhsc56,val,2,http://wfrp.ia/resource/reddit/post/1nhsc56,ont_has_ontology_elements,global_counts,,1.0,False
1nhsc56,val,2,http://wfrp.ia/resource/reddit/post/1nhsc56,ont_count_domain_concepts,global_counts,,2.0,False
1nhsc56,val,2,http://wfrp.ia/resource/reddit/post/1nhsc56,ont_total_neutro_mentions,global_counts,,2.0,False
1nhsc56,val,2,http://wfrp.ia/resource/reddit/post/1nhsc56,ont_domain_score,global_counts,,2.0,False
1nhsc56,val,2,http://wfrp.ia/resource/reddit/post/1nhsc56,ont_domain_density,global_counts,,0.017857142857142856,True
1nhffbu,val,2,http://wfrp.ia/resource/reddit/post/1nhffbu,ont_Futuro_Neutro,future,http://wfrp.ia/dominio/ciencia-tecnologia#Futuro,1.0,False
1nhffbu,val,2,http://wfrp.ia/resource/reddit/post/1nhffbu,ont_Etica_Positivo,ethics,http://wfrp.ia/dominio/ciencia-tecnologia#Etica,1.0,False
1nhffbu,val,2,http://wfrp.ia/resource/reddit/post/1nhffbu,ont_has_ontology_elements,global_counts,,1.0,False
1nhffbu,val,2,http://wfrp.ia/resource/reddit/post/1nhffbu,ont_count_domain_concepts,global_counts,,2.0,False
1nhffbu,val,2,http://wfrp.ia/resource/reddit/post/1nhffbu,ont_total_positivo_mentions,global_counts,,1.0,False
1nhffbu,val,2,http://wfrp.ia/resource/reddit/post/1nhffbu,ont_total_neutro_mentions,global_counts,,1.0,False
1nhffbu,val,2,http://wfrp.ia/resource/reddit/post/1nhffbu,ont_domain_score,global_counts,,2.0,False
1nhffbu,val,2,http://wfrp.ia/resource/reddit/post/1nhffbu,ont_domain_density,global_counts,,0.00904977375565611,True
1nhtjfa,val,2,http://wfrp.ia/resource/reddit/post/1nhtjfa,ont_InteligenciaArtificial_Positivo,ai,http://wfrp.ia/dominio/ciencia-tecnologia#InteligenciaArtificial,1.0,False
1nhtjfa,val,2,http://wfrp.ia/resource/reddit/post/1nhtjfa,ont_InteligenciaArtificial_Neutro,ai,http://wfrp.ia/dominio/ciencia-tecnologia#InteligenciaArtificial,5.0,False
1nhtjfa,val,2,http://wfrp.ia/resource/reddit/post/1nhtjfa,ont_has_ontology_elements,global_counts,,1.0,False
1nhtjfa,val,2,http://wfrp.ia/resource/reddit/post/1nhtjfa,ont_count_domain_concepts,global_counts,,1.0,False
1nhtjfa,val,2,http://wfrp.ia/resource/reddit/post/1nhtjfa,ont_total_positivo_mentions,global_counts,,1.0,False
1nhtjfa,val,2,http://wfrp.ia/resource/reddit/post/1nhtjfa,ont_total_neutro_mentions,global_counts,,5.0,False
1nhtjfa,val,2,http://wfrp.ia/resource/reddit/post/1nhtjfa,ont_domain_score,global_counts,,6.0,False
1nhtjfa,val,2,http://wfrp.ia/resource/reddit/post/1nhtjfa,ont_domain_density,global_counts,,0.0018018018018018018,True
1nfe7l5,val,2,http://wfrp.ia/resource/reddit/post/1nfe7l5,ont_Futuro_Neutro,future,http://wfrp.ia/dominio/ciencia-tecnologia#Futuro,2.0,False
1nfe7l5,val,2,http://wfrp.ia/resource/reddit/post/1nfe7l5,ont_has_ontology_elements,global_counts,,1.0,False
1nfe7l5,val,2,http://wfrp.ia/resource/reddit/post/1nfe7l5,ont_count_domain_concepts,global_counts,,1.0,False
1nfe7l5,val,2,http://wfrp.ia/resource/reddit/post/1nfe7l5,ont_total_neutro_mentions,global_counts,,2.0,False
1nfe7l5,val,2,http://wfrp.ia/resource/reddit/post/1nfe7l5,ont_domain_score,global_counts,,1.0,False
1nfe7l5,val,2,http://wfrp.ia/resource/reddit/post/1nfe7l5,ont_domain_density,global_counts,,0.00625,True
1nhxh5e,val,2,http://wfrp.ia/resource/reddit/post/1nhxh5e,ont_Futuro_Neutro,future,http://wfrp.ia/dominio/ciencia-tecnologia#Futuro,1.0,False
1nhxh5e,val,2,http://wfrp.ia/resource/reddit/post/1nhxh5e,ont_has_ontology_elements,global_counts,,1.0,False
1nhxh5e,val,2,http://wfrp.ia/resource/reddit/post/1nhxh5e,ont_count_domain_concepts,global_counts,,1.0,False
1nhxh5e,val,2,http://wfrp.ia/resource/reddit/post/1nhxh5e,ont_total_neutro_mentions,global_counts,,1.0,False
1nhxh5e,val,2,http://wfrp.ia/resource/reddit/post/1nhxh5e,ont_domain_score,global_counts,,1.0,False
1nhxh5e,val,2,http://wfrp.ia/resource/reddit/post/1nhxh5e,ont_domain_density,global_counts,,0.013157894736842105,True
1ngfzep,val,2,http://wfrp.ia/resource/reddit/post/1ngfzep,ont_InteligenciaArtificial_Positivo,ai,http://wfrp.ia/dominio/ciencia-tecnologia#InteligenciaArtificial,1.0,False
1ngfzep,val,2,http://wfrp.ia/resource/reddit/post/1ngfzep,ont_InteligenciaArtificial_Neutro,ai,http://wfrp.ia/dominio/ciencia-tecnologia#InteligenciaArtificial,1.0,False
1ngfzep,val,2,http://wfrp.ia/resource/reddit/post/1ngfzep,ont_has_ontology_elements,global_counts,,1.0,False
1ngfzep,val,2,http://wfrp.ia/resource/reddit/post/1ngfzep,ont_count_domain_concepts,global_counts,,1.0,False
1ngfzep,val,2,http://wfrp.ia/resource/reddit/post/1ngfzep,ont_total_positivo_mentions,global_counts,,1.0,False
1ngfzep,val,2,http://wfrp.ia/resource/reddit/post/1ngfzep,ont_total_neutro_mentions,global_counts,,1.0,False
1ngfzep,val,2,http://wfrp.ia/resource/reddit/post/1ngfzep,ont_domain_score,global_counts,,2.0,False
1ngfzep,val,2,http://wfrp.ia/resource/reddit/post/1ngfzep,ont_domain_density,global_counts,,0.008333333333333333,True
1nftqce,val,1,http://wfrp.ia/resource/reddit/post/1nftqce,ont_InteligenciaArtificial_Neutro,ai,http://wfrp.ia/dominio/ciencia-tecnologia#InteligenciaArtificial,2.0,False
1nftqce,val,1,http://wfrp.ia/resource/reddit/post/1nftqce,ont_has_ontology_elements,global_counts,,1.0,False
1nftqce,val,1,http://wfrp.ia/resource/reddit/post/1nftqce,ont_count_domain_concepts,global_counts,,1.0,False
1nftqce,val,1,http://wfrp.ia/resource/reddit/post/1nftqce,ont_total_neutro_mentions,global_counts,,2.0,False
1nftqce,val,1,http://wfrp.ia/resource/reddit/post/1nftqce,ont_domain_score,global_counts,,1.5,False
1nftqce,val,1,http://wfrp.ia/resource/reddit/post/1nftqce,ont_domain_density,global_counts,,0.037037037037037035,True
1nfri22,val,1,http://wfrp.ia/resource/reddit/post/1nfri22,ont_InteligenciaArtificial_Neutro,ai,http://wfrp.ia/dominio/ciencia-tecnologia#InteligenciaArtificial,3.0,False
1nfri22,val,1,http://wfrp.ia/resource/reddit/post/1nfri22,ont_has_ontology_elements,global_counts,,1.0,False
1nfri22,val,1,http://wfrp.ia/resource/reddit/post/1nfri22,ont_count_domain_concepts,global_counts,,1.0,False
1nfri22,val,1,http://wfrp.ia/resource/reddit/post/1nfri22,ont_total_neutro_mentions,global_counts,,3.0,False
1nfri22,val,1,http://wfrp.ia/resource/reddit/post/1nfri22,ont_domain_score,global_counts,,2.5,False
1nfri22,val,1,http://wfrp.ia/resource/reddit/post/1nfri22,ont_domain_density,global_counts,,0.041666666666666664,True
1nfu7sm,val,1,http://wfrp.ia/resource/reddit/post/1nfu7sm,ont_has_ontology_elements,global_counts,,1.0,False
1nfu7sm,val,1,http://wfrp.ia/resource/reddit/post/1nfu7sm,ont_count_domain_concepts,global_counts,,3.0,False
1nfu7sm,val,1,http://wfrp.ia/resource/reddit/post/1nfu7sm,ont_domain_score,global_counts,,3.0,False
1nfu7sm,val,1,http://wfrp.ia/resource/reddit/post/1nfu7sm,ont_domain_density,global_counts,,0.01775147928994083,True
1nh34q8,val,1,http://wfrp.ia/resource/reddit/post/1nh34q8,ont_InteligenciaArtificial_Positivo,ai,http://wfrp.ia/dominio/ciencia-tecnologia#InteligenciaArtificial,1.0,False
1nh34q8,val,1,http://wfrp.ia/resource/reddit/post/1nh34q8,ont_InteligenciaArtificial_Neutro,ai,http://wfrp.ia/dominio/ciencia-tecnologia#InteligenciaArtificial,1.0,False
1nh34q8,val,1,http://wfrp.ia/resource/reddit/post/1nh34q8,ont_Futuro_Neutro,future,http://wfrp.ia/dominio/ciencia-tecnologia#Futuro,1.0,False
1nh34q8,val,1,http://wfrp.ia/resource/reddit/post/1nh34q8,ont_has_ontology_elements,global_counts,,1.0,False
1nh34q8,val,1,http://wfrp.ia/resource/reddit/post/1nh34q8,ont_count_domain_concepts,global_counts,,2.0,False
1nh34q8,val,1,http://wfrp.ia/resource/reddit/post/1nh34q8,ont_total_positivo_mentions,global_counts,,1.0,False
1nh34q8,val,1,http://wfrp.ia/resource/reddit/post/1nh34q8,ont_total_neutro_mentions,global_counts,,2.0,False
1nh34q8,val,1,http://wfrp.ia/resource/reddit/post/1nh34q8,ont_domain_score,global_counts,,3.0,False
1nh34q8,val,1,http://wfrp.ia/resource/reddit/post/1nh34q8,ont_domain_density,global_counts,,0.0045871559633027525,True
1ngmlwz,val,0,http://wfrp.ia/resource/reddit/post/1ngmlwz,ont_InteligenciaArtificial_Neutro,ai,http://wfrp.ia/dominio/ciencia-tecnologia#InteligenciaArtificial,1.0,False
1ngmlwz,val,0,http://wfrp.ia/resource/reddit/post/1ngmlwz,ont_has_ontology_elements,global_counts,,1.0,False
1ngmlwz,val,0,http://wfrp.ia/resource/reddit/post/1ngmlwz,ont_count_domain_concepts,global_counts,,1.0,False
1ngmlwz,val,0,http://wfrp.ia/resource/reddit/post/1ngmlwz,ont_total_neutro_mentions,global_counts,,1.0,False
1ngmlwz,val,0,http://wfrp.ia/resource/reddit/post/1ngmlwz,ont_domain_score,global_counts,,1.0,False
1ngmlwz,val,0,http://wfrp.ia/resource/reddit/post/1ngmlwz,ont_domain_density,global_counts,,0.010101010101010102,True
1nfq80i,val,1,http://wfrp.ia/resource/reddit/post/1nfq80i,ont_InteligenciaArtificial_Neutro,ai,http://wfrp.ia/dominio/ciencia-tecnologia#InteligenciaArtificial,1.0,False
1nfq80i,val,1,http://wfrp.ia/resource/reddit/post/1nfq80i,ont_has_ontology_elements,global_counts,,1.0,False
1nfq80i,val,1,http://wfrp.ia/resource/reddit/post/1nfq80i,ont_count_domain_concepts,global_counts,,1.0,False
1nfq80i,val,1,http://wfrp.ia/resource/reddit/post/1nfq80i,ont_total_neutro_mentions,global_counts,,1.0,False
1nfq80i,val,1,http://wfrp.ia/resource/reddit/post/1nfq80i,ont_domain_score,global_counts,,1.0,False
1nfq80i,val,1,http://wfrp.ia/resource/reddit/post/1nfq80i,ont_domain_density,global_counts,,0.1,True
1nh0n0e,val,2,http://wfrp.ia/resource/reddit/post/1nh0n0e,ont_Tecnologia_Neutro,technology,http://wfrp.ia/dominio/ciencia-tecnologia#Tecnologia,1.0,True
1nh0n0e,val,2,http://wfrp.ia/resource/reddit/post/1nh0n0e,ont_Futuro_Neutro,future,http://wfrp.ia/dominio/ciencia-tecnologia#Futuro,2.0,False
1nh0n0e,val,2,http://wfrp.ia/resource/reddit/post/1nh0n0e,ont_has_ontology_elements,global_counts,,1.0,False
1nh0n0e,val,2,http://wfrp.ia/resource/reddit/post/1nh0n0e,ont_count_domain_concepts,global_counts,,2.0,False
1nh0n0e,val,2,http://wfrp.ia/resource/reddit/post/1nh0n0e,ont_total_neutro_mentions,global_counts,,3.0,False
1nh0n0e,val,2,http://wfrp.ia/resource/reddit/post/1nh0n0e,ont_domain_score,global_counts,,2.0,False
1nh0n0e,val,2,http://wfrp.ia/resource/reddit/post/1nh0n0e,ont_domain_density,global_counts,,0.021505376344086023,True
1ngywjm,val,2,http://wfrp.ia/resource/reddit/post/1ngywjm,ont_InteligenciaArtificial_Positivo,ai,http://wfrp.ia/dominio/ciencia-tecnologia#InteligenciaArtificial,1.0,False
1ngywjm,val,2,http://wfrp.ia/resource/reddit/post/1ngywjm,ont_InteligenciaArtificial_Neutro,ai,http://wfrp.ia/dominio/ciencia-tecnologia#InteligenciaArtificial,6.0,False
1ngywjm,val,2,http://wfrp.ia/resource/reddit/post/1ngywjm,ont_Robot_Positivo,robot,http://wfrp.ia/dominio/ciencia-tecnologia#Robot,1.0,False
1ngywjm,val,2,http://wfrp.ia/resource/reddit/post/1ngywjm,ont_Robot_Neutro,robot,http://wfrp.ia/dominio/ciencia-tecnologia#Robot,9.0,False
1ngywjm,val,2,http://wfrp.ia/resource/reddit/post/1ngywjm,ont_Automatizacion_Neutro,automation,http://wfrp.ia/dominio/ciencia-tecnologia#Automatizacion,4.0,False
1ngywjm,val,2,http://wfrp.ia/resource/reddit/post/1ngywjm,ont_has_ontology_elements,global_counts,,1.0,False
1ngywjm,val,2,http://wfrp.ia/resource/reddit/post/1ngywjm,ont_count_domain_concepts,global_counts,,3.0,False
1ngywjm,val,2,http://wfrp.ia/resource/reddit/post/1ngywjm,ont_total_positivo_mentions,global_counts,,2.0,False
1ngywjm,val,2,http://wfrp.ia/resource/reddit/post/1ngywjm,ont_total_neutro_mentions,global_counts,,19.0,False
1ngywjm,val,2,http://wfrp.ia/resource/reddit/post/1ngywjm,ont_domain_score,global_counts,,13.5,False
1ngywjm,val,2,http://wfrp.ia/resource/reddit/post/1ngywjm,ont_domain_density,global_counts,,0.007444168734491315,True
1ngrmc4,val,0,http://wfrp.ia/resource/reddit/post/1ngrmc4,ont_InteligenciaArtificial_Positivo,ai,http://wfrp.ia/dominio/ciencia-tecnologia#InteligenciaArtificial,1.0,False
1ngrmc4,val,0,http://wfrp.ia/resource/reddit/post/1ngrmc4,ont_InteligenciaArtificial_Neutro,ai,http://wfrp.ia/dominio/ciencia-tecnologia#InteligenciaArtificial,6.0,False
1ngrmc4,val,0,http://wfrp.ia/resource/reddit/post/1ngrmc4,ont_Futuro_Neutro,future,http://wfrp.ia/dominio/ciencia-tecnologia#Futuro,2.0,False
1ngrmc4,val,0,http://wfrp.ia/resource/reddit/post/1ngrmc4,ont_Etica_Positivo,ethics,http://wfrp.ia/dominio/ciencia-tecnologia#Etica,1.0,False
1ngrmc4,val,0,http://wfrp.ia/resource/reddit/post/1ngrmc4,ont_has_ontology_elements,global_counts,,1.0,False
1ngrmc4,val,0,http://wfrp.ia/resource/reddit/post/1ngrmc4,ont_count_domain_concepts,global_counts,,4.0,False
1ngrmc4,val,0,http://wfrp.ia/resource/reddit/post/1ngrmc4,ont_total_positivo_mentions,global_counts,,2.0,False
1ngrmc4,val,0,http://wfrp.ia/resource/reddit/post/1ngrmc4,ont_total_neutro_mentions,global_counts,,8.0,False
1ngrmc4,val,0,http://wfrp.ia/resource/reddit/post/1ngrmc4,ont_domain_score,global_counts,,10.0,False
1ngrmc4,val,0,http://wfrp.ia/resource/reddit/post/1ngrmc4,ont_domain_density,global_counts,,0.004540295119182747,True
1ngvs56,val,2,http://wfrp.ia/resource/reddit/post/1ngvs56,ont_InteligenciaArtificial_Neutro,ai,http://wfrp.ia/dominio/ciencia-tecnologia#InteligenciaArtificial,1.0,False
1ngvs56,val,2,http://wfrp.ia/resource/reddit/post/1ngvs56,ont_AprendizajeAutomatico_Neutro,ml,http://wfrp.ia/dominio/ciencia-tecnologia#AprendizajeAutomatico,1.0,False
1ngvs56,val,2,http://wfrp.ia/resource/reddit/post/1ngvs56,ont_Futuro_Neutro,future,http://wfrp.ia/dominio/ciencia-tecnologia#Futuro,1.0,False
1ngvs56,val,2,http://wfrp.ia/resource/reddit/post/1ngvs56,ont_has_ontology_elements,global_counts,,1.0,False
1ngvs56,val,2,http://wfrp.ia/resource/reddit/post/1ngvs56,ont_count_domain_concepts,global_counts,,3.0,False
1ngvs56,val,2,http://wfrp.ia/resource/reddit/post/1ngvs56,ont_total_neutro_mentions,global_counts,,3.0,False
1ngvs56,val,2,http://wfrp.ia/resource/reddit/post/1ngvs56,ont_domain_score,global_counts,,2.5,False
1ngvs56,val,2,http://wfrp.ia/resource/reddit/post/1ngvs56,ont_domain_density,global_counts,,0.10344827586206896,True
1ndndlc,val,2,http://wfrp.ia/resource/reddit/post/1ndndlc,ont_Datos_Neutro,data,http://wfrp.ia/dominio/ciencia-tecnologia#Datos,1.0,False
1ndndlc,val,2,http://wfrp.ia/resource/reddit/post/1ndndlc,ont_has_ontology_elements,global_counts,,1.0,False
1ndndlc,val,2,http://wfrp.ia/resource/reddit/post/1ndndlc,ont_count_domain_concepts,global_counts,,1.0,False
1ndndlc,val,2,http://wfrp.ia/resource/reddit/post/1ndndlc,ont_total_neutro_mentions,global_counts,,1.0,False
1ndndlc,val,2,http://wfrp.ia/resource/reddit/post/1ndndlc,ont_domain_score,global_counts,,1.0,False
1ndndlc,val,2,http://wfrp.ia/resource/reddit/post/1ndndlc,ont_domain_density,global_counts,,0.125,True
1nb37ya,val,2,http://wfrp.ia/resource/reddit/post/1nb37ya,ont_Futuro_Neutro,future,http://wfrp.ia/dominio/ciencia-tecnologia#Futuro,1.0,False
1nb37ya,val,2,http://wfrp.ia/resource/reddit/post/1nb37ya,ont_has_ontology_elements,global_counts,,1.0,False
1nb37ya,val,2,http://wfrp.ia/resource/reddit/post/1nb37ya,ont_count_domain_concepts,global_counts,,1.0,False
1nb37ya,val,2,http://wfrp.ia/resource/reddit/post/1nb37ya,ont_total_neutro_mentions,global_counts,,1.0,False
1nb37ya,val,2,http://wfrp.ia/resource/reddit/post/1nb37ya,ont_domain_score,global_counts,,1.0,False
1nb37ya,val,2,http://wfrp.ia/resource/reddit/post/1nb37ya,ont_domain_density,global_counts,,0.08333333333333333,True
1n5rb2m,val,2,http://wfrp.ia/resource/reddit/post/1n5rb2m,ont_InteligenciaArtificial_Neutro,ai,http://wfrp.ia/dominio/ciencia-tecnologia#InteligenciaArtificial,1.0,False
1n5rb2m,val,2,http://wfrp.ia/resource/reddit/post/1n5rb2m,ont_has_ontology_elements,global_counts,,1.0,False
1n5rb2m,val,2,http://wfrp.ia/resource/reddit/post/1n5rb2m,ont_count_domain_concepts,global_counts,,1.0,False
1n5rb2m,val,2,http://wfrp.ia/resource/reddit/post/1n5rb2m,ont_total_neutro_mentions,global_counts,,1.0,False
1n5rb2m,val,2,http://wfrp.ia/resource/reddit/post/1n5rb2m,ont_domain_score,global_counts,,1.0,False
1n5rb2m,val,2,http://wfrp.ia/resource/reddit/post/1n5rb2m,ont_domain_density,global_counts,,0.043478260869565216,True
1n8xbei,val,2,http://wfrp.ia/resource/reddit/post/1n8xbei,,,,0.0,False
1n8x0b9,val,0,http://wfrp.ia/resource/reddit/post/1n8x0b9,ont_InteligenciaArtificial_Neutro,ai,http://wfrp.ia/dominio/ciencia-tecnologia#InteligenciaArtificial,1.0,False
1n8x0b9,val,0,http://wfrp.ia/resource/reddit/post/1n8x0b9,ont_has_ontology_elements,global_counts,,1.0,False
1n8x0b9,val,0,http://wfrp.ia/resource/reddit/post/1n8x0b9,ont_count_domain_concepts,global_counts,,1.0,False
1n8x0b9,val,0,http://wfrp.ia/resource/reddit/post/1n8x0b9,ont_total_neutro_mentions,global_counts,,1.0,False
1n8x0b9,val,0,http://wfrp.ia/resource/reddit/post/1n8x0b9,ont_domain_score,global_counts,,1.0,False
1n8x0b9,val,0,http://wfrp.ia/resource/reddit/post/1n8x0b9,ont_domain_density,global_counts,,0.1,True
1nih944,val,2,http://wfrp.ia/resource/reddit/post/1nih944,ont_Innovacion_Neutro,innovation,http://wfrp.ia/dominio/ciencia-tecnologia#Innovacion,1.0,True
1nih944,val,2,http://wfrp.ia/resource/reddit/post/1nih944,ont_has_ontology_elements,global_counts,,1.0,False
1nih944,val,2,http://wfrp.ia/resource/reddit/post/1nih944,ont_count_domain_concepts,global_counts,,1.0,False
1nih944,val,2,http://wfrp.ia/resource/reddit/post/1nih944,ont_total_neutro_mentions,global_counts,,1.0,False
1nih944,val,2,http://wfrp.ia/resource/reddit/post/1nih944,ont_domain_score,global_counts,,1.0,False
1nih944,val,2,http://wfrp.ia/resource/reddit/post/1nih944,ont_domain_density,global_counts,,0.1111111111111111,True
1njjq0r,val,1,http://wfrp.ia/resource/reddit/post/1njjq0r,ont_InteligenciaArtificial_Neutro,ai,http://wfrp.ia/dominio/ciencia-tecnologia#InteligenciaArtificial,1.0,False
1njjq0r,val,1,http://wfrp.ia/resource/reddit/post/1njjq0r,ont_has_ontology_elements,global_counts,,1.0,False
1njjq0r,val,1,http://wfrp.ia/resource/reddit/post/1njjq0r,ont_count_domain_concepts,global_counts,,1.0,False
1njjq0r,val,1,http://wfrp.ia/resource/reddit/post/1njjq0r,ont_total_neutro_mentions,global_counts,,1.0,False
1njjq0r,val,1,http://wfrp.ia/resource/reddit/post/1njjq0r,ont_domain_score,global_counts,,1.0,False
1njjq0r,val,1,http://wfrp.ia/resource/reddit/post/1njjq0r,ont_domain_density,global_counts,,0.08333333333333333,True
1ndbsfo,val,2,http://wfrp.ia/resource/reddit/post/1ndbsfo,ont_Innovacion_Neutro,innovation,http://wfrp.ia/dominio/ciencia-tecnologia#Innovacion,1.0,True
1ndbsfo,val,2,http://wfrp.ia/resource/reddit/post/1ndbsfo,ont_has_ontology_elements,global_counts,,1.0,False
1ndbsfo,val,2,http://wfrp.ia/resource/reddit/post/1ndbsfo,ont_count_domain_concepts,global_counts,,1.0,False
1ndbsfo,val,2,http://wfrp.ia/resource/reddit/post/1ndbsfo,ont_total_neutro_mentions,global_counts,,1.0,False
1ndbsfo,val,2,http://wfrp.ia/resource/reddit/post/1ndbsfo,ont_domain_score,global_counts,,1.0,False
1ndbsfo,val,2,http://wfrp.ia/resource/reddit/post/1ndbsfo,ont_domain_density,global_counts,,0.08333333333333333,True
1nbvuyz,val,0,http://wfrp.ia/resource/reddit/post/1nbvuyz,,,,0.0,False
1n5wbo1,val,2,http://wfrp.ia/resource/reddit/post/1n5wbo1,ont_Tecnologia_Neutro,technology,http://wfrp.ia/dominio/ciencia-tecnologia#Tecnologia,1.0,True
1n5wbo1,val,2,http://wfrp.ia/resource/reddit/post/1n5wbo1,ont_has_ontology_elements,global_counts,,1.0,False
1n5wbo1,val,2,http://wfrp.ia/resource/reddit/post/1n5wbo1,ont_count_domain_concepts,global_counts,,1.0,False
1n5wbo1,val,2,http://wfrp.ia/resource/reddit/post/1n5wbo1,ont_total_neutro_mentions,global_counts,,1.0,False
1n5wbo1,val,2,http://wfrp.ia/resource/reddit/post/1n5wbo1,ont_domain_score,global_counts,,1.0,False
1n5wbo1,val,2,http://wfrp.ia/resource/reddit/post/1n5wbo1,ont_domain_density,global_counts,,0.03125,True
1n51ou6,val,2,http://wfrp.ia/resource/reddit/post/1n51ou6,ont_Tecnologia_Neutro,technology,http://wfrp.ia/dominio/ciencia-tecnologia#Tecnologia,1.0,True
1n51ou6,val,2,http://wfrp.ia/resource/reddit/post/1n51ou6,ont_has_ontology_elements,global_counts,,1.0,False
1n51ou6,val,2,http://wfrp.ia/resource/reddit/post/1n51ou6,ont_count_domain_concepts,global_counts,,1.0,False
1n51ou6,val,2,http://wfrp.ia/resource/reddit/post/1n51ou6,ont_total_neutro_mentions,global_counts,,1.0,False
1n51ou6,val,2,http://wfrp.ia/resource/reddit/post/1n51ou6,ont_domain_score,global_counts,,1.0,False
1n51ou6,val,2,http://wfrp.ia/resource/reddit/post/1n51ou6,ont_domain_density,global_counts,,0.07142857142857142,True
1n1plgb,test,0,http://wfrp.ia/resource/reddit/post/1n1plgb,ont_has_ontology_elements,global_counts,,1.0,False
1n1plgb,test,0,http://wfrp.ia/resource/reddit/post/1n1plgb,ont_count_domain_concepts,global_counts,,2.0,False
1n1plgb,test,0,http://wfrp.ia/resource/reddit/post/1n1plgb,ont_domain_score,global_counts,,2.0,False
1n1plgb,test,0,http://wfrp.ia/resource/reddit/post/1n1plgb,ont_domain_density,global_counts,,0.0111731843575419,True
1n02v38,test,2,http://wfrp.ia/resource/reddit/post/1n02v38,ont_Tecnologia_Neutro,technology,http://wfrp.ia/dominio/ciencia-tecnologia#Tecnologia,1.0,True
1n02v38,test,2,http://wfrp.ia/resource/reddit/post/1n02v38,ont_has_ontology_elements,global_counts,,1.0,False
1n02v38,test,2,http://wfrp.ia/resource/reddit/post/1n02v38,ont_count_domain_concepts,global_counts,,1.0,False
1n02v38,test,2,http://wfrp.ia/resource/reddit/post/1n02v38,ont_total_neutro_mentions,global_counts,,1.0,False
1n02v38,test,2,http://wfrp.ia/resource/reddit/post/1n02v38,ont_domain_score,global_counts,,1.0,False
1n02v38,test,2,http://wfrp.ia/resource/reddit/post/1n02v38,ont_domain_density,global_counts,,0.09090909090909091,True
1mvw1s2,test,2,http://wfrp.ia/resource/reddit/post/1mvw1s2,ont_Innovacion_Neutro,innovation,http://wfrp.ia/dominio/ciencia-tecnologia#Innovacion,1.0,True
1mvw1s2,test,2,http://wfrp.ia/resource/reddit/post/1mvw1s2,ont_has_ontology_elements,global_counts,,1.0,False
1mvw1s2,test,2,http://wfrp.ia/resource/reddit/post/1mvw1s2,ont_count_domain_concepts,global_counts,,1.0,False
1mvw1s2,test,2,http://wfrp.ia/resource/reddit/post/1mvw1s2,ont_total_neutro_mentions,global_counts,,1.0,False
1mvw1s2,test,2,http://wfrp.ia/resource/reddit/post/1mvw1s2,ont_domain_score,global_counts,,1.0,False
1mvw1s2,test,2,http://wfrp.ia/resource/reddit/post/1mvw1s2,ont_domain_density,global_counts,,0.007462686567164179,True
1n0q50o,test,0,http://wfrp.ia/resource/reddit/post/1n0q50o,ont_has_ontology_elements,global_counts,,1.0,False
1mtw2r6,test,1,http://wfrp.ia/resource/reddit/post/1mtw2r6,ont_InteligenciaArtificial_Neutro,ai,http://wfrp.ia/dominio/ciencia-tecnologia#InteligenciaArtificial,1.0,False
1mtw2r6,test,1,http://wfrp.ia/resource/reddit/post/1mtw2r6,ont_has_ontology_elements,global_counts,,1.0,False
1mtw2r6,test,1,http://wfrp.ia/resource/reddit/post/1mtw2r6,ont_count_domain_concepts,global_counts,,1.0,False
1mtw2r6,test,1,http://wfrp.ia/resource/reddit/post/1mtw2r6,ont_total_neutro_mentions,global_counts,,1.0,False
1mtw2r6,test,1,http://wfrp.ia/resource/reddit/post/1mtw2r6,ont_domain_score,global_counts,,1.0,False
1mtw2r6,test,1,http://wfrp.ia/resource/reddit/post/1mtw2r6,ont_domain_density,global_counts,,0.1,True
1mysdnr,test,2,http://wfrp.ia/resource/reddit/post/1mysdnr,ont_InteligenciaArtificial_Neutro,ai,http://wfrp.ia/dominio/ciencia-tecnologia#InteligenciaArtificial,1.0,False
1mysdnr,test,2,http://wfrp.ia/resource/reddit/post/1mysdnr,ont_has_ontology_elements,global_counts,,1.0,False
1mysdnr,test,2,http://wfrp.ia/resource/reddit/post/1mysdnr,ont_count_domain_concepts,global_counts,,1.0,False
1mysdnr,test,2,http://wfrp.ia/resource/reddit/post/1mysdnr,ont_total_neutro_mentions,global_counts,,1.0,False
1mysdnr,test,2,http://wfrp.ia/resource/reddit/post/1mysdnr,ont_domain_score,global_counts,,1.0,False
1mysdnr,test,2,http://wfrp.ia/resource/reddit/post/1mysdnr,ont_domain_density,global_counts,,0.07142857142857142,True
1mz7y5h,test,2,http://wfrp.ia/resource/reddit/post/1mz7y5h,ont_InteligenciaArtificial_Neutro,ai,http://wfrp.ia/dominio/ciencia-tecnologia#InteligenciaArtificial,1.0,False
1mz7y5h,test,2,http://wfrp.ia/resource/reddit/post/1mz7y5h,ont_has_ontology_elements,global_counts,,1.0,False
1mz7y5h,test,2,http://wfrp.ia/resource/reddit/post/1mz7y5h,ont_count_domain_concepts,global_counts,,1.0,False
1mz7y5h,test,2,http://wfrp.ia/resource/reddit/post/1mz7y5h,ont_total_neutro_mentions,global_counts,,1.0,False
1mz7y5h,test,2,http://wfrp.ia/resource/reddit/post/1mz7y5h,ont_domain_score,global_counts,,1.0,False
1mz7y5h,test,2,http://wfrp.ia/resource/reddit/post/1mz7y5h,ont_domain_density,global_counts,,0.0625,True
1n2axrv,test,2,http://wfrp.ia/resource/reddit/post/1n2axrv,ont_Futuro_Neutro,future,http://wfrp.ia/dominio/ciencia-tecnologia#Futuro,1.0,False
1n2axrv,test,2,http://wfrp.ia/resource/reddit/post/1n2axrv,ont_has_ontology_elements,global_counts,,1.0,False
1n2axrv,test,2,http://wfrp.ia/resource/reddit/post/1n2axrv,ont_count_domain_concepts,global_counts,,1.0,False
1n2axrv,test,2,http://wfrp.ia/resource/reddit/post/1n2axrv,ont_total_neutro_mentions,global_counts,,1.0,False
1n2axrv,test,2,http://wfrp.ia/resource/reddit/post/1n2axrv,ont_domain_score,global_counts,,1.0,False
1n2axrv,test,2,http://wfrp.ia/resource/reddit/post/1n2axrv,ont_domain_density,global_counts,,0.038461538461538464,True
1n0k2w7,test,2,http://wfrp.ia/resource/reddit/post/1n0k2w7,ont_has_ontology_elements,global_counts,,1.0,False
1n1htds,test,1,http://wfrp.ia/resource/reddit/post/1n1htds,ont_InteligenciaArtificial_Neutro,ai,http://wfrp.ia/dominio/ciencia-tecnologia#InteligenciaArtificial,1.0,False
1n1htds,test,1,http://wfrp.ia/resource/reddit/post/1n1htds,ont_has_ontology_elements,global_counts,,1.0,False
1n1htds,test,1,http://wfrp.ia/resource/reddit/post/1n1htds,ont_count_domain_concepts,global_counts,,1.0,False
1n1htds,test,1,http://wfrp.ia/resource/reddit/post/1n1htds,ont_total_neutro_mentions,global_counts,,1.0,False
1n1htds,test,1,http://wfrp.ia/resource/reddit/post/1n1htds,ont_domain_score,global_counts,,1.0,False
1n1htds,test,1,http://wfrp.ia/resource/reddit/post/1n1htds,ont_domain_density,global_counts,,0.1,True
1n2dkvt,test,2,http://wfrp.ia/resource/reddit/post/1n2dkvt,ont_InteligenciaArtificial_Neutro,ai,http://wfrp.ia/dominio/ciencia-tecnologia#InteligenciaArtificial,2.0,False
1n2dkvt,test,2,http://wfrp.ia/resource/reddit/post/1n2dkvt,ont_has_ontology_elements,global_counts,,1.0,False
1n2dkvt,test,2,http://wfrp.ia/resource/reddit/post/1n2dkvt,ont_count_domain_concepts,global_counts,,1.0,False
1n2dkvt,test,2,http://wfrp.ia/resource/reddit/post/1n2dkvt,ont_total_neutro_mentions,global_counts,,2.0,False
1n2dkvt,test,2,http://wfrp.ia/resource/reddit/post/1n2dkvt,ont_domain_score,global_counts,,2.0,False
1n2dkvt,test,2,http://wfrp.ia/resource/reddit/post/1n2dkvt,ont_domain_density,global_counts,,0.038461538461538464,True
1myaljs,test,1,http://wfrp.ia/resource/reddit/post/1myaljs,ont_InteligenciaArtificial_Neutro,ai,http://wfrp.ia/dominio/ciencia-tecnologia#InteligenciaArtificial,2.0,False
1myaljs,test,1,http://wfrp.ia/resource/reddit/post/1myaljs,ont_has_ontology_elements,global_counts,,1.0,False
1myaljs,test,1,http://wfrp.ia/resource/reddit/post/1myaljs,ont_count_domain_concepts,global_counts,,1.0,False
1myaljs,test,1,http://wfrp.ia/resource/reddit/post/1myaljs,ont_total_neutro_mentions,global_counts,,2.0,False
1myaljs,test,1,http://wfrp.ia/resource/reddit/post/1myaljs,ont_domain_score,global_counts,,3.0,False
1myaljs,test,1,http://wfrp.ia/resource/reddit/post/1myaljs,ont_domain_density,global_counts,,0.06666666666666667,True
1n1q5u8,test,1,http://wfrp.ia/resource/reddit/post/1n1q5u8,ont_InteligenciaArtificial_Neutro,ai,http://wfrp.ia/dominio/ciencia-tecnologia#InteligenciaArtificial,2.0,False
1n1q5u8,test,1,http://wfrp.ia/resource/reddit/post/1n1q5u8,ont_has_ontology_elements,global_counts,,1.0,False
1n1q5u8,test,1,http://wfrp.ia/resource/reddit/post/1n1q5u8,ont_count_domain_concepts,global_counts,,1.0,False
1n1q5u8,test,1,http://wfrp.ia/resource/reddit/post/1n1q5u8,ont_total_neutro_mentions,global_counts,,2.0,False
1n1q5u8,test,1,http://wfrp.ia/resource/reddit/post/1n1q5u8,ont_domain_score,global_counts,,2.0,False
1n1q5u8,test,1,http://wfrp.ia/resource/reddit/post/1n1q5u8,ont_domain_density,global_counts,,0.047619047619047616,True
1n1hvhq,test,2,http://wfrp.ia/resource/reddit/post/1n1hvhq,ont_Datos_Neutro,data,http://wfrp.ia/dominio/ciencia-tecnologia#Datos,1.0,False
1n1hvhq,test,2,http://wfrp.ia/resource/reddit/post/1n1hvhq,ont_has_ontology_elements,global_counts,,1.0,False
1n1hvhq,test,2,http://wfrp.ia/resource/reddit/post/1n1hvhq,ont_count_domain_concepts,global_counts,,1.0,False
1n1hvhq,test,2,http://wfrp.ia/resource/reddit/post/1n1hvhq,ont_total_neutro_mentions,global_counts,,1.0,False
1n1hvhq,test,2,http://wfrp.ia/resource/reddit/post/1n1hvhq,ont_domain_score,global_counts,,1.0,False
1n1hvhq,test,2,http://wfrp.ia/resource/reddit/post/1n1hvhq,ont_domain_density,global_counts,,0.02631578947368421,True
1my14fc,test,2,http://wfrp.ia/resource/reddit/post/1my14fc,ont_Datos_Neutro,data,http://wfrp.ia/dominio/ciencia-tecnologia#Datos,1.0,False
1my14fc,test,2,http://wfrp.ia/resource/reddit/post/1my14fc,ont_has_ontology_elements,global_counts,,1.0,False
1my14fc,test,2,http://wfrp.ia/resource/reddit/post/1my14fc,ont_count_domain_concepts,global_counts,,1.0,False
1my14fc,test,2,http://wfrp.ia/resource/reddit/post/1my14fc,ont_total_neutro_mentions,global_counts,,1.0,False
1my14fc,test,2,http://wfrp.ia/resource/reddit/post/1my14fc,ont_domain_score,global_counts,,1.0,False
1my14fc,test,2,http://wfrp.ia/resource/reddit/post/1my14fc,ont_domain_density,global_counts,,0.03333333333333333,True
1n0of2u,test,1,http://wfrp.ia/resource/reddit/post/1n0of2u,ont_InteligenciaArtificial_Neutro,ai,http://wfrp.ia/dominio/ciencia-tecnologia#InteligenciaArtificial,1.0,False
1n0of2u,test,1,http://wfrp.ia/resource/reddit/post/1n0of2u,ont_has_ontology_elements,global_counts,,1.0,False
1n0of2u,test,1,http://wfrp.ia/resource/reddit/post/1n0of2u,ont_count_domain_concepts,global_counts,,1.0,False
1n0of2u,test,1,http://wfrp.ia/resource/reddit/post/1n0of2u,ont_total_neutro_mentions,global_counts,,1.0,False
1n0of2u,test,1,http://wfrp.ia/resource/reddit/post/1n0of2u,ont_domain_score,global_counts,,1.0,False
1n0of2u,test,1,http://wfrp.ia/resource/reddit/post/1n0of2u,ont_domain_density,global_counts,,0.08333333333333333,True
1my1b3t,test,2,http://wfrp.ia/resource/reddit/post/1my1b3t,ont_InteligenciaArtificial_Neutro,ai,http://wfrp.ia/dominio/ciencia-tecnologia#InteligenciaArtificial,1.0,False
1my1b3t,test,2,http://wfrp.ia/resource/reddit/post/1my1b3t,ont_has_ontology_elements,global_counts,,1.0,False
1my1b3t,test,2,http://wfrp.ia/resource/reddit/post/1my1b3t,ont_count_domain_concepts,global_counts,,1.0,False
1my1b3t,test,2,http://wfrp.ia/resource/reddit/post/1my1b3t,ont_total_neutro_mentions,global_counts,,1.0,False
1my1b3t,test,2,http://wfrp.ia/resource/reddit/post/1my1b3t,ont_domain_score,global_counts,,0.5,False
1my1b3t,test,2,http://wfrp.ia/resource/reddit/post/1my1b3t,ont_domain_density,global_counts,,0.07692307692307693,True
1myui69,test,2,http://wfrp.ia/resource/reddit/post/1myui69,ont_InteligenciaArtificial_Neutro,ai,http://wfrp.ia/dominio/ciencia-tecnologia#InteligenciaArtificial,1.0,False
1myui69,test,2,http://wfrp.ia/resource/reddit/post/1myui69,ont_has_ontology_elements,global_counts,,1.0,False
1myui69,test,2,http://wfrp.ia/resource/reddit/post/1myui69,ont_count_domain_concepts,global_counts,,1.0,False
1myui69,test,2,http://wfrp.ia/resource/reddit/post/1myui69,ont_total_neutro_mentions,global_counts,,1.0,False
1myui69,test,2,http://wfrp.ia/resource/reddit/post/1myui69,ont_domain_score,global_counts,,1.0,False
1myui69,test,2,http://wfrp.ia/resource/reddit/post/1myui69,ont_domain_density,global_counts,,0.08333333333333333,True
1n1oihz,test,1,http://wfrp.ia/resource/reddit/post/1n1oihz,ont_Tecnologia_Neutro,technology,http://wfrp.ia/dominio/ciencia-tecnologia#Tecnologia,1.0,True
1n1oihz,test,1,http://wfrp.ia/resource/reddit/post/1n1oihz,ont_has_ontology_elements,global_counts,,1.0,False
1n1oihz,test,1,http://wfrp.ia/resource/reddit/post/1n1oihz,ont_count_domain_concepts,global_counts,,1.0,False
1n1oihz,test,1,http://wfrp.ia/resource/reddit/post/1n1oihz,ont_total_neutro_mentions,global_counts,,1.0,False
1n1oihz,test,1,http://wfrp.ia/resource/reddit/post/1n1oihz,ont_domain_score,global_counts,,1.0,False
1n1oihz,test,1,http://wfrp.ia/resource/reddit/post/1n1oihz,ont_domain_density,global_counts,,0.1111111111111111,True
1mrao4m,test,1,http://wfrp.ia/resource/reddit/post/1mrao4m,ont_InteligenciaArtificial_Neutro,ai,http://wfrp.ia/dominio/ciencia-tecnologia#InteligenciaArtificial,1.0,False
1mrao4m,test,1,http://wfrp.ia/resource/reddit/post/1mrao4m,ont_has_ontology_elements,global_counts,,1.0,False
1mrao4m,test,1,http://wfrp.ia/resource/reddit/post/1mrao4m,ont_count_domain_concepts,global_counts,,1.0,False
1mrao4m,test,1,http://wfrp.ia/resource/reddit/post/1mrao4m,ont_total_neutro_mentions,global_counts,,1.0,False
1mrao4m,test,1,http://wfrp.ia/resource/reddit/post/1mrao4m,ont_domain_score,global_counts,,1.0,False
1mrao4m,test,1,http://wfrp.ia/resource/reddit/post/1mrao4m,ont_domain_density,global_counts,,0.08333333333333333,True
1n0f7yj,test,0,http://wfrp.ia/resource/reddit/post/1n0f7yj,ont_InteligenciaArtificial_Neutro,ai,http://wfrp.ia/dominio/ciencia-tecnologia#InteligenciaArtificial,1.0,False
1n0f7yj,test,0,http://wfrp.ia/resource/reddit/post/1n0f7yj,ont_has_ontology_elements,global_counts,,1.0,False
1n0f7yj,test,0,http://wfrp.ia/resource/reddit/post/1n0f7yj,ont_count_domain_concepts,global_counts,,1.0,False
1n0f7yj,test,0,http://wfrp.ia/resource/reddit/post/1n0f7yj,ont_total_neutro_mentions,global_counts,,1.0,False
1n0f7yj,test,0,http://wfrp.ia/resource/reddit/post/1n0f7yj,ont_domain_score,global_counts,,1.0,False
1n0f7yj,test,0,http://wfrp.ia/resource/reddit/post/1n0f7yj,ont_domain_density,global_counts,,0.08333333333333333,True
1n1ozoi,test,2,http://wfrp.ia/resource/reddit/post/1n1ozoi,ont_Datos_Neutro,data,http://wfrp.ia/dominio/ciencia-tecnologia#Datos,1.0,False
1n1ozoi,test,2,http://wfrp.ia/resource/reddit/post/1n1ozoi,ont_has_ontology_elements,global_counts,,1.0,False
1n1ozoi,test,2,http://wfrp.ia/resource/reddit/post/1n1ozoi,ont_count_domain_concepts,global_counts,,1.0,False
1n1ozoi,test,2,http://wfrp.ia/resource/reddit/post/1n1ozoi,ont_total_neutro_mentions,global_counts,,1.0,False
1n1ozoi,test,2,http://wfrp.ia/resource/reddit/post/1n1ozoi,ont_domain_score,global_counts,,1.0,False
1n1ozoi,test,2,http://wfrp.ia/resource/reddit/post/1n1ozoi,ont_domain_density,global_counts,,0.08333333333333333,True
1n34aum,test,2,http://wfrp.ia/resource/reddit/post/1n34aum,ont_InteligenciaArtificial_Neutro,ai,http://wfrp.ia/dominio/ciencia-tecnologia#InteligenciaArtificial,1.0,False
1n34aum,test,2,http://wfrp.ia/resource/reddit/post/1n34aum,ont_has_ontology_elements,global_counts,,1.0,False
1n34aum,test,2,http://wfrp.ia/resource/reddit/post/1n34aum,ont_count_domain_concepts,global_counts,,1.0,False
1n34aum,test,2,http://wfrp.ia/resource/reddit/post/1n34aum,ont_total_neutro_mentions,global_counts,,1.0,False
1n34aum,test,2,http://wfrp.ia/resource/reddit/post/1n34aum,ont_domain_score,global_counts,,1.0,False
1n34aum,test,2,http://wfrp.ia/resource/reddit/post/1n34aum,ont_domain_density,global_counts,,0.1,True
1mzo9bh,test,2,http://wfrp.ia/resource/reddit/post/1mzo9bh,ont_InteligenciaArtificial_Positivo,ai,http://wfrp.ia/dominio/ciencia-tecnologia#InteligenciaArtificial,4.0,False
1mzo9bh,test,2,http://wfrp.ia/resource/reddit/post/1mzo9bh,ont_InteligenciaArtificial_Neutro,ai,http://wfrp.ia/dominio/ciencia-tecnologia#InteligenciaArtificial,5.0,False
1mzo9bh,test,2,http://wfrp.ia/resource/reddit/post/1mzo9bh,ont_AprendizajeAutomatico_Neutro,ml,http://wfrp.ia/dominio/ciencia-tecnologia#AprendizajeAutomatico,1.0,False
1mzo9bh,test,2,http://wfrp.ia/resource/reddit/post/1mzo9bh,ont_Tecnologia_Neutro,technology,http://wfrp.ia/dominio/ciencia-tecnologia#Tecnologia,1.0,True
1mzo9bh,test,2,http://wfrp.ia/resource/reddit/post/1mzo9bh,ont_has_ontology_elements,global_counts,,1.0,False
1mzo9bh,test,2,http://wfrp.ia/resource/reddit/post/1mzo9bh,ont_count_domain_concepts,global_counts,,4.0,False
1mzo9bh,test,2,http://wfrp.ia/resource/reddit/post/1mzo9bh,ont_total_positivo_mentions,global_counts,,4.0,False
1mzo9bh,test,2,http://wfrp.ia/resource/reddit/post/1mzo9bh,ont_total_neutro_mentions,global_counts,,7.0,False
1mzo9bh,test,2,http://wfrp.ia/resource/reddit/post/1mzo9bh,ont_domain_score,global_counts,,11.5,False
1mzo9bh,test,2,http://wfrp.ia/resource/reddit/post/1mzo9bh,ont_domain_density,global_counts,,0.013986013986013986,True
1n1lqwu,test,2,http://wfrp.ia/resource/reddit/post/1n1lqwu,ont_InteligenciaArtificial_Neutro,ai,http://wfrp.ia/dominio/ciencia-tecnologia#InteligenciaArtificial,2.0,False
1n1lqwu,test,2,http://wfrp.ia/resource/reddit/post/1n1lqwu,ont_has_ontology_elements,global_counts,,1.0,False
1n1lqwu,test,2,http://wfrp.ia/resource/reddit/post/1n1lqwu,ont_count_domain_concepts,global_counts,,1.0,False
1n1lqwu,test,2,http://wfrp.ia/resource/reddit/post/1n1lqwu,ont_total_neutro_mentions,global_counts,,2.0,False
1n1lqwu,test,2,http://wfrp.ia/resource/reddit/post/1n1lqwu,ont_domain_score,global_counts,,1.0,False
1n1lqwu,test,2,http://wfrp.ia/resource/reddit/post/1n1lqwu,ont_domain_density,global_counts,,0.1,True
1mysu40,test,2,http://wfrp.ia/resource/reddit/post/1mysu40,ont_Futuro_Neutro,future,http://wfrp.ia/dominio/ciencia-tecnologia#Futuro,1.0,False
1mysu40,test,2,http://wfrp.ia/resource/reddit/post/1mysu40,ont_has_ontology_elements,global_counts,,1.0,False
1mysu40,test,2,http://wfrp.ia/resource/reddit/post/1mysu40,ont_count_domain_concepts,global_counts,,1.0,False
1mysu40,test,2,http://wfrp.ia/resource/reddit/post/1mysu40,ont_total_neutro_mentions,global_counts,,1.0,False
1mysu40,test,2,http://wfrp.ia/resource/reddit/post/1mysu40,ont_domain_score,global_counts,,1.0,False
1mysu40,test,2,http://wfrp.ia/resource/reddit/post/1mysu40,ont_domain_density,global_counts,,0.045454545454545456,True
1mxx0b5,test,1,http://wfrp.ia/resource/reddit/post/1mxx0b5,ont_InteligenciaArtificial_Neutro,ai,http://wfrp.ia/dominio/ciencia-tecnologia#InteligenciaArtificial,1.0,False
1mxx0b5,test,1,http://wfrp.ia/resource/reddit/post/1mxx0b5,ont_has_ontology_elements,global_counts,,1.0,False
1mxx0b5,test,1,http://wfrp.ia/resource/reddit/post/1mxx0b5,ont_count_domain_concepts,global_counts,,1.0,False
1mxx0b5,test,1,http://wfrp.ia/resource/reddit/post/1mxx0b5,ont_total_neutro_mentions,global_counts,,1.0,False
1mxx0b5,test,1,http://wfrp.ia/resource/reddit/post/1mxx0b5,ont_domain_score,global_counts,,1.0,False
1mxx0b5,test,1,http://wfrp.ia/resource/reddit/post/1mxx0b5,ont_domain_density,global_counts,,0.1111111111111111,True
1n3d70x,test,2,http://wfrp.ia/resource/reddit/post/1n3d70x,ont_InteligenciaArtificial_Neutro,ai,http://wfrp.ia/dominio/ciencia-tecnologia#InteligenciaArtificial,1.0,False
1n3d70x,test,2,http://wfrp.ia/resource/reddit/post/1n3d70x,ont_has_ontology_elements,global_counts,,1.0,False
1n3d70x,test,2,http://wfrp.ia/resource/reddit/post/1n3d70x,ont_count_domain_concepts,global_counts,,1.0,False
1n3d70x,test,2,http://wfrp.ia/resource/reddit/post/1n3d70x,ont_total_neutro_mentions,global_counts,,1.0,False
1n3d70x,test,2,http://wfrp.ia/resource/reddit/post/1n3d70x,ont_domain_score,global_counts,,1.0,False
1n3d70x,test,2,http://wfrp.ia/resource/reddit/post/1n3d70x,ont_domain_density,global_counts,,0.08333333333333333,True
1n20qyo,test,0,http://wfrp.ia/resource/reddit/post/1n20qyo,ont_InteligenciaArtificial_Neutro,ai,http://wfrp.ia/dominio/ciencia-tecnologia#InteligenciaArtificial,1.0,False
1n20qyo,test,0,http://wfrp.ia/resource/reddit/post/1n20qyo,ont_has_ontology_elements,global_counts,,1.0,False
1n20qyo,test,0,http://wfrp.ia/resource/reddit/post/1n20qyo,ont_count_domain_concepts,global_counts,,1.0,False
1n20qyo,test,0,http://wfrp.ia/resource/reddit/post/1n20qyo,ont_total_neutro_mentions,global_counts,,1.0,False
1n20qyo,test,0,http://wfrp.ia/resource/reddit/post/1n20qyo,ont_domain_score,global_counts,,1.0,False
1n20qyo,test,0,http://wfrp.ia/resource/reddit/post/1n20qyo,ont_domain_density,global_counts,,0.125,True
1n34p2j,test,1,http://wfrp.ia/resource/reddit/post/1n34p2j,ont_InteligenciaArtificial_Positivo,ai,http://wfrp.ia/dominio/ciencia-tecnologia#InteligenciaArtificial,1.0,False
1n34p2j,test,1,http://wfrp.ia/resource/reddit/post/1n34p2j,ont_has_ontology_elements,global_counts,,1.0,False
1n34p2j,test,1,http://wfrp.ia/resource/reddit/post/1n34p2j,ont_count_domain_concepts,global_counts,,1.0,False
1n34p2j,test,1,http://wfrp.ia/resource/reddit/post/1n34p2j,ont_total_positivo_mentions,global_counts,,1.0,False
1n34p2j,test,1,http://wfrp.ia/resource/reddit/post/1n34p2j,ont_domain_score,global_counts,,1.0,False
1n34p2j,test,1,http://wfrp.ia/resource/reddit/post/1n34p2j,ont_domain_density,global_counts,,0.08333333333333333,True
1mua4z8,test,1,http://wfrp.ia/resource/reddit/post/1mua4z8,ont_InteligenciaArtificial_Neutro,ai,http://wfrp.ia/dominio/ciencia-tecnologia#InteligenciaArtificial,1.0,False
1mua4z8,test,1,http://wfrp.ia/resource/reddit/post/1mua4z8,ont_has_ontology_elements,global_counts,,1.0,False
1mua4z8,test,1,http://wfrp.ia/resource/reddit/post/1mua4z8,ont_count_domain_concepts,global_counts,,1.0,False
1mua4z8,test,1,http://wfrp.ia/resource/reddit/post/1mua4z8,ont_total_neutro_mentions,global_counts,,1.0,False
1mua4z8,test,1,http://wfrp.ia/resource/reddit/post/1mua4z8,ont_domain_score,global_counts,,1.0,False
1mua4z8,test,1,http://wfrp.ia/resource/reddit/post/1mua4z8,ont_domain_density,global_counts,,0.09090909090909091,True
1mxnb6o,test,0,http://wfrp.ia/resource/reddit/post/1mxnb6o,ont_InteligenciaArtificial_Neutro,ai,http://wfrp.ia/dominio/ciencia-tecnologia#InteligenciaArtificial,1.0,False
1mxnb6o,test,0,http://wfrp.ia/resource/reddit/post/1mxnb6o,ont_has_ontology_elements,global_counts,,1.0,False
1mxnb6o,test,0,http://wfrp.ia/resource/reddit/post/1mxnb6o,ont_count_domain_concepts,global_counts,,1.0,False
1mxnb6o,test,0,http://wfrp.ia/resource/reddit/post/1mxnb6o,ont_total_neutro_mentions,global_counts,,1.0,False
1mxnb6o,test,0,http://wfrp.ia/resource/reddit/post/1mxnb6o,ont_domain_score,global_counts,,1.0,False
1mxnb6o,test,0,http://wfrp.ia/resource/reddit/post/1mxnb6o,ont_domain_density,global_counts,,0.08333333333333333,True
1mvsxls,test,2,http://wfrp.ia/resource/reddit/post/1mvsxls,ont_InteligenciaArtificial_Neutro,ai,http://wfrp.ia/dominio/ciencia-tecnologia#InteligenciaArtificial,1.0,False
1mvsxls,test,2,http://wfrp.ia/resource/reddit/post/1mvsxls,ont_has_ontology_elements,global_counts,,1.0,False
1mvsxls,test,2,http://wfrp.ia/resource/reddit/post/1mvsxls,ont_count_domain_concepts,global_counts,,1.0,False
1mvsxls,test,2,http://wfrp.ia/resource/reddit/post/1mvsxls,ont_total_neutro_mentions,global_counts,,1.0,False
1mvsxls,test,2,http://wfrp.ia/resource/reddit/post/1mvsxls,ont_domain_score,global_counts,,1.0,False
1mvsxls,test,2,http://wfrp.ia/resource/reddit/post/1mvsxls,ont_domain_density,global_counts,,0.1,True
1n2wdts,test,2,http://wfrp.ia/resource/reddit/post/1n2wdts,ont_Datos_Neutro,data,http://wfrp.ia/dominio/ciencia-tecnologia#Datos,1.0,False
1n2wdts,test,2,http://wfrp.ia/resource/reddit/post/1n2wdts,ont_has_ontology_elements,global_counts,,1.0,False
1n2wdts,test,2,http://wfrp.ia/resource/reddit/post/1n2wdts,ont_count_domain_concepts,global_counts,,1.0,False
1n2wdts,test,2,http://wfrp.ia/resource/reddit/post/1n2wdts,ont_total_neutro_mentions,global_counts,,1.0,False
1n2wdts,test,2,http://wfrp.ia/resource/reddit/post/1n2wdts,ont_domain_score,global_counts,,1.0,False
1n2wdts,test,2,http://wfrp.ia/resource/reddit/post/1n2wdts,ont_domain_density,global_counts,,0.08333333333333333,True
1n1i6t6,test,2,http://wfrp.ia/resource/reddit/post/1n1i6t6,ont_InteligenciaArtificial_Neutro,ai,http://wfrp.ia/dominio/ciencia-tecnologia#InteligenciaArtificial,1.0,False
1n1i6t6,test,2,http://wfrp.ia/resource/reddit/post/1n1i6t6,ont_has_ontology_elements,global_counts,,1.0,False
1n1i6t6,test,2,http://wfrp.ia/resource/reddit/post/1n1i6t6,ont_count_domain_concepts,global_counts,,1.0,False
1n1i6t6,test,2,http://wfrp.ia/resource/reddit/post/1n1i6t6,ont_total_neutro_mentions,global_counts,,1.0,False
1n1i6t6,test,2,http://wfrp.ia/resource/reddit/post/1n1i6t6,ont_domain_score,global_counts,,1.0,False
1n1i6t6,test,2,http://wfrp.ia/resource/reddit/post/1n1i6t6,ont_domain_density,global_counts,,0.1,True
1n3hm5m,test,2,http://wfrp.ia/resource/reddit/post/1n3hm5m,ont_Datos_Neutro,data,http://wfrp.ia/dominio/ciencia-tecnologia#Datos,1.0,False
1n3hm5m,test,2,http://wfrp.ia/resource/reddit/post/1n3hm5m,ont_has_ontology_elements,global_counts,,1.0,False
1n3hm5m,test,2,http://wfrp.ia/resource/reddit/post/1n3hm5m,ont_count_domain_concepts,global_counts,,1.0,False
1n3hm5m,test,2,http://wfrp.ia/resource/reddit/post/1n3hm5m,ont_total_neutro_mentions,global_counts,,1.0,False
1n3hm5m,test,2,http://wfrp.ia/resource/reddit/post/1n3hm5m,ont_domain_score,global_counts,,1.0,False
1n3hm5m,test,2,http://wfrp.ia/resource/reddit/post/1n3hm5m,ont_domain_density,global_counts,,0.08333333333333333,True
1n377mn,test,2,http://wfrp.ia/resource/reddit/post/1n377mn,ont_InteligenciaArtificial_Neutro,ai,http://wfrp.ia/dominio/ciencia-tecnologia#InteligenciaArtificial,2.0,False
1n377mn,test,2,http://wfrp.ia/resource/reddit/post/1n377mn,ont_has_ontology_elements,global_counts,,1.0,False
1n377mn,test,2,http://wfrp.ia/resource/reddit/post/1n377mn,ont_count_domain_concepts,global_counts,,1.0,False
1n377mn,test,2,http://wfrp.ia/resource/reddit/post/1n377mn,ont_total_neutro_mentions,global_counts,,2.0,False
1n377mn,test,2,http://wfrp.ia/resource/reddit/post/1n377mn,ont_domain_score,global_counts,,3.0,False
1n377mn,test,2,http://wfrp.ia/resource/reddit/post/1n377mn,ont_domain_density,global_counts,,0.03225806451612903,True
1n1mbsv,test,2,http://wfrp.ia/resource/reddit/post/1n1mbsv,ont_InteligenciaArtificial_Neutro,ai,http://wfrp.ia/dominio/ciencia-tecnologia#InteligenciaArtificial,1.0,False
1n1mbsv,test,2,http://wfrp.ia/resource/reddit/post/1n1mbsv,ont_has_ontology_elements,global_counts,,1.0,False
1n1mbsv,test,2,http://wfrp.ia/resource/reddit/post/1n1mbsv,ont_count_domain_concepts,global_counts,,1.0,False
1n1mbsv,test,2,http://wfrp.ia/resource/reddit/post/1n1mbsv,ont_total_neutro_mentions,global_counts,,1.0,False
1n1mbsv,test,2,http://wfrp.ia/resource/reddit/post/1n1mbsv,ont_domain_score,global_counts,,1.0,False
1n1mbsv,test,2,http://wfrp.ia/resource/reddit/post/1n1mbsv,ont_domain_density,global_counts,,0.043478260869565216,True
1mvjllq,test,2,http://wfrp.ia/resource/reddit/post/1mvjllq,,,,0.0,False
1mzyjxb,test,2,http://wfrp.ia/resource/reddit/post/1mzyjxb,ont_has_ontology_elements,global_counts,,1.0,False
1n3bubx,test,1,http://wfrp.ia/resource/reddit/post/1n3bubx,ont_InteligenciaArtificial_Neutro,ai,http://wfrp.ia/dominio/ciencia-tecnologia#InteligenciaArtificial,1.0,False
1n3bubx,test,1,http://wfrp.ia/resource/reddit/post/1n3bubx,ont_has_ontology_elements,global_counts,,1.0,False
1n3bubx,test,1,http://wfrp.ia/resource/reddit/post/1n3bubx,ont_count_domain_concepts,global_counts,,1.0,False
1n3bubx,test,1,http://wfrp.ia/resource/reddit/post/1n3bubx,ont_total_neutro_mentions,global_counts,,1.0,False
1n3bubx,test,1,http://wfrp.ia/resource/reddit/post/1n3bubx,ont_domain_score,global_counts,,1.0,False
1n3bubx,test,1,http://wfrp.ia/resource/reddit/post/1n3bubx,ont_domain_density,global_counts,,0.125,True
1mzbqnl,test,2,http://wfrp.ia/resource/reddit/post/1mzbqnl,,,,0.0,False
1n0rcvb,test,2,http://wfrp.ia/resource/reddit/post/1n0rcvb,ont_InteligenciaArtificial_Neutro,ai,http://wfrp.ia/dominio/ciencia-tecnologia#InteligenciaArtificial,1.0,False
1n0rcvb,test,2,http://wfrp.ia/resource/reddit/post/1n0rcvb,ont_has_ontology_elements,global_counts,,1.0,False
1n0rcvb,test,2,http://wfrp.ia/resource/reddit/post/1n0rcvb,ont_count_domain_concepts,global_counts,,1.0,False
1n0rcvb,test,2,http://wfrp.ia/resource/reddit/post/1n0rcvb,ont_total_neutro_mentions,global_counts,,1.0,False
1n0rcvb,test,2,http://wfrp.ia/resource/reddit/post/1n0rcvb,ont_domain_score,global_counts,,1.0,False
1n0rcvb,test,2,http://wfrp.ia/resource/reddit/post/1n0rcvb,ont_domain_density,global_counts,,0.06666666666666667,True
1mzn4bc,test,2,http://wfrp.ia/resource/reddit/post/1mzn4bc,ont_Etica_Positivo,ethics,http://wfrp.ia/dominio/ciencia-tecnologia#Etica,1.0,False
1mzn4bc,test,2,http://wfrp.ia/resource/reddit/post/1mzn4bc,ont_has_ontology_elements,global_counts,,1.0,False
1mzn4bc,test,2,http://wfrp.ia/resource/reddit/post/1mzn4bc,ont_count_domain_concepts,global_counts,,1.0,False
1mzn4bc,test,2,http://wfrp.ia/resource/reddit/post/1mzn4bc,ont_total_positivo_mentions,global_counts,,1.0,False
1mzn4bc,test,2,http://wfrp.ia/resource/reddit/post/1mzn4bc,ont_domain_score,global_counts,,1.0,False
1mzn4bc,test,2,http://wfrp.ia/resource/reddit/post/1mzn4bc,ont_domain_density,global_counts,,0.05,True
1mz8zra,test,2,http://wfrp.ia/resource/reddit/post/1mz8zra,ont_InteligenciaArtificial_Neutro,ai,http://wfrp.ia/dominio/ciencia-tecnologia#InteligenciaArtificial,3.0,False
1mz8zra,test,2,http://wfrp.ia/resource/reddit/post/1mz8zra,ont_has_ontology_elements,global_counts,,1.0,False
1mz8zra,test,2,http://wfrp.ia/resource/reddit/post/1mz8zra,ont_count_domain_concepts,global_counts,,2.0,False
1mz8zra,test,2,http://wfrp.ia/resource/reddit/post/1mz8zra,ont_total_neutro_mentions,global_counts,,3.0,False
1mz8zra,test,2,http://wfrp.ia/resource/reddit/post/1mz8zra,ont_domain_score,global_counts,,4.0,False
1mz8zra,test,2,http://wfrp.ia/resource/reddit/post/1mz8zra,ont_domain_density,global_counts,,0.007042253521126761,True
1myyx7w,test,1,http://wfrp.ia/resource/reddit/post/1myyx7w,ont_InteligenciaArtificial_Neutro,ai,http://wfrp.ia/dominio/ciencia-tecnologia#InteligenciaArtificial,1.0,False
1myyx7w,test,1,http://wfrp.ia/resource/reddit/post/1myyx7w,ont_Tecnologia_Neutro,technology,http://wfrp.ia/dominio/ciencia-tecnologia#Tecnologia,1.0,True
1myyx7w,test,1,http://wfrp.ia/resource/reddit/post/1myyx7w,ont_has_ontology_elements,global_counts,,1.0,False
1myyx7w,test,1,http://wfrp.ia/resource/reddit/post/1myyx7w,ont_count_domain_concepts,global_counts,,2.0,False
1myyx7w,test,1,http://wfrp.ia/resource/reddit/post/1myyx7w,ont_total_neutro_mentions,global_counts,,2.0,False
1myyx7w,test,1,http://wfrp.ia/resource/reddit/post/1myyx7w,ont_domain_score,global_counts,,2.0,False
1myyx7w,test,1,http://wfrp.ia/resource/reddit/post/1myyx7w,ont_domain_density,global_counts,,0.16666666666666666,True
1mwdsym,test,2,http://wfrp.ia/resource/reddit/post/1mwdsym,ont_has_ontology_elements,global_counts,,1.0,False
1n34bp0,test,1,http://wfrp.ia/resource/reddit/post/1n34bp0,ont_InteligenciaArtificial_Neutro,ai,http://wfrp.ia/dominio/ciencia-tecnologia#InteligenciaArtificial,2.0,False
1n34bp0,test,1,http://wfrp.ia/resource/reddit/post/1n34bp0,ont_has_ontology_elements,global_counts,,1.0,False
1n34bp0,test,1,http://wfrp.ia/resource/reddit/post/1n34bp0,ont_count_domain_concepts,global_counts,,1.0,False
1n34bp0,test,1,http://wfrp.ia/resource/reddit/post/1n34bp0,ont_total_neutro_mentions,global_counts,,2.0,False
1n34bp0,test,1,http://wfrp.ia/resource/reddit/post/1n34bp0,ont_domain_score,global_counts,,2.0,False
1n34bp0,test,1,http://wfrp.ia/resource/reddit/post/1n34bp0,ont_domain_density,global_counts,,0.04,True
1n0nvk5,test,2,http://wfrp.ia/resource/reddit/post/1n0nvk5,ont_Futuro_Neutro,future,http://wfrp.ia/dominio/ciencia-tecnologia#Futuro,1.0,False
1n0nvk5,test,2,http://wfrp.ia/resource/reddit/post/1n0nvk5,ont_Innovacion_Neutro,innovation,http://wfrp.ia/dominio/ciencia-tecnologia#Innovacion,1.0,True
1n0nvk5,test,2,http://wfrp.ia/resource/reddit/post/1n0nvk5,ont_has_ontology_elements,global_counts,,1.0,False
1n0nvk5,test,2,http://wfrp.ia/resource/reddit/post/1n0nvk5,ont_count_domain_concepts,global_counts,,4.0,False
1n0nvk5,test,2,http://wfrp.ia/resource/reddit/post/1n0nvk5,ont_total_neutro_mentions,global_counts,,2.0,False
1n0nvk5,test,2,http://wfrp.ia/resource/reddit/post/1n0nvk5,ont_domain_score,global_counts,,4.0,False
1n0nvk5,test,2,http://wfrp.ia/resource/reddit/post/1n0nvk5,ont_domain_density,global_counts,,0.016666666666666666,True
1myajbg,test,0,http://wfrp.ia/resource/reddit/post/1myajbg,ont_Datos_Neutro,data,http://wfrp.ia/dominio/ciencia-tecnologia#Datos,1.0,False
1myajbg,test,0,http://wfrp.ia/resource/reddit/post/1myajbg,ont_has_ontology_elements,global_counts,,1.0,False
1myajbg,test,0,http://wfrp.ia/resource/reddit/post/1myajbg,ont_count_domain_concepts,global_counts,,1.0,False
1myajbg,test,0,http://wfrp.ia/resource/reddit/post/1myajbg,ont_total_neutro_mentions,global_counts,,1.0,False
1myajbg,test,0,http://wfrp.ia/resource/reddit/post/1myajbg,ont_domain_score,global_counts,,1.0,False
1myajbg,test,0,http://wfrp.ia/resource/reddit/post/1myajbg,ont_domain_density,global_counts,,0.045454545454545456,True
1mzw58j,test,0,http://wfrp.ia/resource/reddit/post/1mzw58j,ont_InteligenciaArtificial_Neutro,ai,http://wfrp.ia/dominio/ciencia-tecnologia#InteligenciaArtificial,1.0,False
1mzw58j,test,0,http://wfrp.ia/resource/reddit/post/1mzw58j,ont_Robot_Neutro,robot,http://wfrp.ia/dominio/ciencia-tecnologia#Robot,1.0,False
1mzw58j,test,0,http://wfrp.ia/resource/reddit/post/1mzw58j,ont_has_ontology_elements,global_counts,,1.0,False
1mzw58j,test,0,http://wfrp.ia/resource/reddit/post/1mzw58j,ont_count_domain_concepts,global_counts,,2.0,False
1mzw58j,test,0,http://wfrp.ia/resource/reddit/post/1mzw58j,ont_total_neutro_mentions,global_counts,,2.0,False
1mzw58j,test,0,http://wfrp.ia/resource/reddit/post/1mzw58j,ont_domain_score,global_counts,,2.0,False
1mzw58j,test,0,http://wfrp.ia/resource/reddit/post/1mzw58j,ont_domain_density,global_counts,,0.2,True
1n0qxw7,test,2,http://wfrp.ia/resource/reddit/post/1n0qxw7,,,,0.0,False
1mrndkp,test,1,http://wfrp.ia/resource/reddit/post/1mrndkp,ont_InteligenciaArtificial_Neutro,ai,http://wfrp.ia/dominio/ciencia-tecnologia#InteligenciaArtificial,1.0,False
1mrndkp,test,1,http://wfrp.ia/resource/reddit/post/1mrndkp,ont_has_ontology_elements,global_counts,,1.0,False
1mrndkp,test,1,http://wfrp.ia/resource/reddit/post/1mrndkp,ont_count_domain_concepts,global_counts,,1.0,False
1mrndkp,test,1,http://wfrp.ia/resource/reddit/post/1mrndkp,ont_total_neutro_mentions,global_counts,,1.0,False
1mrndkp,test,1,http://wfrp.ia/resource/reddit/post/1mrndkp,ont_domain_score,global_counts,,1.0,False
1mrndkp,test,1,http://wfrp.ia/resource/reddit/post/1mrndkp,ont_domain_density,global_counts,,0.1111111111111111,True
1n2yhr4,test,2,http://wfrp.ia/resource/reddit/post/1n2yhr4,ont_has_ontology_elements,global_counts,,1.0,False
1mukgv0,test,1,http://wfrp.ia/resource/reddit/post/1mukgv0,ont_Robot_Neutro,robot,http://wfrp.ia/dominio/ciencia-tecnologia#Robot,1.0,False
1mukgv0,test,1,http://wfrp.ia/resource/reddit/post/1mukgv0,ont_has_ontology_elements,global_counts,,1.0,False
1mukgv0,test,1,http://wfrp.ia/resource/reddit/post/1mukgv0,ont_count_domain_concepts,global_counts,,1.0,False
1mukgv0,test,1,http://wfrp.ia/resource/reddit/post/1mukgv0,ont_total_neutro_mentions,global_counts,,1.0,False
1mukgv0,test,1,http://wfrp.ia/resource/reddit/post/1mukgv0,ont_domain_score,global_counts,,1.0,False
1mukgv0,test,1,http://wfrp.ia/resource/reddit/post/1mukgv0,ont_domain_density,global_counts,,0.16666666666666666,True
1n3dr35,test,0,http://wfrp.ia/resource/reddit/post/1n3dr35,ont_InteligenciaArtificial_Neutro,ai,http://wfrp.ia/dominio/ciencia-tecnologia#InteligenciaArtificial,1.0,False
1n3dr35,test,0,http://wfrp.ia/resource/reddit/post/1n3dr35,ont_Datos_Neutro,data,http://wfrp.ia/dominio/ciencia-tecnologia#Datos,1.0,False
1n3dr35,test,0,http://wfrp.ia/resource/reddit/post/1n3dr35,ont_has_ontology_elements,global_counts,,1.0,False
1n3dr35,test,0,http://wfrp.ia/resource/reddit/post/1n3dr35,ont_count_domain_concepts,global_counts,,2.0,False
1n3dr35,test,0,http://wfrp.ia/resource/reddit/post/1n3dr35,ont_total_neutro_mentions,global_counts,,2.0,False
1n3dr35,test,0,http://wfrp.ia/resource/reddit/post/1n3dr35,ont_domain_score,global_counts,,2.0,False
1n3dr35,test,0,http://wfrp.ia/resource/reddit/post/1n3dr35,ont_domain_density,global_counts,,0.08,True
1mx3mh8,test,0,http://wfrp.ia/resource/reddit/post/1mx3mh8,ont_InteligenciaArtificial_Neutro,ai,http://wfrp.ia/dominio/ciencia-tecnologia#InteligenciaArtificial,1.0,False
1mx3mh8,test,0,http://wfrp.ia/resource/reddit/post/1mx3mh8,ont_has_ontology_elements,global_counts,,1.0,False
1mx3mh8,test,0,http://wfrp.ia/resource/reddit/post/1mx3mh8,ont_count_domain_concepts,global_counts,,1.0,False
1mx3mh8,test,0,http://wfrp.ia/resource/reddit/post/1mx3mh8,ont_total_neutro_mentions,global_counts,,1.0,False
1mx3mh8,test,0,http://wfrp.ia/resource/reddit/post/1mx3mh8,ont_domain_score,global_counts,,1.0,False
1mx3mh8,test,0,http://wfrp.ia/resource/reddit/post/1mx3mh8,ont_domain_density,global_counts,,0.08333333333333333,True
1n0zve8,test,0,http://wfrp.ia/resource/reddit/post/1n0zve8,ont_InteligenciaArtificial_Neutro,ai,http://wfrp.ia/dominio/ciencia-tecnologia#InteligenciaArtificial,2.0,False
1n0zve8,test,0,http://wfrp.ia/resource/reddit/post/1n0zve8,ont_Robot_Neutro,robot,http://wfrp.ia/dominio/ciencia-tecnologia#Robot,1.0,False
1n0zve8,test,0,http://wfrp.ia/resource/reddit/post/1n0zve8,ont_has_ontology_elements,global_counts,,1.0,False
1n0zve8,test,0,http://wfrp.ia/resource/reddit/post/1n0zve8,ont_count_domain_concepts,global_counts,,2.0,False
1n0zve8,test,0,http://wfrp.ia/resource/reddit/post/1n0zve8,ont_total_neutro_mentions,global_counts,,3.0,False
1n0zve8,test,0,http://wfrp.ia/resource/reddit/post/1n0zve8,ont_domain_score,global_counts,,1.5,False
1n0zve8,test,0,http://wfrp.ia/resource/reddit/post/1n0zve8,ont_domain_density,global_counts,,0.07692307692307693,True
1mxx643,test,0,http://wfrp.ia/resource/reddit/post/1mxx643,ont_InteligenciaArtificial_Neutro,ai,http://wfrp.ia/dominio/ciencia-tecnologia#InteligenciaArtificial,1.0,False
1mxx643,test,0,http://wfrp.ia/resource/reddit/post/1mxx643,ont_Robot_Neutro,robot,http://wfrp.ia/dominio/ciencia-tecnologia#Robot,1.0,False
1mxx643,test,0,http://wfrp.ia/resource/reddit/post/1mxx643,ont_has_ontology_elements,global_counts,,1.0,False
1mxx643,test,0,http://wfrp.ia/resource/reddit/post/1mxx643,ont_count_domain_concepts,global_counts,,2.0,False
1mxx643,test,0,http://wfrp.ia/resource/reddit/post/1mxx643,ont_total_neutro_mentions,global_counts,,2.0,False
1mxx643,test,0,http://wfrp.ia/resource/reddit/post/1mxx643,ont_domain_score,global_counts,,2.0,False
1mxx643,test,0,http://wfrp.ia/resource/reddit/post/1mxx643,ont_domain_density,global_counts,,0.18181818181818182,True
1my0t4v,test,0,http://wfrp.ia/resource/reddit/post/1my0t4v,ont_InteligenciaArtificial_Neutro,ai,http://wfrp.ia/dominio/ciencia-tecnologia#InteligenciaArtificial,1.0,False
1my0t4v,test,0,http://wfrp.ia/resource/reddit/post/1my0t4v,ont_has_ontology_elements,global_counts,,1.0,False
1my0t4v,test,0,http://wfrp.ia/resource/reddit/post/1my0t4v,ont_count_domain_concepts,global_counts,,1.0,False
1my0t4v,test,0,http://wfrp.ia/resource/reddit/post/1my0t4v,ont_total_neutro_mentions,global_counts,,1.0,False
1my0t4v,test,0,http://wfrp.ia/resource/reddit/post/1my0t4v,ont_domain_score,global_counts,,1.0,False
1my0t4v,test,0,http://wfrp.ia/resource/reddit/post/1my0t4v,ont_domain_density,global_counts,,0.0625,True
1mybwin,test,2,http://wfrp.ia/resource/reddit/post/1mybwin,,,,0.0,False
1n08xkr,test,0,http://wfrp.ia/resource/reddit/post/1n08xkr,ont_InteligenciaArtificial_Neutro,ai,http://wfrp.ia/dominio/ciencia-tecnologia#InteligenciaArtificial,2.0,False
1n08xkr,test,0,http://wfrp.ia/resource/reddit/post/1n08xkr,ont_has_ontology_elements,global_counts,,1.0,False
1n08xkr,test,0,http://wfrp.ia/resource/reddit/post/1n08xkr,ont_count_domain_concepts,global_counts,,1.0,False
1n08xkr,test,0,http://wfrp.ia/resource/reddit/post/1n08xkr,ont_total_neutro_mentions,global_counts,,2.0,False
1n08xkr,test,0,http://wfrp.ia/resource/reddit/post/1n08xkr,ont_domain_score,global_counts,,1.5,False
1n08xkr,test,0,http://wfrp.ia/resource/reddit/post/1n08xkr,ont_domain_density,global_counts,,0.07692307692307693,True
1n2jos3,test,0,http://wfrp.ia/resource/reddit/post/1n2jos3,ont_InteligenciaArtificial_Neutro,ai,http://wfrp.ia/dominio/ciencia-tecnologia#InteligenciaArtificial,1.0,False
1n2jos3,test,0,http://wfrp.ia/resource/reddit/post/1n2jos3,ont_has_ontology_elements,global_counts,,1.0,False
1n2jos3,test,0,http://wfrp.ia/resource/reddit/post/1n2jos3,ont_count_domain_concepts,global_counts,,1.0,False
1n2jos3,test,0,http://wfrp.ia/resource/reddit/post/1n2jos3,ont_total_neutro_mentions,global_counts,,1.0,False
1n2jos3,test,0,http://wfrp.ia/resource/reddit/post/1n2jos3,ont_domain_score,global_counts,,0.5,False
1n2jos3,test,0,http://wfrp.ia/resource/reddit/post/1n2jos3,ont_domain_density,global_counts,,0.1,True
1n0f6zq,test,2,http://wfrp.ia/resource/reddit/post/1n0f6zq,ont_InteligenciaArtificial_Neutro,ai,http://wfrp.ia/dominio/ciencia-tecnologia#InteligenciaArtificial,1.0,False
1n0f6zq,test,2,http://wfrp.ia/resource/reddit/post/1n0f6zq,ont_Robot_Neutro,robot,http://wfrp.ia/dominio/ciencia-tecnologia#Robot,1.0,False
1n0f6zq,test,2,http://wfrp.ia/resource/reddit/post/1n0f6zq,ont_has_ontology_elements,global_counts,,1.0,False
1n0f6zq,test,2,http://wfrp.ia/resource/reddit/post/1n0f6zq,ont_count_domain_concepts,global_counts,,2.0,False
1n0f6zq,test,2,http://wfrp.ia/resource/reddit/post/1n0f6zq,ont_total_neutro_mentions,global_counts,,2.0,False
1n0f6zq,test,2,http://wfrp.ia/resource/reddit/post/1n0f6zq,ont_domain_score,global_counts,,2.0,False
1n0f6zq,test,2,http://wfrp.ia/resource/reddit/post/1n0f6zq,ont_domain_density,global_counts,,0.07692307692307693,True
1n1si6b,test,2,http://wfrp.ia/resource/reddit/post/1n1si6b,ont_Tecnologia_Neutro,technology,http://wfrp.ia/dominio/ciencia-tecnologia#Tecnologia,1.0,True
1n1si6b,test,2,http://wfrp.ia/resource/reddit/post/1n1si6b,ont_has_ontology_elements,global_counts,,1.0,False
1n1si6b,test,2,http://wfrp.ia/resource/reddit/post/1n1si6b,ont_count_domain_concepts,global_counts,,1.0,False
1n1si6b,test,2,http://wfrp.ia/resource/reddit/post/1n1si6b,ont_total_neutro_mentions,global_counts,,1.0,False
1n1si6b,test,2,http://wfrp.ia/resource/reddit/post/1n1si6b,ont_domain_score,global_counts,,1.0,False
1n1si6b,test,2,http://wfrp.ia/resource/reddit/post/1n1si6b,ont_domain_density,global_counts,,0.08333333333333333,True
1mzrna3,test,2,http://wfrp.ia/resource/reddit/post/1mzrna3,ont_Futuro_Neutro,future,http://wfrp.ia/dominio/ciencia-tecnologia#Futuro,1.0,False
1mzrna3,test,2,http://wfrp.ia/resource/reddit/post/1mzrna3,ont_has_ontology_elements,global_counts,,1.0,False
1mzrna3,test,2,http://wfrp.ia/resource/reddit/post/1mzrna3,ont_count_domain_concepts,global_counts,,1.0,False
1mzrna3,test,2,http://wfrp.ia/resource/reddit/post/1mzrna3,ont_total_neutro_mentions,global_counts,,1.0,False
1mzrna3,test,2,http://wfrp.ia/resource/reddit/post/1mzrna3,ont_domain_score,global_counts,,1.0,False
1mzrna3,test,2,http://wfrp.ia/resource/reddit/post/1mzrna3,ont_domain_density,global_counts,,0.06666666666666667,True
1n2d5tp,test,2,http://wfrp.ia/resource/reddit/post/1n2d5tp,ont_Tecnologia_Neutro,technology,http://wfrp.ia/dominio/ciencia-tecnologia#Tecnologia,1.0,True
1n2d5tp,test,2,http://wfrp.ia/resource/reddit/post/1n2d5tp,ont_has_ontology_elements,global_counts,,1.0,False
1n2d5tp,test,2,http://wfrp.ia/resource/reddit/post/1n2d5tp,ont_count_domain_concepts,global_counts,,1.0,False
1n2d5tp,test,2,http://wfrp.ia/resource/reddit/post/1n2d5tp,ont_total_neutro_mentions,global_counts,,1.0,False
1n2d5tp,test,2,http://wfrp.ia/resource/reddit/post/1n2d5tp,ont_domain_score,global_counts,,1.0,False
1n2d5tp,test,2,http://wfrp.ia/resource/reddit/post/1n2d5tp,ont_domain_density,global_counts,,0.1,True
1mwy5jl,test,2,http://wfrp.ia/resource/reddit/post/1mwy5jl,ont_has_ontology_elements,global_counts,,1.0,False
1mwy5jl,test,2,http://wfrp.ia/resource/reddit/post/1mwy5jl,ont_count_domain_concepts,global_counts,,1.0,False
1mwy5jl,test,2,http://wfrp.ia/resource/reddit/post/1mwy5jl,ont_domain_score,global_counts,,1.0,False
1mwy5jl,test,2,http://wfrp.ia/resource/reddit/post/1mwy5jl,ont_domain_density,global_counts,,0.02564102564102564,True
1n3x9ye,test,1,http://wfrp.ia/resource/reddit/post/1n3x9ye,ont_InteligenciaArtificial_Neutro,ai,http://wfrp.ia/dominio/ciencia-tecnologia#InteligenciaArtificial,1.0,False
1n3x9ye,test,1,http://wfrp.ia/resource/reddit/post/1n3x9ye,ont_has_ontology_elements,global_counts,,1.0,False
1n3x9ye,test,1,http://wfrp.ia/resource/reddit/post/1n3x9ye,ont_count_domain_concepts,global_counts,,1.0,False
1n3x9ye,test,1,http://wfrp.ia/resource/reddit/post/1n3x9ye,ont_total_neutro_mentions,global_counts,,1.0,False
1n3x9ye,test,1,http://wfrp.ia/resource/reddit/post/1n3x9ye,ont_domain_score,global_counts,,1.0,False
1n3x9ye,test,1,http://wfrp.ia/resource/reddit/post/1n3x9ye,ont_domain_density,global_counts,,0.07692307692307693,True
1n26kud,test,0,http://wfrp.ia/resource/reddit/post/1n26kud,ont_InteligenciaArtificial_Neutro,ai,http://wfrp.ia/dominio/ciencia-tecnologia#InteligenciaArtificial,1.0,False
1n26kud,test,0,http://wfrp.ia/resource/reddit/post/1n26kud,ont_has_ontology_elements,global_counts,,1.0,False
1n26kud,test,0,http://wfrp.ia/resource/reddit/post/1n26kud,ont_count_domain_concepts,global_counts,,1.0,False
1n26kud,test,0,http://wfrp.ia/resource/reddit/post/1n26kud,ont_total_neutro_mentions,global_counts,,1.0,False
1n26kud,test,0,http://wfrp.ia/resource/reddit/post/1n26kud,ont_domain_score,global_counts,,0.5,False
1n26kud,test,0,http://wfrp.ia/resource/reddit/post/1n26kud,ont_domain_density,global_counts,,0.1,True
1mxciw8,test,0,http://wfrp.ia/resource/reddit/post/1mxciw8,ont_Automatizacion_Neutro,automation,http://wfrp.ia/dominio/ciencia-tecnologia#Automatizacion,1.0,False
1mxciw8,test,0,http://wfrp.ia/resource/reddit/post/1mxciw8,ont_has_ontology_elements,global_counts,,1.0,False
1mxciw8,test,0,http://wfrp.ia/resource/reddit/post/1mxciw8,ont_count_domain_concepts,global_counts,,1.0,False
1mxciw8,test,0,http://wfrp.ia/resource/reddit/post/1mxciw8,ont_total_neutro_mentions,global_counts,,1.0,False
1mxciw8,test,0,http://wfrp.ia/resource/reddit/post/1mxciw8,ont_domain_score,global_counts,,1.0,False
1mxciw8,test,0,http://wfrp.ia/resource/reddit/post/1mxciw8,ont_domain_density,global_counts,,0.025,True
1n3p33e,test,1,http://wfrp.ia/resource/reddit/post/1n3p33e,ont_Datos_Neutro,data,http://wfrp.ia/dominio/ciencia-tecnologia#Datos,1.0,False
1n3p33e,test,1,http://wfrp.ia/resource/reddit/post/1n3p33e,ont_has_ontology_elements,global_counts,,1.0,False
1n3p33e,test,1,http://wfrp.ia/resource/reddit/post/1n3p33e,ont_count_domain_concepts,global_counts,,1.0,False
1n3p33e,test,1,http://wfrp.ia/resource/reddit/post/1n3p33e,ont_total_neutro_mentions,global_counts,,1.0,False
1n3p33e,test,1,http://wfrp.ia/resource/reddit/post/1n3p33e,ont_domain_score,global_counts,,1.0,False
1n3p33e,test,1,http://wfrp.ia/resource/reddit/post/1n3p33e,ont_domain_density,global_counts,,0.07692307692307693,True
1n3md2i,test,2,http://wfrp.ia/resource/reddit/post/1n3md2i,,,,0.0,False
1n3ygx4,test,1,http://wfrp.ia/resource/reddit/post/1n3ygx4,ont_InteligenciaArtificial_Neutro,ai,http://wfrp.ia/dominio/ciencia-tecnologia#InteligenciaArtificial,1.0,False
1n3ygx4,test,1,http://wfrp.ia/resource/reddit/post/1n3ygx4,ont_has_ontology_elements,global_counts,,1.0,False
1n3ygx4,test,1,http://wfrp.ia/resource/reddit/post/1n3ygx4,ont_count_domain_concepts,global_counts,,1.0,False
1n3ygx4,test,1,http://wfrp.ia/resource/reddit/post/1n3ygx4,ont_total_neutro_mentions,global_counts,,1.0,False
1n3ygx4,test,1,http://wfrp.ia/resource/reddit/post/1n3ygx4,ont_domain_score,global_counts,,1.0,False
1n3ygx4,test,1,http://wfrp.ia/resource/reddit/post/1n3ygx4,ont_domain_density,global_counts,,0.05263157894736842,True
1n1zg62,test,1,http://wfrp.ia/resource/reddit/post/1n1zg62,ont_InteligenciaArtificial_Neutro,ai,http://wfrp.ia/dominio/ciencia-tecnologia#InteligenciaArtificial,1.0,False
1n1zg62,test,1,http://wfrp.ia/resource/reddit/post/1n1zg62,ont_has_ontology_elements,global_counts,,1.0,False
1n1zg62,test,1,http://wfrp.ia/resource/reddit/post/1n1zg62,ont_count_domain_concepts,global_counts,,2.0,False
1n1zg62,test,1,http://wfrp.ia/resource/reddit/post/1n1zg62,ont_total_neutro_mentions,global_counts,,1.0,False
1n1zg62,test,1,http://wfrp.ia/resource/reddit/post/1n1zg62,ont_domain_score,global_counts,,2.5,False
1n1zg62,test,1,http://wfrp.ia/resource/reddit/post/1n1zg62,ont_domain_density,global_counts,,0.015267175572519083,True
1my2d76,test,2,http://wfrp.ia/resource/reddit/post/1my2d76,,,,0.0,False
1n1mh86,test,2,http://wfrp.ia/resource/reddit/post/1n1mh86,ont_InteligenciaArtificial_Neutro,ai,http://wfrp.ia/dominio/ciencia-tecnologia#InteligenciaArtificial,2.0,False
1n1mh86,test,2,http://wfrp.ia/resource/reddit/post/1n1mh86,ont_has_ontology_elements,global_counts,,1.0,False
1n1mh86,test,2,http://wfrp.ia/resource/reddit/post/1n1mh86,ont_count_domain_concepts,global_counts,,1.0,False
1n1mh86,test,2,http://wfrp.ia/resource/reddit/post/1n1mh86,ont_total_neutro_mentions,global_counts,,2.0,False
1n1mh86,test,2,http://wfrp.ia/resource/reddit/post/1n1mh86,ont_domain_score,global_counts,,1.0,False
1n1mh86,test,2,http://wfrp.ia/resource/reddit/post/1n1mh86,ont_domain_density,global_counts,,0.1111111111111111,True
1n40wdf,test,1,http://wfrp.ia/resource/reddit/post/1n40wdf,ont_InteligenciaArtificial_Neutro,ai,http://wfrp.ia/dominio/ciencia-tecnologia#InteligenciaArtificial,1.0,False
1n40wdf,test,1,http://wfrp.ia/resource/reddit/post/1n40wdf,ont_has_ontology_elements,global_counts,,1.0,False
1n40wdf,test,1,http://wfrp.ia/resource/reddit/post/1n40wdf,ont_count_domain_concepts,global_counts,,2.0,False
1n40wdf,test,1,http://wfrp.ia/resource/reddit/post/1n40wdf,ont_total_neutro_mentions,global_counts,,1.0,False
1n40wdf,test,1,http://wfrp.ia/resource/reddit/post/1n40wdf,ont_domain_score,global_counts,,2.0,False
1n40wdf,test,1,http://wfrp.ia/resource/reddit/post/1n40wdf,ont_domain_density,global_counts,,0.13333333333333333,True
1n0sm95,test,2,http://wfrp.ia/resource/reddit/post/1n0sm95,ont_InteligenciaArtificial_Neutro,ai,http://wfrp.ia/dominio/ciencia-tecnologia#InteligenciaArtificial,2.0,False
1n0sm95,test,2,http://wfrp.ia/resource/reddit/post/1n0sm95,ont_has_ontology_elements,global_counts,,1.0,False
1n0sm95,test,2,http://wfrp.ia/resource/reddit/post/1n0sm95,ont_count_domain_concepts,global_counts,,1.0,False
1n0sm95,test,2,http://wfrp.ia/resource/reddit/post/1n0sm95,ont_total_neutro_mentions,global_counts,,2.0,False
1n0sm95,test,2,http://wfrp.ia/resource/reddit/post/1n0sm95,ont_domain_score,global_counts,,1.5,False
1n0sm95,test,2,http://wfrp.ia/resource/reddit/post/1n0sm95,ont_domain_density,global_counts,,0.043478260869565216,True
1n0f0r7,test,1,http://wfrp.ia/resource/reddit/post/1n0f0r7,ont_Tecnologia_Neutro,technology,http://wfrp.ia/dominio/ciencia-tecnologia#Tecnologia,1.0,True
1n0f0r7,test,1,http://wfrp.ia/resource/reddit/post/1n0f0r7,ont_has_ontology_elements,global_counts,,1.0,False
1n0f0r7,test,1,http://wfrp.ia/resource/reddit/post/1n0f0r7,ont_count_domain_concepts,global_counts,,1.0,False
1n0f0r7,test,1,http://wfrp.ia/resource/reddit/post/1n0f0r7,ont_total_neutro_mentions,global_counts,,1.0,False
1n0f0r7,test,1,http://wfrp.ia/resource/reddit/post/1n0f0r7,ont_domain_score,global_counts,,1.0,False
1n0f0r7,test,1,http://wfrp.ia/resource/reddit/post/1n0f0r7,ont_domain_density,global_counts,,0.037037037037037035,True
1n0lpbx,test,2,http://wfrp.ia/resource/reddit/post/1n0lpbx,ont_Innovacion_Neutro,innovation,http://wfrp.ia/dominio/ciencia-tecnologia#Innovacion,1.0,True
1n0lpbx,test,2,http://wfrp.ia/resource/reddit/post/1n0lpbx,ont_has_ontology_elements,global_counts,,1.0,False
1n0lpbx,test,2,http://wfrp.ia/resource/reddit/post/1n0lpbx,ont_count_domain_concepts,global_counts,,1.0,False
1n0lpbx,test,2,http://wfrp.ia/resource/reddit/post/1n0lpbx,ont_total_neutro_mentions,global_counts,,1.0,False
1n0lpbx,test,2,http://wfrp.ia/resource/reddit/post/1n0lpbx,ont_domain_score,global_counts,,1.0,False
1n0lpbx,test,2,http://wfrp.ia/resource/reddit/post/1n0lpbx,ont_domain_density,global_counts,,0.1,True
1mwsg0q,test,1,http://wfrp.ia/resource/reddit/post/1mwsg0q,ont_Datos_Neutro,data,http://wfrp.ia/dominio/ciencia-tecnologia#Datos,1.0,False
1mwsg0q,test,1,http://wfrp.ia/resource/reddit/post/1mwsg0q,ont_has_ontology_elements,global_counts,,1.0,False
1mwsg0q,test,1,http://wfrp.ia/resource/reddit/post/1mwsg0q,ont_count_domain_concepts,global_counts,,1.0,False
1mwsg0q,test,1,http://wfrp.ia/resource/reddit/post/1mwsg0q,ont_total_neutro_mentions,global_counts,,1.0,False
1mwsg0q,test,1,http://wfrp.ia/resource/reddit/post/1mwsg0q,ont_domain_score,global_counts,,1.0,False
1mwsg0q,test,1,http://wfrp.ia/resource/reddit/post/1mwsg0q,ont_domain_density,global_counts,,0.1,True
1mxbbct,test,0,http://wfrp.ia/resource/reddit/post/1mxbbct,ont_InteligenciaArtificial_Neutro,ai,http://wfrp.ia/dominio/ciencia-tecnologia#InteligenciaArtificial,1.0,False
1mxbbct,test,0,http://wfrp.ia/resource/reddit/post/1mxbbct,ont_Robot_Neutro,robot,http://wfrp.ia/dominio/ciencia-tecnologia#Robot,1.0,False
1mxbbct,test,0,http://wfrp.ia/resource/reddit/post/1mxbbct,ont_has_ontology_elements,global_counts,,1.0,False
1mxbbct,test,0,http://wfrp.ia/resource/reddit/post/1mxbbct,ont_count_domain_concepts,global_counts,,2.0,False
1mxbbct,test,0,http://wfrp.ia/resource/reddit/post/1mxbbct,ont_total_neutro_mentions,global_counts,,2.0,False
1mxbbct,test,0,http://wfrp.ia/resource/reddit/post/1mxbbct,ont_domain_score,global_counts,,2.0,False
1mxbbct,test,0,http://wfrp.ia/resource/reddit/post/1mxbbct,ont_domain_density,global_counts,,0.2,True
1mx0pwd,test,2,http://wfrp.ia/resource/reddit/post/1mx0pwd,ont_InteligenciaArtificial_Neutro,ai,http://wfrp.ia/dominio/ciencia-tecnologia#InteligenciaArtificial,1.0,False
1mx0pwd,test,2,http://wfrp.ia/resource/reddit/post/1mx0pwd,ont_AprendizajeAutomatico_Neutro,ml,http://wfrp.ia/dominio/ciencia-tecnologia#AprendizajeAutomatico,1.0,False
1mx0pwd,test,2,http://wfrp.ia/resource/reddit/post/1mx0pwd,ont_has_ontology_elements,global_counts,,1.0,False
1mx0pwd,test,2,http://wfrp.ia/resource/reddit/post/1mx0pwd,ont_count_domain_concepts,global_counts,,2.0,False
1mx0pwd,test,2,http://wfrp.ia/resource/reddit/post/1mx0pwd,ont_total_neutro_mentions,global_counts,,2.0,False
1mx0pwd,test,2,http://wfrp.ia/resource/reddit/post/1mx0pwd,ont_domain_score,global_counts,,1.5,False
1mx0pwd,test,2,http://wfrp.ia/resource/reddit/post/1mx0pwd,ont_domain_density,global_counts,,0.13333333333333333,True
1mvxox8,test,2,http://wfrp.ia/resource/reddit/post/1mvxox8,,,,0.0,False
1mx5tca,test,2,http://wfrp.ia/resource/reddit/post/1mx5tca,ont_InteligenciaArtificial_Neutro,ai,http://wfrp.ia/dominio/ciencia-tecnologia#InteligenciaArtificial,1.0,False
1mx5tca,test,2,http://wfrp.ia/resource/reddit/post/1mx5tca,ont_has_ontology_elements,global_counts,,1.0,False
1mx5tca,test,2,http://wfrp.ia/resource/reddit/post/1mx5tca,ont_count_domain_concepts,global_counts,,1.0,False
1mx5tca,test,2,http://wfrp.ia/resource/reddit/post/1mx5tca,ont_total_neutro_mentions,global_counts,,1.0,False
1mx5tca,test,2,http://wfrp.ia/resource/reddit/post/1mx5tca,ont_domain_score,global_counts,,0.5,False
1mx5tca,test,2,http://wfrp.ia/resource/reddit/post/1mx5tca,ont_domain_density,global_counts,,0.09090909090909091,True
1mvqnm3,test,1,http://wfrp.ia/resource/reddit/post/1mvqnm3,ont_InteligenciaArtificial_Neutro,ai,http://wfrp.ia/dominio/ciencia-tecnologia#InteligenciaArtificial,1.0,False
1mvqnm3,test,1,http://wfrp.ia/resource/reddit/post/1mvqnm3,ont_has_ontology_elements,global_counts,,1.0,False
1mvqnm3,test,1,http://wfrp.ia/resource/reddit/post/1mvqnm3,ont_count_domain_concepts,global_counts,,1.0,False
1mvqnm3,test,1,http://wfrp.ia/resource/reddit/post/1mvqnm3,ont_total_neutro_mentions,global_counts,,1.0,False
1mvqnm3,test,1,http://wfrp.ia/resource/reddit/post/1mvqnm3,ont_domain_score,global_counts,,1.0,False
1mvqnm3,test,1,http://wfrp.ia/resource/reddit/post/1mvqnm3,ont_domain_density,global_counts,,0.05,True
1mvmtvf,test,1,http://wfrp.ia/resource/reddit/post/1mvmtvf,ont_InteligenciaArtificial_Neutro,ai,http://wfrp.ia/dominio/ciencia-tecnologia#InteligenciaArtificial,1.0,False
1mvmtvf,test,1,http://wfrp.ia/resource/reddit/post/1mvmtvf,ont_has_ontology_elements,global_counts,,1.0,False
1mvmtvf,test,1,http://wfrp.ia/resource/reddit/post/1mvmtvf,ont_count_domain_concepts,global_counts,,1.0,False
1mvmtvf,test,1,http://wfrp.ia/resource/reddit/post/1mvmtvf,ont_total_neutro_mentions,global_counts,,1.0,False
1mvmtvf,test,1,http://wfrp.ia/resource/reddit/post/1mvmtvf,ont_domain_score,global_counts,,1.0,False
1mvmtvf,test,1,http://wfrp.ia/resource/reddit/post/1mvmtvf,ont_domain_density,global_counts,,0.07692307692307693,True
1n2fdxl,test,1,http://wfrp.ia/resource/reddit/post/1n2fdxl,ont_InteligenciaArtificial_Neutro,ai,http://wfrp.ia/dominio/ciencia-tecnologia#InteligenciaArtificial,4.0,False
1n2fdxl,test,1,http://wfrp.ia/resource/reddit/post/1n2fdxl,ont_Tecnologia_Neutro,technology,http://wfrp.ia/dominio/ciencia-tecnologia#Tecnologia,1.0,True
1n2fdxl,test,1,http://wfrp.ia/resource/reddit/post/1n2fdxl,ont_has_ontology_elements,global_counts,,1.0,False
1n2fdxl,test,1,http://wfrp.ia/resource/reddit/post/1n2fdxl,ont_count_domain_concepts,global_counts,,2.0,False
1n2fdxl,test,1,http://wfrp.ia/resource/reddit/post/1n2fdxl,ont_total_neutro_mentions,global_counts,,5.0,False
1n2fdxl,test,1,http://wfrp.ia/resource/reddit/post/1n2fdxl,ont_domain_score,global_counts,,5.0,False
1n2fdxl,test,1,http://wfrp.ia/resource/reddit/post/1n2fdxl,ont_domain_density,global_counts,,0.009302325581395349,True
1n0ra9s,test,0,http://wfrp.ia/resource/reddit/post/1n0ra9s,ont_InteligenciaArtificial_Neutro,ai,http://wfrp.ia/dominio/ciencia-tecnologia#InteligenciaArtificial,1.0,False
1n0ra9s,test,0,http://wfrp.ia/resource/reddit/post/1n0ra9s,ont_has_ontology_elements,global_counts,,1.0,False
1n0ra9s,test,0,http://wfrp.ia/resource/reddit/post/1n0ra9s,ont_count_domain_concepts,global_counts,,2.0,False
1n0ra9s,test,0,http://wfrp.ia/resource/reddit/post/1n0ra9s,ont_total_neutro_mentions,global_counts,,1.0,False
1n0ra9s,test,0,http://wfrp.ia/resource/reddit/post/1n0ra9s,ont_domain_score,global_counts,,2.0,False
1n0ra9s,test,0,http://wfrp.ia/resource/reddit/post/1n0ra9s,ont_domain_density,global_counts,,0.16666666666666666,True
1n3dyec,test,0,http://wfrp.ia/resource/reddit/post/1n3dyec,ont_InteligenciaArtificial_Neutro,ai,http://wfrp.ia/dominio/ciencia-tecnologia#InteligenciaArtificial,2.0,False
1n3dyec,test,0,http://wfrp.ia/resource/reddit/post/1n3dyec,ont_has_ontology_elements,global_counts,,1.0,False
1n3dyec,test,0,http://wfrp.ia/resource/reddit/post/1n3dyec,ont_count_domain_concepts,global_counts,,1.0,False
1n3dyec,test,0,http://wfrp.ia/resource/reddit/post/1n3dyec,ont_total_neutro_mentions,global_counts,,2.0,False
1n3dyec,test,0,http://wfrp.ia/resource/reddit/post/1n3dyec,ont_domain_score,global_counts,,1.0,False
1n3dyec,test,0,http://wfrp.ia/resource/reddit/post/1n3dyec,ont_domain_density,global_counts,,0.09090909090909091,True
1n0gnds,test,1,http://wfrp.ia/resource/reddit/post/1n0gnds,ont_Robot_Neutro,robot,http://wfrp.ia/dominio/ciencia-tecnologia#Robot,1.0,False
1n0gnds,test,1,http://wfrp.ia/resource/reddit/post/1n0gnds,ont_has_ontology_elements,global_counts,,1.0,False
1n0gnds,test,1,http://wfrp.ia/resource/reddit/post/1n0gnds,ont_count_domain_concepts,global_counts,,1.0,False
1n0gnds,test,1,http://wfrp.ia/resource/reddit/post/1n0gnds,ont_total_neutro_mentions,global_counts,,1.0,False
1n0gnds,test,1,http://wfrp.ia/resource/reddit/post/1n0gnds,ont_domain_score,global_counts,,1.0,False
1n0gnds,test,1,http://wfrp.ia/resource/reddit/post/1n0gnds,ont_domain_density,global_counts,,0.1,True
1mv6rgr,test,2,http://wfrp.ia/resource/reddit/post/1mv6rgr,ont_InteligenciaArtificial_Neutro,ai,http://wfrp.ia/dominio/ciencia-tecnologia#InteligenciaArtificial,1.0,False
1mv6rgr,test,2,http://wfrp.ia/resource/reddit/post/1mv6rgr,ont_has_ontology_elements,global_counts,,1.0,False
1mv6rgr,test,2,http://wfrp.ia/resource/reddit/post/1mv6rgr,ont_count_domain_concepts,global_counts,,1.0,False
1mv6rgr,test,2,http://wfrp.ia/resource/reddit/post/1mv6rgr,ont_total_neutro_mentions,global_counts,,1.0,False
1mv6rgr,test,2,http://wfrp.ia/resource/reddit/post/1mv6rgr,ont_domain_score,global_counts,,1.0,False
1mv6rgr,test,2,http://wfrp.ia/resource/reddit/post/1mv6rgr,ont_domain_density,global_counts,,0.006369426751592357,True
1mxmc04,test,2,http://wfrp.ia/resource/reddit/post/1mxmc04,ont_InteligenciaArtificial_Neutro,ai,http://wfrp.ia/dominio/ciencia-tecnologia#InteligenciaArtificial,2.0,False
1mxmc04,test,2,http://wfrp.ia/resource/reddit/post/1mxmc04,ont_has_ontology_elements,global_counts,,1.0,False
1mxmc04,test,2,http://wfrp.ia/resource/reddit/post/1mxmc04,ont_count_domain_concepts,global_counts,,1.0,False
1mxmc04,test,2,http://wfrp.ia/resource/reddit/post/1mxmc04,ont_total_neutro_mentions,global_counts,,2.0,False
1mxmc04,test,2,http://wfrp.ia/resource/reddit/post/1mxmc04,ont_domain_score,global_counts,,1.5,False
1mxmc04,test,2,http://wfrp.ia/resource/reddit/post/1mxmc04,ont_domain_density,global_counts,,0.058823529411764705,True
1mxn9l6,test,1,http://wfrp.ia/resource/reddit/post/1mxn9l6,ont_InteligenciaArtificial_Neutro,ai,http://wfrp.ia/dominio/ciencia-tecnologia#InteligenciaArtificial,1.0,False
1mxn9l6,test,1,http://wfrp.ia/resource/reddit/post/1mxn9l6,ont_has_ontology_elements,global_counts,,1.0,False
1mxn9l6,test,1,http://wfrp.ia/resource/reddit/post/1mxn9l6,ont_count_domain_concepts,global_counts,,1.0,False
1mxn9l6,test,1,http://wfrp.ia/resource/reddit/post/1mxn9l6,ont_total_neutro_mentions,global_counts,,1.0,False
1mxn9l6,test,1,http://wfrp.ia/resource/reddit/post/1mxn9l6,ont_domain_score,global_counts,,1.0,False
1mxn9l6,test,1,http://wfrp.ia/resource/reddit/post/1mxn9l6,ont_domain_density,global_counts,,0.06666666666666667,True
1n3ze1l,test,2,http://wfrp.ia/resource/reddit/post/1n3ze1l,ont_Etica_Neutro,ethics,http://wfrp.ia/dominio/ciencia-tecnologia#Etica,1.0,False
1n3ze1l,test,2,http://wfrp.ia/resource/reddit/post/1n3ze1l,ont_has_ontology_elements,global_counts,,1.0,False
1n3ze1l,test,2,http://wfrp.ia/resource/reddit/post/1n3ze1l,ont_count_domain_concepts,global_counts,,1.0,False
1n3ze1l,test,2,http://wfrp.ia/resource/reddit/post/1n3ze1l,ont_total_neutro_mentions,global_counts,,1.0,False
1n3ze1l,test,2,http://wfrp.ia/resource/reddit/post/1n3ze1l,ont_domain_score,global_counts,,1.0,False
1n3ze1l,test,2,http://wfrp.ia/resource/reddit/post/1n3ze1l,ont_domain_density,global_counts,,0.004166666666666667,True
1n1jd0k,test,1,http://wfrp.ia/resource/reddit/post/1n1jd0k,ont_Datos_Neutro,data,http://wfrp.ia/dominio/ciencia-tecnologia#Datos,1.0,False
1n1jd0k,test,1,http://wfrp.ia/resource/reddit/post/1n1jd0k,ont_has_ontology_elements,global_counts,,1.0,False
1n1jd0k,test,1,http://wfrp.ia/resource/reddit/post/1n1jd0k,ont_count_domain_concepts,global_counts,,1.0,False
1n1jd0k,test,1,http://wfrp.ia/resource/reddit/post/1n1jd0k,ont_total_neutro_mentions,global_counts,,1.0,False
1n1jd0k,test,1,http://wfrp.ia/resource/reddit/post/1n1jd0k,ont_domain_score,global_counts,,1.0,False
1n1jd0k,test,1,http://wfrp.ia/resource/reddit/post/1n1jd0k,ont_domain_density,global_counts,,0.07692307692307693,True
1n0f6gi,test,1,http://wfrp.ia/resource/reddit/post/1n0f6gi,ont_InteligenciaArtificial_Neutro,ai,http://wfrp.ia/dominio/ciencia-tecnologia#InteligenciaArtificial,2.0,False
1n0f6gi,test,1,http://wfrp.ia/resource/reddit/post/1n0f6gi,ont_Datos_Neutro,data,http://wfrp.ia/dominio/ciencia-tecnologia#Datos,3.0,False
1n0f6gi,test,1,http://wfrp.ia/resource/reddit/post/1n0f6gi,ont_has_ontology_elements,global_counts,,1.0,False
1n0f6gi,test,1,http://wfrp.ia/resource/reddit/post/1n0f6gi,ont_count_domain_concepts,global_counts,,2.0,False
1n0f6gi,test,1,http://wfrp.ia/resource/reddit/post/1n0f6gi,ont_total_neutro_mentions,global_counts,,5.0,False
1n0f6gi,test,1,http://wfrp.ia/resource/reddit/post/1n0f6gi,ont_domain_score,global_counts,,3.0,False
1n0f6gi,test,1,http://wfrp.ia/resource/reddit/post/1n0f6gi,ont_domain_density,global_counts,,0.010869565217391304,True
1ms5644,test,0,http://wfrp.ia/resource/reddit/post/1ms5644,ont_InteligenciaArtificial_Neutro,ai,http://wfrp.ia/dominio/ciencia-tecnologia#InteligenciaArtificial,1.0,False
1ms5644,test,0,http://wfrp.ia/resource/reddit/post/1ms5644,ont_has_ontology_elements,global_counts,,1.0,False
1ms5644,test,0,http://wfrp.ia/resource/reddit/post/1ms5644,ont_count_domain_concepts,global_counts,,1.0,False
1ms5644,test,0,http://wfrp.ia/resource/reddit/post/1ms5644,ont_total_neutro_mentions,global_counts,,1.0,False
1ms5644,test,0,http://wfrp.ia/resource/reddit/post/1ms5644,ont_domain_score,global_counts,,1.0,False
1ms5644,test,0,http://wfrp.ia/resource/reddit/post/1ms5644,ont_domain_density,global_counts,,0.09090909090909091,True
1mqak9v,test,2,http://wfrp.ia/resource/reddit/post/1mqak9v,ont_has_ontology_elements,global_counts,,1.0,False
1mqqwys,test,1,http://wfrp.ia/resource/reddit/post/1mqqwys,ont_has_ontology_elements,global_counts,,1.0,False
1mqxp6w,test,2,http://wfrp.ia/resource/reddit/post/1mqxp6w,ont_has_ontology_elements,global_counts,,1.0,False
1mqxp6w,test,2,http://wfrp.ia/resource/reddit/post/1mqxp6w,ont_count_domain_concepts,global_counts,,1.0,False
1mqxp6w,test,2,http://wfrp.ia/resource/reddit/post/1mqxp6w,ont_domain_score,global_counts,,1.0,False
1mqxp6w,test,2,http://wfrp.ia/resource/reddit/post/1mqxp6w,ont_domain_density,global_counts,,0.030303030303030304,True
1mrncpi,test,2,http://wfrp.ia/resource/reddit/post/1mrncpi,ont_Datos_Neutro,data,http://wfrp.ia/dominio/ciencia-tecnologia#Datos,1.0,False
1mrncpi,test,2,http://wfrp.ia/resource/reddit/post/1mrncpi,ont_has_ontology_elements,global_counts,,1.0,False
1mrncpi,test,2,http://wfrp.ia/resource/reddit/post/1mrncpi,ont_count_domain_concepts,global_counts,,1.0,False
1mrncpi,test,2,http://wfrp.ia/resource/reddit/post/1mrncpi,ont_total_neutro_mentions,global_counts,,1.0,False
1mrncpi,test,2,http://wfrp.ia/resource/reddit/post/1mrncpi,ont_domain_score,global_counts,,1.0,False
1mrncpi,test,2,http://wfrp.ia/resource/reddit/post/1mrncpi,ont_domain_density,global_counts,,0.1111111111111111,True
1mrydyp,test,1,http://wfrp.ia/resource/reddit/post/1mrydyp,ont_has_ontology_elements,global_counts,,1.0,False
1nhy73t,test,2,http://wfrp.ia/resource/reddit/post/1nhy73t,ont_Tecnologia_Neutro,technology,http://wfrp.ia/dominio/ciencia-tecnologia#Tecnologia,1.0,True
1nhy73t,test,2,http://wfrp.ia/resource/reddit/post/1nhy73t,ont_has_ontology_elements,global_counts,,1.0,False
1nhy73t,test,2,http://wfrp.ia/resource/reddit/post/1nhy73t,ont_count_domain_concepts,global_counts,,1.0,False
1nhy73t,test,2,http://wfrp.ia/resource/reddit/post/1nhy73t,ont_total_neutro_mentions,global_counts,,1.0,False
1nhy73t,test,2,http://wfrp.ia/resource/reddit/post/1nhy73t,ont_domain_score,global_counts,,1.0,False
1nhy73t,test,2,http://wfrp.ia/resource/reddit/post/1nhy73t,ont_domain_density,global_counts,,0.011363636363636364,True
1mimalb,test,2,http://wfrp.ia/resource/reddit/post/1mimalb,ont_InteligenciaArtificial_Neutro,ai,http://wfrp.ia/dominio/ciencia-tecnologia#InteligenciaArtificial,1.0,False
1mimalb,test,2,http://wfrp.ia/resource/reddit/post/1mimalb,ont_has_ontology_elements,global_counts,,1.0,False
1mimalb,test,2,http://wfrp.ia/resource/reddit/post/1mimalb,ont_count_domain_concepts,global_counts,,2.0,False
1mimalb,test,2,http://wfrp.ia/resource/reddit/post/1mimalb,ont_total_neutro_mentions,global_counts,,1.0,False
1mimalb,test,2,http://wfrp.ia/resource/reddit/post/1mimalb,ont_domain_score,global_counts,,1.5,False
1mimalb,test,2,http://wfrp.ia/resource/reddit/post/1mimalb,ont_domain_density,global_counts,,0.03076923076923077,True
1n7d0kl,test,2,http://wfrp.ia/resource/reddit/post/1n7d0kl,ont_InteligenciaArtificial_Positivo,ai,http://wfrp.ia/dominio/ciencia-tecnologia#InteligenciaArtificial,1.0,False
1n7d0kl,test,2,http://wfrp.ia/resource/reddit/post/1n7d0kl,ont_InteligenciaArtificial_Neutro,ai,http://wfrp.ia/dominio/ciencia-tecnologia#InteligenciaArtificial,1.0,False
1n7d0kl,test,2,http://wfrp.ia/resource/reddit/post/1n7d0kl,ont_Robot_Neutro,robot,http://wfrp.ia/dominio/ciencia-tecnologia#Robot,1.0,False
1n7d0kl,test,2,http://wfrp.ia/resource/reddit/post/1n7d0kl,ont_has_ontology_elements,global_counts,,1.0,False
1n7d0kl,test,2,http://wfrp.ia/resource/reddit/post/1n7d0kl,ont_count_domain_concepts,global_counts,,2.0,False
1n7d0kl,test,2,http://wfrp.ia/resource/reddit/post/1n7d0kl,ont_total_positivo_mentions,global_counts,,1.0,False
1n7d0kl,test,2,http://wfrp.ia/resource/reddit/post/1n7d0kl,ont_total_neutro_mentions,global_counts,,2.0,False
1n7d0kl,test,2,http://wfrp.ia/resource/reddit/post/1n7d0kl,ont_domain_score,global_counts,,3.0,False
1n7d0kl,test,2,http://wfrp.ia/resource/reddit/post/1n7d0kl,ont_domain_density,global_counts,,0.058823529411764705,True
1n954q2,test,2,http://wfrp.ia/resource/reddit/post/1n954q2,ont_InteligenciaArtificial_Neutro,ai,http://wfrp.ia/dominio/ciencia-tecnologia#InteligenciaArtificial,2.0,False
1n954q2,test,2,http://wfrp.ia/resource/reddit/post/1n954q2,ont_has_ontology_elements,global_counts,,1.0,False
1n954q2,test,2,http://wfrp.ia/resource/reddit/post/1n954q2,ont_count_domain_concepts,global_counts,,1.0,False
1n954q2,test,2,http://wfrp.ia/resource/reddit/post/1n954q2,ont_total_neutro_mentions,global_counts,,2.0,False
1n954q2,test,2,http://wfrp.ia/resource/reddit/post/1n954q2,ont_domain_score,global_counts,,1.5,False
1n954q2,test,2,http://wfrp.ia/resource/reddit/post/1n954q2,ont_domain_density,global_counts,,0.03571428571428571,True
1n6nu9o,test,1,http://wfrp.ia/resource/reddit/post/1n6nu9o,ont_InteligenciaArtificial_Neutro,ai,http://wfrp.ia/dominio/ciencia-tecnologia#InteligenciaArtificial,2.0,False
1n6nu9o,test,1,http://wfrp.ia/resource/reddit/post/1n6nu9o,ont_has_ontology_elements,global_counts,,1.0,False
1n6nu9o,test,1,http://wfrp.ia/resource/reddit/post/1n6nu9o,ont_count_domain_concepts,global_counts,,1.0,False
1n6nu9o,test,1,http://wfrp.ia/resource/reddit/post/1n6nu9o,ont_total_neutro_mentions,global_counts,,2.0,False
1n6nu9o,test,1,http://wfrp.ia/resource/reddit/post/1n6nu9o,ont_domain_score,global_counts,,2.0,False
1n6nu9o,test,1,http://wfrp.ia/resource/reddit/post/1n6nu9o,ont_domain_density,global_counts,,0.0625,True
1ninyq2,test,2,http://wfrp.ia/resource/reddit/post/1ninyq2,ont_InteligenciaArtificial_Positivo,ai,http://wfrp.ia/dominio/ciencia-tecnologia#InteligenciaArtificial,1.0,False
1ninyq2,test,2,http://wfrp.ia/resource/reddit/post/1ninyq2,ont_has_ontology_elements,global_counts,,1.0,False
1ninyq2,test,2,http://wfrp.ia/resource/reddit/post/1ninyq2,ont_count_domain_concepts,global_counts,,1.0,False
1ninyq2,test,2,http://wfrp.ia/resource/reddit/post/1ninyq2,ont_total_positivo_mentions,global_counts,,1.0,False
1ninyq2,test,2,http://wfrp.ia/resource/reddit/post/1ninyq2,ont_domain_score,global_counts,,0.5,False
1ninyq2,test,2,http://wfrp.ia/resource/reddit/post/1ninyq2,ont_domain_density,global_counts,,0.07692307692307693,True
1njafux,test,1,http://wfrp.ia/resource/reddit/post/1njafux,ont_InteligenciaArtificial_Neutro,ai,http://wfrp.ia/dominio/ciencia-tecnologia#InteligenciaArtificial,1.0,False
1njafux,test,1,http://wfrp.ia/resource/reddit/post/1njafux,ont_Futuro_Neutro,future,http://wfrp.ia/dominio/ciencia-tecnologia#Futuro,1.0,False
1njafux,test,1,http://wfrp.ia/resource/reddit/post/1njafux,ont_has_ontology_elements,global_counts,,1.0,False
1njafux,test,1,http://wfrp.ia/resource/reddit/post/1njafux,ont_count_domain_concepts,global_counts,,2.0,False
1njafux,test,1,http://wfrp.ia/resource/reddit/post/1njafux,ont_total_neutro_mentions,global_counts,,2.0,False
1njafux,test,1,http://wfrp.ia/resource/reddit/post/1njafux,ont_domain_score,global_counts,,2.0,False
1njafux,test,1,http://wfrp.ia/resource/reddit/post/1njafux,ont_domain_density,global_counts,,0.08,True
1nckpme,test,0,http://wfrp.ia/resource/reddit/post/1nckpme,ont_InteligenciaArtificial_Neutro,ai,http://wfrp.ia/dominio/ciencia-tecnologia#InteligenciaArtificial,1.0,False
1nckpme,test,0,http://wfrp.ia/resource/reddit/post/1nckpme,ont_has_ontology_elements,global_counts,,1.0,False
1nckpme,test,0,http://wfrp.ia/resource/reddit/post/1nckpme,ont_count_domain_concepts,global_counts,,1.0,False
1nckpme,test,0,http://wfrp.ia/resource/reddit/post/1nckpme,ont_total_neutro_mentions,global_counts,,1.0,False
1nckpme,test,0,http://wfrp.ia/resource/reddit/post/1nckpme,ont_domain_score,global_counts,,1.0,False
1nckpme,test,0,http://wfrp.ia/resource/reddit/post/1nckpme,ont_domain_density,global_counts,,0.1111111111111111,True
1nd4qd2,test,1,http://wfrp.ia/resource/reddit/post/1nd4qd2,ont_InteligenciaArtificial_Neutro,ai,http://wfrp.ia/dominio/ciencia-tecnologia#InteligenciaArtificial,2.0,False
1nd4qd2,test,1,http://wfrp.ia/resource/reddit/post/1nd4qd2,ont_has_ontology_elements,global_counts,,1.0,False
1nd4qd2,test,1,http://wfrp.ia/resource/reddit/post/1nd4qd2,ont_count_domain_concepts,global_counts,,1.0,False
1nd4qd2,test,1,http://wfrp.ia/resource/reddit/post/1nd4qd2,ont_total_neutro_mentions,global_counts,,2.0,False
1nd4qd2,test,1,http://wfrp.ia/resource/reddit/post/1nd4qd2,ont_domain_score,global_counts,,1.5,False
1nd4qd2,test,1,http://wfrp.ia/resource/reddit/post/1nd4qd2,ont_domain_density,global_counts,,0.07142857142857142,True
1ncogom,test,2,http://wfrp.ia/resource/reddit/post/1ncogom,ont_Datos_Neutro,data,http://wfrp.ia/dominio/ciencia-tecnologia#Datos,1.0,False
1ncogom,test,2,http://wfrp.ia/resource/reddit/post/1ncogom,ont_has_ontology_elements,global_counts,,1.0,False
1ncogom,test,2,http://wfrp.ia/resource/reddit/post/1ncogom,ont_count_domain_concepts,global_counts,,1.0,False
1ncogom,test,2,http://wfrp.ia/resource/reddit/post/1ncogom,ont_total_neutro_mentions,global_counts,,1.0,False
1ncogom,test,2,http://wfrp.ia/resource/reddit/post/1ncogom,ont_domain_score,global_counts,,1.0,False
1ncogom,test,2,http://wfrp.ia/resource/reddit/post/1ncogom,ont_domain_density,global_counts,,0.041666666666666664,True
1nc69ss,test,1,http://wfrp.ia/resource/reddit/post/1nc69ss,ont_InteligenciaArtificial_Neutro,ai,http://wfrp.ia/dominio/ciencia-tecnologia#InteligenciaArtificial,2.0,False
1nc69ss,test,1,http://wfrp.ia/resource/reddit/post/1nc69ss,ont_has_ontology_elements,global_counts,,1.0,False
1nc69ss,test,1,http://wfrp.ia/resource/reddit/post/1nc69ss,ont_count_domain_concepts,global_counts,,1.0,False
1nc69ss,test,1,http://wfrp.ia/resource/reddit/post/1nc69ss,ont_total_neutro_mentions,global_counts,,2.0,False
1nc69ss,test,1,http://wfrp.ia/resource/reddit/post/1nc69ss,ont_domain_score,global_counts,,2.0,False
1nc69ss,test,1,http://wfrp.ia/resource/reddit/post/1nc69ss,ont_domain_density,global_counts,,0.1,True
1nbfia7,test,2,http://wfrp.ia/resource/reddit/post/1nbfia7,ont_InteligenciaArtificial_Neutro,ai,http://wfrp.ia/dominio/ciencia-tecnologia#InteligenciaArtificial,1.0,False
1nbfia7,test,2,http://wfrp.ia/resource/reddit/post/1nbfia7,ont_has_ontology_elements,global_counts,,1.0,False
1nbfia7,test,2,http://wfrp.ia/resource/reddit/post/1nbfia7,ont_count_domain_concepts,global_counts,,1.0,False
1nbfia7,test,2,http://wfrp.ia/resource/reddit/post/1nbfia7,ont_total_neutro_mentions,global_counts,,1.0,False
1nbfia7,test,2,http://wfrp.ia/resource/reddit/post/1nbfia7,ont_domain_score,global_counts,,1.0,False
1nbfia7,test,2,http://wfrp.ia/resource/reddit/post/1nbfia7,ont_domain_density,global_counts,,0.09090909090909091,True
1n5m9m3,test,2,http://wfrp.ia/resource/reddit/post/1n5m9m3,ont_Tecnologia_Neutro,technology,http://wfrp.ia/dominio/ciencia-tecnologia#Tecnologia,1.0,True
1n5m9m3,test,2,http://wfrp.ia/resource/reddit/post/1n5m9m3,ont_has_ontology_elements,global_counts,,1.0,False
1n5m9m3,test,2,http://wfrp.ia/resource/reddit/post/1n5m9m3,ont_count_domain_concepts,global_counts,,1.0,False
1n5m9m3,test,2,http://wfrp.ia/resource/reddit/post/1n5m9m3,ont_total_neutro_mentions,global_counts,,1.0,False
1n5m9m3,test,2,http://wfrp.ia/resource/reddit/post/1n5m9m3,ont_domain_score,global_counts,,1.0,False
1n5m9m3,test,2,http://wfrp.ia/resource/reddit/post/1n5m9m3,ont_domain_density,global_counts,,0.07692307692307693,True
1n9x9m4,test,0,http://wfrp.ia/resource/reddit/post/1n9x9m4,ont_Datos_Neutro,data,http://wfrp.ia/dominio/ciencia-tecnologia#Datos,1.0,False
1n9x9m4,test,0,http://wfrp.ia/resource/reddit/post/1n9x9m4,ont_has_ontology_elements,global_counts,,1.0,False
1n9x9m4,test,0,http://wfrp.ia/resource/reddit/post/1n9x9m4,ont_count_domain_concepts,global_counts,,1.0,False
1n9x9m4,test,0,http://wfrp.ia/resource/reddit/post/1n9x9m4,ont_total_neutro_mentions,global_counts,,1.0,False
1n9x9m4,test,0,http://wfrp.ia/resource/reddit/post/1n9x9m4,ont_domain_score,global_counts,,1.0,False
1n9x9m4,test,0,http://wfrp.ia/resource/reddit/post/1n9x9m4,ont_domain_density,global_counts,,0.043478260869565216,True
1nflale,test,2,http://wfrp.ia/resource/reddit/post/1nflale,ont_InteligenciaArtificial_Neutro,ai,http://wfrp.ia/dominio/ciencia-tecnologia#InteligenciaArtificial,1.0,False
1nflale,test,2,http://wfrp.ia/resource/reddit/post/1nflale,ont_Tecnologia_Neutro,technology,http://wfrp.ia/dominio/ciencia-tecnologia#Tecnologia,1.0,True
1nflale,test,2,http://wfrp.ia/resource/reddit/post/1nflale,ont_has_ontology_elements,global_counts,,1.0,False
1nflale,test,2,http://wfrp.ia/resource/reddit/post/1nflale,ont_count_domain_concepts,global_counts,,2.0,False
1nflale,test,2,http://wfrp.ia/resource/reddit/post/1nflale,ont_total_neutro_mentions,global_counts,,2.0,False
1nflale,test,2,http://wfrp.ia/resource/reddit/post/1nflale,ont_domain_score,global_counts,,2.0,False
1nflale,test,2,http://wfrp.ia/resource/reddit/post/1nflale,ont_domain_density,global_counts,,0.14285714285714285,True
1n4gvki,test,0,http://wfrp.ia/resource/reddit/post/1n4gvki,ont_has_ontology_elements,global_counts,,1.0,False
1n7e1sh,test,2,http://wfrp.ia/resource/reddit/post/1n7e1sh,ont_Algoritmo_Neutro,algorithm,http://wfrp.ia/dominio/ciencia-tecnologia#Algoritmo,1.0,False
1n7e1sh,test,2,http://wfrp.ia/resource/reddit/post/1n7e1sh,ont_has_ontology_elements,global_counts,,1.0,False
1n7e1sh,test,2,http://wfrp.ia/resource/reddit/post/1n7e1sh,ont_count_domain_concepts,global_counts,,1.0,False
1n7e1sh,test,2,http://wfrp.ia/resource/reddit/post/1n7e1sh,ont_total_neutro_mentions,global_counts,,1.0,False
1n7e1sh,test,2,http://wfrp.ia/resource/reddit/post/1n7e1sh,ont_domain_score,global_counts,,1.0,False
1n7e1sh,test,2,http://wfrp.ia/resource/reddit/post/1n7e1sh,ont_domain_density,global_counts,,0.09090909090909091,True
1n8s08n,test,2,http://wfrp.ia/resource/reddit/post/1n8s08n,ont_InteligenciaArtificial_Neutro,ai,http://wfrp.ia/dominio/ciencia-tecnologia#InteligenciaArtificial,1.0,False
1n8s08n,test,2,http://wfrp.ia/resource/reddit/post/1n8s08n,ont_Tecnologia_Neutro,technology,http://wfrp.ia/dominio/ciencia-tecnologia#Tecnologia,1.0,True
1n8s08n,test,2,http://wfrp.ia/resource/reddit/post/1n8s08n,ont_has_ontology_elements,global_counts,,1.0,False
1n8s08n,test,2,http://wfrp.ia/resource/reddit/post/1n8s08n,ont_count_domain_concepts,global_counts,,2.0,False
1n8s08n,test,2,http://wfrp.ia/resource/reddit/post/1n8s08n,ont_total_neutro_mentions,global_counts,,2.0,False
1n8s08n,test,2,http://wfrp.ia/resource/reddit/post/1n8s08n,ont_domain_score,global_counts,,2.0,False
1n8s08n,test,2,http://wfrp.ia/resource/reddit/post/1n8s08n,ont_domain_density,global_counts,,0.18181818181818182,True
1n8eydj,test,2,http://wfrp.ia/resource/reddit/post/1n8eydj,,,,0.0,False
1n8l2zr,test,1,http://wfrp.ia/resource/reddit/post/1n8l2zr,,,,0.0,False
1n8laad,test,1,http://wfrp.ia/resource/reddit/post/1n8laad,ont_InteligenciaArtificial_Neutro,ai,http://wfrp.ia/dominio/ciencia-tecnologia#InteligenciaArtificial,1.0,False
1n8laad,test,1,http://wfrp.ia/resource/reddit/post/1n8laad,ont_has_ontology_elements,global_counts,,1.0,False
1n8laad,test,1,http://wfrp.ia/resource/reddit/post/1n8laad,ont_count_domain_concepts,global_counts,,1.0,False
1n8laad,test,1,http://wfrp.ia/resource/reddit/post/1n8laad,ont_total_neutro_mentions,global_counts,,1.0,False
1n8laad,test,1,http://wfrp.ia/resource/reddit/post/1n8laad,ont_domain_score,global_counts,,0.5,False
1n8laad,test,1,http://wfrp.ia/resource/reddit/post/1n8laad,ont_domain_density,global_counts,,0.14285714285714285,True
1n9fjss,test,1,http://wfrp.ia/resource/reddit/post/1n9fjss,ont_InteligenciaArtificial_Neutro,ai,http://wfrp.ia/dominio/ciencia-tecnologia#InteligenciaArtificial,1.0,False
1n9fjss,test,1,http://wfrp.ia/resource/reddit/post/1n9fjss,ont_has_ontology_elements,global_counts,,1.0,False
1n9fjss,test,1,http://wfrp.ia/resource/reddit/post/1n9fjss,ont_count_domain_concepts,global_counts,,1.0,False
1n9fjss,test,1,http://wfrp.ia/resource/reddit/post/1n9fjss,ont_total_neutro_mentions,global_counts,,1.0,False
1n9fjss,test,1,http://wfrp.ia/resource/reddit/post/1n9fjss,ont_domain_score,global_counts,,1.0,False
1n9fjss,test,1,http://wfrp.ia/resource/reddit/post/1n9fjss,ont_domain_density,global_counts,,0.06666666666666667,True
1n9a0vt,test,1,http://wfrp.ia/resource/reddit/post/1n9a0vt,,,,0.0,False
1n9h0s6,test,1,http://wfrp.ia/resource/reddit/post/1n9h0s6,ont_Tecnologia_Neutro,technology,http://wfrp.ia/dominio/ciencia-tecnologia#Tecnologia,1.0,True
1n9h0s6,test,1,http://wfrp.ia/resource/reddit/post/1n9h0s6,ont_has_ontology_elements,global_counts,,1.0,False
1n9h0s6,test,1,http://wfrp.ia/resource/reddit/post/1n9h0s6,ont_count_domain_concepts,global_counts,,1.0,False
1n9h0s6,test,1,http://wfrp.ia/resource/reddit/post/1n9h0s6,ont_total_neutro_mentions,global_counts,,1.0,False
1n9h0s6,test,1,http://wfrp.ia/resource/reddit/post/1n9h0s6,ont_domain_score,global_counts,,1.0,False
1n9h0s6,test,1,http://wfrp.ia/resource/reddit/post/1n9h0s6,ont_domain_density,global_counts,,0.06666666666666667,True
1n98yfi,test,2,http://wfrp.ia/resource/reddit/post/1n98yfi,ont_has_ontology_elements,global_counts,,1.0,False
1n91n38,test,1,http://wfrp.ia/resource/reddit/post/1n91n38,ont_InteligenciaArtificial_Positivo,ai,http://wfrp.ia/dominio/ciencia-tecnologia#InteligenciaArtificial,1.0,False
1n91n38,test,1,http://wfrp.ia/resource/reddit/post/1n91n38,ont_InteligenciaArtificial_Neutro,ai,http://wfrp.ia/dominio/ciencia-tecnologia#InteligenciaArtificial,1.0,False
1n91n38,test,1,http://wfrp.ia/resource/reddit/post/1n91n38,ont_Etica_Positivo,ethics,http://wfrp.ia/dominio/ciencia-tecnologia#Etica,1.0,False
1n91n38,test,1,http://wfrp.ia/resource/reddit/post/1n91n38,ont_has_ontology_elements,global_counts,,1.0,False
1n91n38,test,1,http://wfrp.ia/resource/reddit/post/1n91n38,ont_count_domain_concepts,global_counts,,2.0,False
1n91n38,test,1,http://wfrp.ia/resource/reddit/post/1n91n38,ont_total_positivo_mentions,global_counts,,2.0,False
1n91n38,test,1,http://wfrp.ia/resource/reddit/post/1n91n38,ont_total_neutro_mentions,global_counts,,1.0,False
1n91n38,test,1,http://wfrp.ia/resource/reddit/post/1n91n38,ont_domain_score,global_counts,,3.0,False
1n91n38,test,1,http://wfrp.ia/resource/reddit/post/1n91n38,ont_domain_density,global_counts,,0.07692307692307693,True
1n98sh7,test,1,http://wfrp.ia/resource/reddit/post/1n98sh7,ont_Tecnologia_Neutro,technology,http://wfrp.ia/dominio/ciencia-tecnologia#Tecnologia,1.0,True
1n98sh7,test,1,http://wfrp.ia/resource/reddit/post/1n98sh7,ont_has_ontology_elements,global_counts,,1.0,False
1n98sh7,test,1,http://wfrp.ia/resource/reddit/post/1n98sh7,ont_count_domain_concepts,global_counts,,1.0,False
1n98sh7,test,1,http://wfrp.ia/resource/reddit/post/1n98sh7,ont_total_neutro_mentions,global_counts,,1.0,False
1n98sh7,test,1,http://wfrp.ia/resource/reddit/post/1n98sh7,ont_domain_score,global_counts,,1.0,False
1n98sh7,test,1,http://wfrp.ia/resource/reddit/post/1n98sh7,ont_domain_density,global_counts,,0.07692307692307693,True
1n94iku,test,2,http://wfrp.ia/resource/reddit/post/1n94iku,,,,0.0,False
1n6jbsd,test,1,http://wfrp.ia/resource/reddit/post/1n6jbsd,ont_InteligenciaArtificial_Neutro,ai,http://wfrp.ia/dominio/ciencia-tecnologia#InteligenciaArtificial,1.0,False
1n6jbsd,test,1,http://wfrp.ia/resource/reddit/post/1n6jbsd,ont_has_ontology_elements,global_counts,,1.0,False
1n6jbsd,test,1,http://wfrp.ia/resource/reddit/post/1n6jbsd,ont_count_domain_concepts,global_counts,,1.0,False
1n6jbsd,test,1,http://wfrp.ia/resource/reddit/post/1n6jbsd,ont_total_neutro_mentions,global_counts,,1.0,False
1n6jbsd,test,1,http://wfrp.ia/resource/reddit/post/1n6jbsd,ont_domain_score,global_counts,,0.5,False
1n6jbsd,test,1,http://wfrp.ia/resource/reddit/post/1n6jbsd,ont_domain_density,global_counts,,0.2,True
1n6isge,test,2,http://wfrp.ia/resource/reddit/post/1n6isge,ont_InteligenciaArtificial_Neutro,ai,http://wfrp.ia/dominio/ciencia-tecnologia#InteligenciaArtificial,1.0,False
1n6isge,test,2,http://wfrp.ia/resource/reddit/post/1n6isge,ont_Robot_Neutro,robot,http://wfrp.ia/dominio/ciencia-tecnologia#Robot,1.0,False
1n6isge,test,2,http://wfrp.ia/resource/reddit/post/1n6isge,ont_has_ontology_elements,global_counts,,1.0,False
1n6isge,test,2,http://wfrp.ia/resource/reddit/post/1n6isge,ont_count_domain_concepts,global_counts,,2.0,False
1n6isge,test,2,http://wfrp.ia/resource/reddit/post/1n6isge,ont_total_neutro_mentions,global_counts,,2.0,False
1n6isge,test,2,http://wfrp.ia/resource/reddit/post/1n6isge,ont_domain_score,global_counts,,2.0,False
1n6isge,test,2,http://wfrp.ia/resource/reddit/post/1n6isge,ont_domain_density,global_counts,,0.09090909090909091,True
1n6tjl8,test,2,http://wfrp.ia/resource/reddit/post/1n6tjl8,ont_InteligenciaArtificial_Neutro,ai,http://wfrp.ia/dominio/ciencia-tecnologia#InteligenciaArtificial,1.0,False
1n6tjl8,test,2,http://wfrp.ia/resource/reddit/post/1n6tjl8,ont_has_ontology_elements,global_counts,,1.0,False
1n6tjl8,test,2,http://wfrp.ia/resource/reddit/post/1n6tjl8,ont_count_domain_concepts,global_counts,,1.0,False
1n6tjl8,test,2,http://wfrp.ia/resource/reddit/post/1n6tjl8,ont_total_neutro_mentions,global_counts,,1.0,False
1n6tjl8,test,2,http://wfrp.ia/resource/reddit/post/1n6tjl8,ont_domain_score,global_counts,,0.5,False
1n6tjl8,test,2,http://wfrp.ia/resource/reddit/post/1n6tjl8,ont_domain_density,global_counts,,0.08333333333333333,True
1n6ewn3,test,1,http://wfrp.ia/resource/reddit/post/1n6ewn3,ont_Tecnologia_Neutro,technology,http://wfrp.ia/dominio/ciencia-tecnologia#Tecnologia,1.0,True
1n6ewn3,test,1,http://wfrp.ia/resource/reddit/post/1n6ewn3,ont_has_ontology_elements,global_counts,,1.0,False
1n6ewn3,test,1,http://wfrp.ia/resource/reddit/post/1n6ewn3,ont_count_domain_concepts,global_counts,,1.0,False
1n6ewn3,test,1,http://wfrp.ia/resource/reddit/post/1n6ewn3,ont_total_neutro_mentions,global_counts,,1.0,False
1n6ewn3,test,1,http://wfrp.ia/resource/reddit/post/1n6ewn3,ont_domain_score,global_counts,,1.0,False
1n6ewn3,test,1,http://wfrp.ia/resource/reddit/post/1n6ewn3,ont_domain_density,global_counts,,0.04,True
1n6tmya,test,0,http://wfrp.ia/resource/reddit/post/1n6tmya,ont_InteligenciaArtificial_Neutro,ai,http://wfrp.ia/dominio/ciencia-tecnologia#InteligenciaArtificial,1.0,False
1n6tmya,test,0,http://wfrp.ia/resource/reddit/post/1n6tmya,ont_has_ontology_elements,global_counts,,1.0,False
1n6tmya,test,0,http://wfrp.ia/resource/reddit/post/1n6tmya,ont_count_domain_concepts,global_counts,,1.0,False
1n6tmya,test,0,http://wfrp.ia/resource/reddit/post/1n6tmya,ont_total_neutro_mentions,global_counts,,1.0,False
1n6tmya,test,0,http://wfrp.ia/resource/reddit/post/1n6tmya,ont_domain_score,global_counts,,1.0,False
1n6tmya,test,0,http://wfrp.ia/resource/reddit/post/1n6tmya,ont_domain_density,global_counts,,0.08333333333333333,True
1n6h3qc,test,1,http://wfrp.ia/resource/reddit/post/1n6h3qc,ont_InteligenciaArtificial_Positivo,ai,http://wfrp.ia/dominio/ciencia-tecnologia#InteligenciaArtificial,1.0,False
1n6h3qc,test,1,http://wfrp.ia/resource/reddit/post/1n6h3qc,ont_has_ontology_elements,global_counts,,1.0,False
1n6h3qc,test,1,http://wfrp.ia/resource/reddit/post/1n6h3qc,ont_count_domain_concepts,global_counts,,1.0,False
1n6h3qc,test,1,http://wfrp.ia/resource/reddit/post/1n6h3qc,ont_total_positivo_mentions,global_counts,,1.0,False
1n6h3qc,test,1,http://wfrp.ia/resource/reddit/post/1n6h3qc,ont_domain_score,global_counts,,1.0,False
1n6h3qc,test,1,http://wfrp.ia/resource/reddit/post/1n6h3qc,ont_domain_density,global_counts,,0.09090909090909091,True
1n6paes,test,2,http://wfrp.ia/resource/reddit/post/1n6paes,ont_Tecnologia_Neutro,technology,http://wfrp.ia/dominio/ciencia-tecnologia#Tecnologia,1.0,True
1n6paes,test,2,http://wfrp.ia/resource/reddit/post/1n6paes,ont_has_ontology_elements,global_counts,,1.0,False
1n6paes,test,2,http://wfrp.ia/resource/reddit/post/1n6paes,ont_count_domain_concepts,global_counts,,1.0,False
1n6paes,test,2,http://wfrp.ia/resource/reddit/post/1n6paes,ont_total_neutro_mentions,global_counts,,1.0,False
1n6paes,test,2,http://wfrp.ia/resource/reddit/post/1n6paes,ont_domain_score,global_counts,,1.0,False
1n6paes,test,2,http://wfrp.ia/resource/reddit/post/1n6paes,ont_domain_density,global_counts,,0.07692307692307693,True
1n6qrba,test,2,http://wfrp.ia/resource/reddit/post/1n6qrba,,,,0.0,False
1ne4ie6,test,1,http://wfrp.ia/resource/reddit/post/1ne4ie6,ont_InteligenciaArtificial_Neutro,ai,http://wfrp.ia/dominio/ciencia-tecnologia#InteligenciaArtificial,1.0,False
1ne4ie6,test,1,http://wfrp.ia/resource/reddit/post/1ne4ie6,ont_Robot_Neutro,robot,http://wfrp.ia/dominio/ciencia-tecnologia#Robot,1.0,False
1ne4ie6,test,1,http://wfrp.ia/resource/reddit/post/1ne4ie6,ont_has_ontology_elements,global_counts,,1.0,False
1ne4ie6,test,1,http://wfrp.ia/resource/reddit/post/1ne4ie6,ont_count_domain_concepts,global_counts,,2.0,False
1ne4ie6,test,1,http://wfrp.ia/resource/reddit/post/1ne4ie6,ont_total_neutro_mentions,global_counts,,2.0,False
1ne4ie6,test,1,http://wfrp.ia/resource/reddit/post/1ne4ie6,ont_domain_score,global_counts,,2.0,False
1ne4ie6,test,1,http://wfrp.ia/resource/reddit/post/1ne4ie6,ont_domain_density,global_counts,,0.14285714285714285,True
1nedsmc,test,1,http://wfrp.ia/resource/reddit/post/1nedsmc,ont_InteligenciaArtificial_Neutro,ai,http://wfrp.ia/dominio/ciencia-tecnologia#InteligenciaArtificial,1.0,False
1nedsmc,test,1,http://wfrp.ia/resource/reddit/post/1nedsmc,ont_has_ontology_elements,global_counts,,1.0,False
1nedsmc,test,1,http://wfrp.ia/resource/reddit/post/1nedsmc,ont_count_domain_concepts,global_counts,,1.0,False
1nedsmc,test,1,http://wfrp.ia/resource/reddit/post/1nedsmc,ont_total_neutro_mentions,global_counts,,1.0,False
1nedsmc,test,1,http://wfrp.ia/resource/reddit/post/1nedsmc,ont_domain_score,global_counts,,1.0,False
1nedsmc,test,1,http://wfrp.ia/resource/reddit/post/1nedsmc,ont_domain_density,global_counts,,0.14285714285714285,True
1nefh06,test,0,http://wfrp.ia/resource/reddit/post/1nefh06,ont_InteligenciaArtificial_Neutro,ai,http://wfrp.ia/dominio/ciencia-tecnologia#InteligenciaArtificial,1.0,False
1nefh06,test,0,http://wfrp.ia/resource/reddit/post/1nefh06,ont_has_ontology_elements,global_counts,,1.0,False
1nefh06,test,0,http://wfrp.ia/resource/reddit/post/1nefh06,ont_count_domain_concepts,global_counts,,1.0,False
1nefh06,test,0,http://wfrp.ia/resource/reddit/post/1nefh06,ont_total_neutro_mentions,global_counts,,1.0,False
1nefh06,test,0,http://wfrp.ia/resource/reddit/post/1nefh06,ont_domain_score,global_counts,,1.0,False
1nefh06,test,0,http://wfrp.ia/resource/reddit/post/1nefh06,ont_domain_density,global_counts,,0.02564102564102564,True
1nirfhg,test,1,http://wfrp.ia/resource/reddit/post/1nirfhg,ont_InteligenciaArtificial_Neutro,ai,http://wfrp.ia/dominio/ciencia-tecnologia#InteligenciaArtificial,1.0,False
1nirfhg,test,1,http://wfrp.ia/resource/reddit/post/1nirfhg,ont_has_ontology_elements,global_counts,,1.0,False
1nirfhg,test,1,http://wfrp.ia/resource/reddit/post/1nirfhg,ont_count_domain_concepts,global_counts,,1.0,False
1nirfhg,test,1,http://wfrp.ia/resource/reddit/post/1nirfhg,ont_total_neutro_mentions,global_counts,,1.0,False
1nirfhg,test,1,http://wfrp.ia/resource/reddit/post/1nirfhg,ont_domain_score,global_counts,,1.0,False
1nirfhg,test,1,http://wfrp.ia/resource/reddit/post/1nirfhg,ont_domain_density,global_counts,,0.1,True
1ni9zl1,test,1,http://wfrp.ia/resource/reddit/post/1ni9zl1,ont_InteligenciaArtificial_Neutro,ai,http://wfrp.ia/dominio/ciencia-tecnologia#InteligenciaArtificial,1.0,False
1ni9zl1,test,1,http://wfrp.ia/resource/reddit/post/1ni9zl1,ont_has_ontology_elements,global_counts,,1.0,False
1ni9zl1,test,1,http://wfrp.ia/resource/reddit/post/1ni9zl1,ont_count_domain_concepts,global_counts,,1.0,False
1ni9zl1,test,1,http://wfrp.ia/resource/reddit/post/1ni9zl1,ont_total_neutro_mentions,global_counts,,1.0,False
1ni9zl1,test,1,http://wfrp.ia/resource/reddit/post/1ni9zl1,ont_domain_score,global_counts,,1.5,False
1ni9zl1,test,1,http://wfrp.ia/resource/reddit/post/1ni9zl1,ont_domain_density,global_counts,,0.16666666666666666,True
1nifd02,test,2,http://wfrp.ia/resource/reddit/post/1nifd02,,,,0.0,False
1nicvxs,test,1,http://wfrp.ia/resource/reddit/post/1nicvxs,ont_InteligenciaArtificial_Neutro,ai,http://wfrp.ia/dominio/ciencia-tecnologia#InteligenciaArtificial,2.0,False
1nicvxs,test,1,http://wfrp.ia/resource/reddit/post/1nicvxs,ont_has_ontology_elements,global_counts,,1.0,False
1nicvxs,test,1,http://wfrp.ia/resource/reddit/post/1nicvxs,ont_count_domain_concepts,global_counts,,1.0,False
1nicvxs,test,1,http://wfrp.ia/resource/reddit/post/1nicvxs,ont_total_neutro_mentions,global_counts,,2.0,False
1nicvxs,test,1,http://wfrp.ia/resource/reddit/post/1nicvxs,ont_domain_score,global_counts,,2.0,False
1nicvxs,test,1,http://wfrp.ia/resource/reddit/post/1nicvxs,ont_domain_density,global_counts,,0.058823529411764705,True
1nilfao,test,1,http://wfrp.ia/resource/reddit/post/1nilfao,ont_InteligenciaArtificial_Neutro,ai,http://wfrp.ia/dominio/ciencia-tecnologia#InteligenciaArtificial,1.0,False
1nilfao,test,1,http://wfrp.ia/resource/reddit/post/1nilfao,ont_has_ontology_elements,global_counts,,1.0,False
1nilfao,test,1,http://wfrp.ia/resource/reddit/post/1nilfao,ont_count_domain_concepts,global_counts,,1.0,False
1nilfao,test,1,http://wfrp.ia/resource/reddit/post/1nilfao,ont_total_neutro_mentions,global_counts,,1.0,False
1nilfao,test,1,http://wfrp.ia/resource/reddit/post/1nilfao,ont_domain_score,global_counts,,1.0,False
1nilfao,test,1,http://wfrp.ia/resource/reddit/post/1nilfao,ont_domain_density,global_counts,,0.08333333333333333,True
1niviph,test,1,http://wfrp.ia/resource/reddit/post/1niviph,ont_InteligenciaArtificial_Neutro,ai,http://wfrp.ia/dominio/ciencia-tecnologia#InteligenciaArtificial,1.0,False
1niviph,test,1,http://wfrp.ia/resource/reddit/post/1niviph,ont_has_ontology_elements,global_counts,,1.0,False
1niviph,test,1,http://wfrp.ia/resource/reddit/post/1niviph,ont_count_domain_concepts,global_counts,,1.0,False
1niviph,test,1,http://wfrp.ia/resource/reddit/post/1niviph,ont_total_neutro_mentions,global_counts,,1.0,False
1niviph,test,1,http://wfrp.ia/resource/reddit/post/1niviph,ont_domain_score,global_counts,,1.0,False
1niviph,test,1,http://wfrp.ia/resource/reddit/post/1niviph,ont_domain_density,global_counts,,0.125,True
1nird29,test,2,http://wfrp.ia/resource/reddit/post/1nird29,ont_has_ontology_elements,global_counts,,1.0,False
1nif3u0,test,1,http://wfrp.ia/resource/reddit/post/1nif3u0,ont_InteligenciaArtificial_Neutro,ai,http://wfrp.ia/dominio/ciencia-tecnologia#InteligenciaArtificial,1.0,False
1nif3u0,test,1,http://wfrp.ia/resource/reddit/post/1nif3u0,ont_Robot_Neutro,robot,http://wfrp.ia/dominio/ciencia-tecnologia#Robot,1.0,False
1nif3u0,test,1,http://wfrp.ia/resource/reddit/post/1nif3u0,ont_has_ontology_elements,global_counts,,1.0,False
1nif3u0,test,1,http://wfrp.ia/resource/reddit/post/1nif3u0,ont_count_domain_concepts,global_counts,,2.0,False
1nif3u0,test,1,http://wfrp.ia/resource/reddit/post/1nif3u0,ont_total_neutro_mentions,global_counts,,2.0,False
1nif3u0,test,1,http://wfrp.ia/resource/reddit/post/1nif3u0,ont_domain_score,global_counts,,2.0,False
1nif3u0,test,1,http://wfrp.ia/resource/reddit/post/1nif3u0,ont_domain_density,global_counts,,0.2,True
1nj91mo,test,1,http://wfrp.ia/resource/reddit/post/1nj91mo,,,,0.0,False
1njpn8e,test,1,http://wfrp.ia/resource/reddit/post/1njpn8e,ont_InteligenciaArtificial_Neutro,ai,http://wfrp.ia/dominio/ciencia-tecnologia#InteligenciaArtificial,1.0,False
1njpn8e,test,1,http://wfrp.ia/resource/reddit/post/1njpn8e,ont_Robot_Neutro,robot,http://wfrp.ia/dominio/ciencia-tecnologia#Robot,1.0,False
1njpn8e,test,1,http://wfrp.ia/resource/reddit/post/1njpn8e,ont_has_ontology_elements,global_counts,,1.0,False
1njpn8e,test,1,http://wfrp.ia/resource/reddit/post/1njpn8e,ont_count_domain_concepts,global_counts,,2.0,False
1njpn8e,test,1,http://wfrp.ia/resource/reddit/post/1njpn8e,ont_total_neutro_mentions,global_counts,,2.0,False
1njpn8e,test,1,http://wfrp.ia/resource/reddit/post/1njpn8e,ont_domain_score,global_counts,,2.0,False
1njpn8e,test,1,http://wfrp.ia/resource/reddit/post/1njpn8e,ont_domain_density,global_counts,,0.16666666666666666,True
1njam4d,test,0,http://wfrp.ia/resource/reddit/post/1njam4d,ont_InteligenciaArtificial_Neutro,ai,http://wfrp.ia/dominio/ciencia-tecnologia#InteligenciaArtificial,1.0,False
1njam4d,test,0,http://wfrp.ia/resource/reddit/post/1njam4d,ont_has_ontology_elements,global_counts,,1.0,False
1njam4d,test,0,http://wfrp.ia/resource/reddit/post/1njam4d,ont_count_domain_concepts,global_counts,,1.0,False
1njam4d,test,0,http://wfrp.ia/resource/reddit/post/1njam4d,ont_total_neutro_mentions,global_counts,,1.0,False
1njam4d,test,0,http://wfrp.ia/resource/reddit/post/1njam4d,ont_domain_score,global_counts,,1.0,False
1njam4d,test,0,http://wfrp.ia/resource/reddit/post/1njam4d,ont_domain_density,global_counts,,0.07142857142857142,True
1njefac,test,1,http://wfrp.ia/resource/reddit/post/1njefac,ont_InteligenciaArtificial_Neutro,ai,http://wfrp.ia/dominio/ciencia-tecnologia#InteligenciaArtificial,1.0,False
1njefac,test,1,http://wfrp.ia/resource/reddit/post/1njefac,ont_has_ontology_elements,global_counts,,1.0,False
1njefac,test,1,http://wfrp.ia/resource/reddit/post/1njefac,ont_count_domain_concepts,global_counts,,1.0,False
1njefac,test,1,http://wfrp.ia/resource/reddit/post/1njefac,ont_total_neutro_mentions,global_counts,,1.0,False
1njefac,test,1,http://wfrp.ia/resource/reddit/post/1njefac,ont_domain_score,global_counts,,1.0,False
1njefac,test,1,http://wfrp.ia/resource/reddit/post/1njefac,ont_domain_density,global_counts,,0.05263157894736842,True
1nduqj2,test,2,http://wfrp.ia/resource/reddit/post/1nduqj2,ont_InteligenciaArtificial_Neutro,ai,http://wfrp.ia/dominio/ciencia-tecnologia#InteligenciaArtificial,1.0,False
1nduqj2,test,2,http://wfrp.ia/resource/reddit/post/1nduqj2,ont_has_ontology_elements,global_counts,,1.0,False
1nduqj2,test,2,http://wfrp.ia/resource/reddit/post/1nduqj2,ont_count_domain_concepts,global_counts,,1.0,False
1nduqj2,test,2,http://wfrp.ia/resource/reddit/post/1nduqj2,ont_total_neutro_mentions,global_counts,,1.0,False
1nduqj2,test,2,http://wfrp.ia/resource/reddit/post/1nduqj2,ont_domain_score,global_counts,,1.0,False
1nduqj2,test,2,http://wfrp.ia/resource/reddit/post/1nduqj2,ont_domain_density,global_counts,,0.09090909090909091,True
1nd69hu,test,2,http://wfrp.ia/resource/reddit/post/1nd69hu,,,,0.0,False
1ndb9a8,test,1,http://wfrp.ia/resource/reddit/post/1ndb9a8,,,,0.0,False
1ndmkxq,test,1,http://wfrp.ia/resource/reddit/post/1ndmkxq,ont_InteligenciaArtificial_Neutro,ai,http://wfrp.ia/dominio/ciencia-tecnologia#InteligenciaArtificial,1.0,False
1ndmkxq,test,1,http://wfrp.ia/resource/reddit/post/1ndmkxq,ont_Robot_Neutro,robot,http://wfrp.ia/dominio/ciencia-tecnologia#Robot,1.0,False
1ndmkxq,test,1,http://wfrp.ia/resource/reddit/post/1ndmkxq,ont_has_ontology_elements,global_counts,,1.0,False
1ndmkxq,test,1,http://wfrp.ia/resource/reddit/post/1ndmkxq,ont_count_domain_concepts,global_counts,,2.0,False
1ndmkxq,test,1,http://wfrp.ia/resource/reddit/post/1ndmkxq,ont_total_neutro_mentions,global_counts,,2.0,False
1ndmkxq,test,1,http://wfrp.ia/resource/reddit/post/1ndmkxq,ont_domain_score,global_counts,,2.0,False
1ndmkxq,test,1,http://wfrp.ia/resource/reddit/post/1ndmkxq,ont_domain_density,global_counts,,0.14285714285714285,True
1ndmbat,test,2,http://wfrp.ia/resource/reddit/post/1ndmbat,ont_InteligenciaArtificial_Neutro,ai,http://wfrp.ia/dominio/ciencia-tecnologia#InteligenciaArtificial,1.0,False
1ndmbat,test,2,http://wfrp.ia/resource/reddit/post/1ndmbat,ont_has_ontology_elements,global_counts,,1.0,False
1ndmbat,test,2,http://wfrp.ia/resource/reddit/post/1ndmbat,ont_count_domain_concepts,global_counts,,1.0,False
1ndmbat,test,2,http://wfrp.ia/resource/reddit/post/1ndmbat,ont_total_neutro_mentions,global_counts,,1.0,False
1ndmbat,test,2,http://wfrp.ia/resource/reddit/post/1ndmbat,ont_domain_score,global_counts,,1.0,False
1ndmbat,test,2,http://wfrp.ia/resource/reddit/post/1ndmbat,ont_domain_density,global_counts,,0.07142857142857142,True
1ndt8pg,test,2,http://wfrp.ia/resource/reddit/post/1ndt8pg,ont_InteligenciaArtificial_Neutro,ai,http://wfrp.ia/dominio/ciencia-tecnologia#InteligenciaArtificial,1.0,False
1ndt8pg,test,2,http://wfrp.ia/resource/reddit/post/1ndt8pg,ont_has_ontology_elements,global_counts,,1.0,False
1ndt8pg,test,2,http://wfrp.ia/resource/reddit/post/1ndt8pg,ont_count_domain_concepts,global_counts,,1.0,False
1ndt8pg,test,2,http://wfrp.ia/resource/reddit/post/1ndt8pg,ont_total_neutro_mentions,global_counts,,1.0,False
1ndt8pg,test,2,http://wfrp.ia/resource/reddit/post/1ndt8pg,ont_domain_score,global_counts,,1.0,False
1ndt8pg,test,2,http://wfrp.ia/resource/reddit/post/1ndt8pg,ont_domain_density,global_counts,,0.05555555555555555,True
1nd7w72,test,1,http://wfrp.ia/resource/reddit/post/1nd7w72,ont_InteligenciaArtificial_Neutro,ai,http://wfrp.ia/dominio/ciencia-tecnologia#InteligenciaArtificial,1.0,False
1nd7w72,test,1,http://wfrp.ia/resource/reddit/post/1nd7w72,ont_has_ontology_elements,global_counts,,1.0,False
1nd7w72,test,1,http://wfrp.ia/resource/reddit/post/1nd7w72,ont_count_domain_concepts,global_counts,,1.0,False
1nd7w72,test,1,http://wfrp.ia/resource/reddit/post/1nd7w72,ont_total_neutro_mentions,global_counts,,1.0,False
1nd7w72,test,1,http://wfrp.ia/resource/reddit/post/1nd7w72,ont_domain_score,global_counts,,1.0,False
1nd7w72,test,1,http://wfrp.ia/resource/reddit/post/1nd7w72,ont_domain_density,global_counts,,0.06666666666666667,True
1ndecpe,test,2,http://wfrp.ia/resource/reddit/post/1ndecpe,ont_has_ontology_elements,global_counts,,1.0,False
1ndjc6p,test,1,http://wfrp.ia/resource/reddit/post/1ndjc6p,ont_InteligenciaArtificial_Neutro,ai,http://wfrp.ia/dominio/ciencia-tecnologia#InteligenciaArtificial,1.0,False
1ndjc6p,test,1,http://wfrp.ia/resource/reddit/post/1ndjc6p,ont_has_ontology_elements,global_counts,,1.0,False
1ndjc6p,test,1,http://wfrp.ia/resource/reddit/post/1ndjc6p,ont_count_domain_concepts,global_counts,,1.0,False
1ndjc6p,test,1,http://wfrp.ia/resource/reddit/post/1ndjc6p,ont_total_neutro_mentions,global_counts,,1.0,False
1ndjc6p,test,1,http://wfrp.ia/resource/reddit/post/1ndjc6p,ont_domain_score,global_counts,,1.0,False
1ndjc6p,test,1,http://wfrp.ia/resource/reddit/post/1ndjc6p,ont_domain_density,global_counts,,0.125,True
1naw5hz,test,2,http://wfrp.ia/resource/reddit/post/1naw5hz,ont_Tecnologia_Neutro,technology,http://wfrp.ia/dominio/ciencia-tecnologia#Tecnologia,1.0,True
1naw5hz,test,2,http://wfrp.ia/resource/reddit/post/1naw5hz,ont_has_ontology_elements,global_counts,,1.0,False
1naw5hz,test,2,http://wfrp.ia/resource/reddit/post/1naw5hz,ont_count_domain_concepts,global_counts,,1.0,False
1naw5hz,test,2,http://wfrp.ia/resource/reddit/post/1naw5hz,ont_total_neutro_mentions,global_counts,,1.0,False
1naw5hz,test,2,http://wfrp.ia/resource/reddit/post/1naw5hz,ont_domain_score,global_counts,,1.0,False
1naw5hz,test,2,http://wfrp.ia/resource/reddit/post/1naw5hz,ont_domain_density,global_counts,,0.1,True
1narvkw,test,0,http://wfrp.ia/resource/reddit/post/1narvkw,ont_InteligenciaArtificial_Neutro,ai,http://wfrp.ia/dominio/ciencia-tecnologia#InteligenciaArtificial,1.0,False
1narvkw,test,0,http://wfrp.ia/resource/reddit/post/1narvkw,ont_has_ontology_elements,global_counts,,1.0,False
1narvkw,test,0,http://wfrp.ia/resource/reddit/post/1narvkw,ont_count_domain_concepts,global_counts,,1.0,False
1narvkw,test,0,http://wfrp.ia/resource/reddit/post/1narvkw,ont_total_neutro_mentions,global_counts,,1.0,False
1narvkw,test,0,http://wfrp.ia/resource/reddit/post/1narvkw,ont_domain_score,global_counts,,1.0,False
1narvkw,test,0,http://wfrp.ia/resource/reddit/post/1narvkw,ont_domain_density,global_counts,,0.1,True
1nb0r40,test,1,http://wfrp.ia/resource/reddit/post/1nb0r40,ont_InteligenciaArtificial_Neutro,ai,http://wfrp.ia/dominio/ciencia-tecnologia#InteligenciaArtificial,1.0,False
1nb0r40,test,1,http://wfrp.ia/resource/reddit/post/1nb0r40,ont_has_ontology_elements,global_counts,,1.0,False
1nb0r40,test,1,http://wfrp.ia/resource/reddit/post/1nb0r40,ont_count_domain_concepts,global_counts,,1.0,False
1nb0r40,test,1,http://wfrp.ia/resource/reddit/post/1nb0r40,ont_total_neutro_mentions,global_counts,,1.0,False
1nb0r40,test,1,http://wfrp.ia/resource/reddit/post/1nb0r40,ont_domain_score,global_counts,,1.0,False
1nb0r40,test,1,http://wfrp.ia/resource/reddit/post/1nb0r40,ont_domain_density,global_counts,,0.1111111111111111,True
1nb2eq9,test,0,http://wfrp.ia/resource/reddit/post/1nb2eq9,ont_InteligenciaArtificial_Neutro,ai,http://wfrp.ia/dominio/ciencia-tecnologia#InteligenciaArtificial,1.0,False
1nb2eq9,test,0,http://wfrp.ia/resource/reddit/post/1nb2eq9,ont_has_ontology_elements,global_counts,,1.0,False
1nb2eq9,test,0,http://wfrp.ia/resource/reddit/post/1nb2eq9,ont_count_domain_concepts,global_counts,,1.0,False
1nb2eq9,test,0,http://wfrp.ia/resource/reddit/post/1nb2eq9,ont_total_neutro_mentions,global_counts,,1.0,False
1nb2eq9,test,0,http://wfrp.ia/resource/reddit/post/1nb2eq9,ont_domain_score,global_counts,,1.0,False
1nb2eq9,test,0,http://wfrp.ia/resource/reddit/post/1nb2eq9,ont_domain_density,global_counts,,0.1,True
1nci86l,test,1,http://wfrp.ia/resource/reddit/post/1nci86l,ont_InteligenciaArtificial_Positivo,ai,http://wfrp.ia/dominio/ciencia-tecnologia#InteligenciaArtificial,1.0,False
1nci86l,test,1,http://wfrp.ia/resource/reddit/post/1nci86l,ont_has_ontology_elements,global_counts,,1.0,False
1nci86l,test,1,http://wfrp.ia/resource/reddit/post/1nci86l,ont_count_domain_concepts,global_counts,,1.0,False
1nci86l,test,1,http://wfrp.ia/resource/reddit/post/1nci86l,ont_total_positivo_mentions,global_counts,,1.0,False
1nci86l,test,1,http://wfrp.ia/resource/reddit/post/1nci86l,ont_domain_score,global_counts,,1.0,False
1nci86l,test,1,http://wfrp.ia/resource/reddit/post/1nci86l,ont_domain_density,global_counts,,0.1,True
1nctqbj,test,2,http://wfrp.ia/resource/reddit/post/1nctqbj,ont_InteligenciaArtificial_Neutro,ai,http://wfrp.ia/dominio/ciencia-tecnologia#InteligenciaArtificial,1.0,False
1nctqbj,test,2,http://wfrp.ia/resource/reddit/post/1nctqbj,ont_has_ontology_elements,global_counts,,1.0,False
1nctqbj,test,2,http://wfrp.ia/resource/reddit/post/1nctqbj,ont_count_domain_concepts,global_counts,,1.0,False
1nctqbj,test,2,http://wfrp.ia/resource/reddit/post/1nctqbj,ont_total_neutro_mentions,global_counts,,1.0,False
1nctqbj,test,2,http://wfrp.ia/resource/reddit/post/1nctqbj,ont_domain_score,global_counts,,1.0,False
1nctqbj,test,2,http://wfrp.ia/resource/reddit/post/1nctqbj,ont_domain_density,global_counts,,0.041666666666666664,True
1nc2z09,test,2,http://wfrp.ia/resource/reddit/post/1nc2z09,,,,0.0,False
1nbzrwk,test,2,http://wfrp.ia/resource/reddit/post/1nbzrwk,ont_InteligenciaArtificial_Neutro,ai,http://wfrp.ia/dominio/ciencia-tecnologia#InteligenciaArtificial,1.0,False
1nbzrwk,test,2,http://wfrp.ia/resource/reddit/post/1nbzrwk,ont_has_ontology_elements,global_counts,,1.0,False
1nbzrwk,test,2,http://wfrp.ia/resource/reddit/post/1nbzrwk,ont_count_domain_concepts,global_counts,,1.0,False
1nbzrwk,test,2,http://wfrp.ia/resource/reddit/post/1nbzrwk,ont_total_neutro_mentions,global_counts,,1.0,False
1nbzrwk,test,2,http://wfrp.ia/resource/reddit/post/1nbzrwk,ont_domain_score,global_counts,,1.0,False
1nbzrwk,test,2,http://wfrp.ia/resource/reddit/post/1nbzrwk,ont_domain_density,global_counts,,0.09090909090909091,True
1nbn3oj,test,0,http://wfrp.ia/resource/reddit/post/1nbn3oj,ont_InteligenciaArtificial_Neutro,ai,http://wfrp.ia/dominio/ciencia-tecnologia#InteligenciaArtificial,1.0,False
1nbn3oj,test,0,http://wfrp.ia/resource/reddit/post/1nbn3oj,ont_has_ontology_elements,global_counts,,1.0,False
1nbn3oj,test,0,http://wfrp.ia/resource/reddit/post/1nbn3oj,ont_count_domain_concepts,global_counts,,1.0,False
1nbn3oj,test,0,http://wfrp.ia/resource/reddit/post/1nbn3oj,ont_total_neutro_mentions,global_counts,,1.0,False
1nbn3oj,test,0,http://wfrp.ia/resource/reddit/post/1nbn3oj,ont_domain_score,global_counts,,0.5,False
1nbn3oj,test,0,http://wfrp.ia/resource/reddit/post/1nbn3oj,ont_domain_density,global_counts,,0.08333333333333333,True
1nbvuwc,test,0,http://wfrp.ia/resource/reddit/post/1nbvuwc,ont_InteligenciaArtificial_Neutro,ai,http://wfrp.ia/dominio/ciencia-tecnologia#InteligenciaArtificial,1.0,False
1nbvuwc,test,0,http://wfrp.ia/resource/reddit/post/1nbvuwc,ont_has_ontology_elements,global_counts,,1.0,False
1nbvuwc,test,0,http://wfrp.ia/resource/reddit/post/1nbvuwc,ont_count_domain_concepts,global_counts,,1.0,False
1nbvuwc,test,0,http://wfrp.ia/resource/reddit/post/1nbvuwc,ont_total_neutro_mentions,global_counts,,1.0,False
1nbvuwc,test,0,http://wfrp.ia/resource/reddit/post/1nbvuwc,ont_domain_score,global_counts,,1.0,False
1nbvuwc,test,0,http://wfrp.ia/resource/reddit/post/1nbvuwc,ont_domain_density,global_counts,,0.07142857142857142,True
1nbvqt8,test,2,http://wfrp.ia/resource/reddit/post/1nbvqt8,ont_Etica_Positivo,ethics,http://wfrp.ia/dominio/ciencia-tecnologia#Etica,1.0,False
1nbvqt8,test,2,http://wfrp.ia/resource/reddit/post/1nbvqt8,ont_has_ontology_elements,global_counts,,1.0,False
1nbvqt8,test,2,http://wfrp.ia/resource/reddit/post/1nbvqt8,ont_count_domain_concepts,global_counts,,1.0,False
1nbvqt8,test,2,http://wfrp.ia/resource/reddit/post/1nbvqt8,ont_total_positivo_mentions,global_counts,,1.0,False
1nbvqt8,test,2,http://wfrp.ia/resource/reddit/post/1nbvqt8,ont_domain_score,global_counts,,1.0,False
1nbvqt8,test,2,http://wfrp.ia/resource/reddit/post/1nbvqt8,ont_domain_density,global_counts,,0.125,True
1n5qsr5,test,2,http://wfrp.ia/resource/reddit/post/1n5qsr5,,,,0.0,False
1na957j,test,2,http://wfrp.ia/resource/reddit/post/1na957j,ont_Tecnologia_Neutro,technology,http://wfrp.ia/dominio/ciencia-tecnologia#Tecnologia,1.0,True
1na957j,test,2,http://wfrp.ia/resource/reddit/post/1na957j,ont_has_ontology_elements,global_counts,,1.0,False
1na957j,test,2,http://wfrp.ia/resource/reddit/post/1na957j,ont_count_domain_concepts,global_counts,,1.0,False
1na957j,test,2,http://wfrp.ia/resource/reddit/post/1na957j,ont_total_neutro_mentions,global_counts,,1.0,False
1na957j,test,2,http://wfrp.ia/resource/reddit/post/1na957j,ont_domain_score,global_counts,,1.0,False
1na957j,test,2,http://wfrp.ia/resource/reddit/post/1na957j,ont_domain_density,global_counts,,0.06666666666666667,True
1n9v3dk,test,1,http://wfrp.ia/resource/reddit/post/1n9v3dk,ont_InteligenciaArtificial_Neutro,ai,http://wfrp.ia/dominio/ciencia-tecnologia#InteligenciaArtificial,1.0,False
1n9v3dk,test,1,http://wfrp.ia/resource/reddit/post/1n9v3dk,ont_has_ontology_elements,global_counts,,1.0,False
1n9v3dk,test,1,http://wfrp.ia/resource/reddit/post/1n9v3dk,ont_count_domain_concepts,global_counts,,1.0,False
1n9v3dk,test,1,http://wfrp.ia/resource/reddit/post/1n9v3dk,ont_total_neutro_mentions,global_counts,,1.0,False
1n9v3dk,test,1,http://wfrp.ia/resource/reddit/post/1n9v3dk,ont_domain_score,global_counts,,0.5,False
1n9v3dk,test,1,http://wfrp.ia/resource/reddit/post/1n9v3dk,ont_domain_density,global_counts,,0.07692307692307693,True
1n9re19,test,2,http://wfrp.ia/resource/reddit/post/1n9re19,ont_InteligenciaArtificial_Neutro,ai,http://wfrp.ia/dominio/ciencia-tecnologia#InteligenciaArtificial,1.0,False
1n9re19,test,2,http://wfrp.ia/resource/reddit/post/1n9re19,ont_has_ontology_elements,global_counts,,1.0,False
1n9re19,test,2,http://wfrp.ia/resource/reddit/post/1n9re19,ont_count_domain_concepts,global_counts,,2.0,False
1n9re19,test,2,http://wfrp.ia/resource/reddit/post/1n9re19,ont_total_neutro_mentions,global_counts,,1.0,False
1n9re19,test,2,http://wfrp.ia/resource/reddit/post/1n9re19,ont_domain_score,global_counts,,2.0,False
1n9re19,test,2,http://wfrp.ia/resource/reddit/post/1n9re19,ont_domain_density,global_counts,,0.16666666666666666,True
1na5mm2,test,2,http://wfrp.ia/resource/reddit/post/1na5mm2,ont_Tecnologia_Neutro,technology,http://wfrp.ia/dominio/ciencia-tecnologia#Tecnologia,1.0,True
1na5mm2,test,2,http://wfrp.ia/resource/reddit/post/1na5mm2,ont_has_ontology_elements,global_counts,,1.0,False
1na5mm2,test,2,http://wfrp.ia/resource/reddit/post/1na5mm2,ont_count_domain_concepts,global_counts,,1.0,False
1na5mm2,test,2,http://wfrp.ia/resource/reddit/post/1na5mm2,ont_total_neutro_mentions,global_counts,,1.0,False
1na5mm2,test,2,http://wfrp.ia/resource/reddit/post/1na5mm2,ont_domain_score,global_counts,,1.0,False
1na5mm2,test,2,http://wfrp.ia/resource/reddit/post/1na5mm2,ont_domain_density,global_counts,,0.08333333333333333,True
1nae1hc,test,2,http://wfrp.ia/resource/reddit/post/1nae1hc,ont_InteligenciaArtificial_Neutro,ai,http://wfrp.ia/dominio/ciencia-tecnologia#InteligenciaArtificial,1.0,False
1nae1hc,test,2,http://wfrp.ia/resource/reddit/post/1nae1hc,ont_has_ontology_elements,global_counts,,1.0,False
1nae1hc,test,2,http://wfrp.ia/resource/reddit/post/1nae1hc,ont_count_domain_concepts,global_counts,,1.0,False
1nae1hc,test,2,http://wfrp.ia/resource/reddit/post/1nae1hc,ont_total_neutro_mentions,global_counts,,1.0,False
1nae1hc,test,2,http://wfrp.ia/resource/reddit/post/1nae1hc,ont_domain_score,global_counts,,1.0,False
1nae1hc,test,2,http://wfrp.ia/resource/reddit/post/1nae1hc,ont_domain_density,global_counts,,0.047619047619047616,True
1nhujnk,test,2,http://wfrp.ia/resource/reddit/post/1nhujnk,ont_InteligenciaArtificial_Neutro,ai,http://wfrp.ia/dominio/ciencia-tecnologia#InteligenciaArtificial,1.0,False
1nhujnk,test,2,http://wfrp.ia/resource/reddit/post/1nhujnk,ont_has_ontology_elements,global_counts,,1.0,False
1nhujnk,test,2,http://wfrp.ia/resource/reddit/post/1nhujnk,ont_count_domain_concepts,global_counts,,1.0,False
1nhujnk,test,2,http://wfrp.ia/resource/reddit/post/1nhujnk,ont_total_neutro_mentions,global_counts,,1.0,False
1nhujnk,test,2,http://wfrp.ia/resource/reddit/post/1nhujnk,ont_domain_score,global_counts,,0.5,False
1nhujnk,test,2,http://wfrp.ia/resource/reddit/post/1nhujnk,ont_domain_density,global_counts,,0.07142857142857142,True
1nf1ofz,test,1,http://wfrp.ia/resource/reddit/post/1nf1ofz,ont_has_ontology_elements,global_counts,,1.0,False
1nez75x,test,1,http://wfrp.ia/resource/reddit/post/1nez75x,ont_InteligenciaArtificial_Neutro,ai,http://wfrp.ia/dominio/ciencia-tecnologia#InteligenciaArtificial,2.0,False
1nez75x,test,1,http://wfrp.ia/resource/reddit/post/1nez75x,ont_has_ontology_elements,global_counts,,1.0,False
1nez75x,test,1,http://wfrp.ia/resource/reddit/post/1nez75x,ont_count_domain_concepts,global_counts,,1.0,False
1nez75x,test,1,http://wfrp.ia/resource/reddit/post/1nez75x,ont_total_neutro_mentions,global_counts,,2.0,False
1nez75x,test,1,http://wfrp.ia/resource/reddit/post/1nez75x,ont_domain_score,global_counts,,2.0,False
1nez75x,test,1,http://wfrp.ia/resource/reddit/post/1nez75x,ont_domain_density,global_counts,,0.03333333333333333,True
1nfag0t,test,1,http://wfrp.ia/resource/reddit/post/1nfag0t,ont_InteligenciaArtificial_Neutro,ai,http://wfrp.ia/dominio/ciencia-tecnologia#InteligenciaArtificial,1.0,False
1nfag0t,test,1,http://wfrp.ia/resource/reddit/post/1nfag0t,ont_Robot_Neutro,robot,http://wfrp.ia/dominio/ciencia-tecnologia#Robot,1.0,False
1nfag0t,test,1,http://wfrp.ia/resource/reddit/post/1nfag0t,ont_has_ontology_elements,global_counts,,1.0,False
1nfag0t,test,1,http://wfrp.ia/resource/reddit/post/1nfag0t,ont_count_domain_concepts,global_counts,,2.0,False
1nfag0t,test,1,http://wfrp.ia/resource/reddit/post/1nfag0t,ont_total_neutro_mentions,global_counts,,2.0,False
1nfag0t,test,1,http://wfrp.ia/resource/reddit/post/1nfag0t,ont_domain_score,global_counts,,2.5,False
1nfag0t,test,1,http://wfrp.ia/resource/reddit/post/1nfag0t,ont_domain_density,global_counts,,0.25,True
1nfsrko,test,1,http://wfrp.ia/resource/reddit/post/1nfsrko,ont_InteligenciaArtificial_Neutro,ai,http://wfrp.ia/dominio/ciencia-tecnologia#InteligenciaArtificial,1.0,False
1nfsrko,test,1,http://wfrp.ia/resource/reddit/post/1nfsrko,ont_has_ontology_elements,global_counts,,1.0,False
1nfsrko,test,1,http://wfrp.ia/resource/reddit/post/1nfsrko,ont_count_domain_concepts,global_counts,,1.0,False
1nfsrko,test,1,http://wfrp.ia/resource/reddit/post/1nfsrko,ont_total_neutro_mentions,global_counts,,1.0,False
1nfsrko,test,1,http://wfrp.ia/resource/reddit/post/1nfsrko,ont_domain_score,global_counts,,1.0,False
1nfsrko,test,1,http://wfrp.ia/resource/reddit/post/1nfsrko,ont_domain_density,global_counts,,0.07692307692307693,True
1ng8dzr,test,0,http://wfrp.ia/resource/reddit/post/1ng8dzr,ont_InteligenciaArtificial_Neutro,ai,http://wfrp.ia/dominio/ciencia-tecnologia#InteligenciaArtificial,1.0,False
1ng8dzr,test,0,http://wfrp.ia/resource/reddit/post/1ng8dzr,ont_has_ontology_elements,global_counts,,1.0,False
1ng8dzr,test,0,http://wfrp.ia/resource/reddit/post/1ng8dzr,ont_count_domain_concepts,global_counts,,1.0,False
1ng8dzr,test,0,http://wfrp.ia/resource/reddit/post/1ng8dzr,ont_total_neutro_mentions,global_counts,,1.0,False
1ng8dzr,test,0,http://wfrp.ia/resource/reddit/post/1ng8dzr,ont_domain_score,global_counts,,1.0,False
1ng8dzr,test,0,http://wfrp.ia/resource/reddit/post/1ng8dzr,ont_domain_density,global_counts,,0.1,True
1nfunlc,test,0,http://wfrp.ia/resource/reddit/post/1nfunlc,ont_InteligenciaArtificial_Neutro,ai,http://wfrp.ia/dominio/ciencia-tecnologia#InteligenciaArtificial,1.0,False
1nfunlc,test,0,http://wfrp.ia/resource/reddit/post/1nfunlc,ont_has_ontology_elements,global_counts,,1.0,False
1nfunlc,test,0,http://wfrp.ia/resource/reddit/post/1nfunlc,ont_count_domain_concepts,global_counts,,1.0,False
1nfunlc,test,0,http://wfrp.ia/resource/reddit/post/1nfunlc,ont_total_neutro_mentions,global_counts,,1.0,False
1nfunlc,test,0,http://wfrp.ia/resource/reddit/post/1nfunlc,ont_domain_score,global_counts,,1.0,False
1nfunlc,test,0,http://wfrp.ia/resource/reddit/post/1nfunlc,ont_domain_density,global_counts,,0.07692307692307693,True
1ngr3r7,test,2,http://wfrp.ia/resource/reddit/post/1ngr3r7,ont_Robot_Neutro,robot,http://wfrp.ia/dominio/ciencia-tecnologia#Robot,1.0,False
1ngr3r7,test,2,http://wfrp.ia/resource/reddit/post/1ngr3r7,ont_has_ontology_elements,global_counts,,1.0,False
1ngr3r7,test,2,http://wfrp.ia/resource/reddit/post/1ngr3r7,ont_count_domain_concepts,global_counts,,1.0,False
1ngr3r7,test,2,http://wfrp.ia/resource/reddit/post/1ngr3r7,ont_total_neutro_mentions,global_counts,,1.0,False
1ngr3r7,test,2,http://wfrp.ia/resource/reddit/post/1ngr3r7,ont_domain_score,global_counts,,1.0,False
1ngr3r7,test,2,http://wfrp.ia/resource/reddit/post/1ngr3r7,ont_domain_density,global_counts,,0.1111111111111111,True
1n524mk,test,1,http://wfrp.ia/resource/reddit/post/1n524mk,ont_Datos_Neutro,data,http://wfrp.ia/dominio/ciencia-tecnologia#Datos,1.0,False
1n524mk,test,1,http://wfrp.ia/resource/reddit/post/1n524mk,ont_has_ontology_elements,global_counts,,1.0,False
1n524mk,test,1,http://wfrp.ia/resource/reddit/post/1n524mk,ont_count_domain_concepts,global_counts,,1.0,False
1n524mk,test,1,http://wfrp.ia/resource/reddit/post/1n524mk,ont_total_neutro_mentions,global_counts,,1.0,False
1n524mk,test,1,http://wfrp.ia/resource/reddit/post/1n524mk,ont_domain_score,global_counts,,1.0,False
1n524mk,test,1,http://wfrp.ia/resource/reddit/post/1n524mk,ont_domain_density,global_counts,,0.058823529411764705,True
1n573nd,test,2,http://wfrp.ia/resource/reddit/post/1n573nd,ont_InteligenciaArtificial_Neutro,ai,http://wfrp.ia/dominio/ciencia-tecnologia#InteligenciaArtificial,1.0,False
1n573nd,test,2,http://wfrp.ia/resource/reddit/post/1n573nd,ont_has_ontology_elements,global_counts,,1.0,False
1n573nd,test,2,http://wfrp.ia/resource/reddit/post/1n573nd,ont_count_domain_concepts,global_counts,,1.0,False
1n573nd,test,2,http://wfrp.ia/resource/reddit/post/1n573nd,ont_total_neutro_mentions,global_counts,,1.0,False
1n573nd,test,2,http://wfrp.ia/resource/reddit/post/1n573nd,ont_domain_score,global_counts,,1.0,False
1n573nd,test,2,http://wfrp.ia/resource/reddit/post/1n573nd,ont_domain_density,global_counts,,0.041666666666666664,True
1n4a8nw,test,0,http://wfrp.ia/resource/reddit/post/1n4a8nw,ont_InteligenciaArtificial_Neutro,ai,http://wfrp.ia/dominio/ciencia-tecnologia#InteligenciaArtificial,1.0,False
1n4a8nw,test,0,http://wfrp.ia/resource/reddit/post/1n4a8nw,ont_has_ontology_elements,global_counts,,1.0,False
1n4a8nw,test,0,http://wfrp.ia/resource/reddit/post/1n4a8nw,ont_count_domain_concepts,global_counts,,1.0,False
1n4a8nw,test,0,http://wfrp.ia/resource/reddit/post/1n4a8nw,ont_total_neutro_mentions,global_counts,,1.0,False
1n4a8nw,test,0,http://wfrp.ia/resource/reddit/post/1n4a8nw,ont_domain_score,global_counts,,1.0,False
1n4a8nw,test,0,http://wfrp.ia/resource/reddit/post/1n4a8nw,ont_domain_density,global_counts,,0.1111111111111111,True
1ne7j9v,test,1,http://wfrp.ia/resource/reddit/post/1ne7j9v,ont_InteligenciaArtificial_Neutro,ai,http://wfrp.ia/dominio/ciencia-tecnologia#InteligenciaArtificial,1.0,False
1ne7j9v,test,1,http://wfrp.ia/resource/reddit/post/1ne7j9v,ont_has_ontology_elements,global_counts,,1.0,False
1ne7j9v,test,1,http://wfrp.ia/resource/reddit/post/1ne7j9v,ont_count_domain_concepts,global_counts,,1.0,False
1ne7j9v,test,1,http://wfrp.ia/resource/reddit/post/1ne7j9v,ont_total_neutro_mentions,global_counts,,1.0,False
1ne7j9v,test,1,http://wfrp.ia/resource/reddit/post/1ne7j9v,ont_domain_score,global_counts,,0.5,False
1ne7j9v,test,1,http://wfrp.ia/resource/reddit/post/1ne7j9v,ont_domain_density,global_counts,,0.125,True
1nelzc3,test,1,http://wfrp.ia/resource/reddit/post/1nelzc3,ont_InteligenciaArtificial_Neutro,ai,http://wfrp.ia/dominio/ciencia-tecnologia#InteligenciaArtificial,2.0,False
1nelzc3,test,1,http://wfrp.ia/resource/reddit/post/1nelzc3,ont_has_ontology_elements,global_counts,,1.0,False
1nelzc3,test,1,http://wfrp.ia/resource/reddit/post/1nelzc3,ont_count_domain_concepts,global_counts,,1.0,False
1nelzc3,test,1,http://wfrp.ia/resource/reddit/post/1nelzc3,ont_total_neutro_mentions,global_counts,,2.0,False
1nelzc3,test,1,http://wfrp.ia/resource/reddit/post/1nelzc3,ont_domain_score,global_counts,,2.0,False
1nelzc3,test,1,http://wfrp.ia/resource/reddit/post/1nelzc3,ont_domain_density,global_counts,,0.034482758620689655,True
1nem7e6,test,2,http://wfrp.ia/resource/reddit/post/1nem7e6,ont_InteligenciaArtificial_Neutro,ai,http://wfrp.ia/dominio/ciencia-tecnologia#InteligenciaArtificial,5.0,False
1nem7e6,test,2,http://wfrp.ia/resource/reddit/post/1nem7e6,ont_AprendizajeAutomatico_Positivo,ml,http://wfrp.ia/dominio/ciencia-tecnologia#AprendizajeAutomatico,1.0,False
1nem7e6,test,2,http://wfrp.ia/resource/reddit/post/1nem7e6,ont_Robot_Neutro,robot,http://wfrp.ia/dominio/ciencia-tecnologia#Robot,6.0,False
1nem7e6,test,2,http://wfrp.ia/resource/reddit/post/1nem7e6,ont_has_ontology_elements,global_counts,,1.0,False
1nem7e6,test,2,http://wfrp.ia/resource/reddit/post/1nem7e6,ont_count_domain_concepts,global_counts,,3.0,False
1nem7e6,test,2,http://wfrp.ia/resource/reddit/post/1nem7e6,ont_total_positivo_mentions,global_counts,,1.0,False
1nem7e6,test,2,http://wfrp.ia/resource/reddit/post/1nem7e6,ont_total_neutro_mentions,global_counts,,11.0,False
1nem7e6,test,2,http://wfrp.ia/resource/reddit/post/1nem7e6,ont_domain_score,global_counts,,11.5,False
1nem7e6,test,2,http://wfrp.ia/resource/reddit/post/1nem7e6,ont_domain_density,global_counts,,0.01056338028169014,True
1neftmf,test,2,http://wfrp.ia/resource/reddit/post/1neftmf,ont_InteligenciaArtificial_Neutro,ai,http://wfrp.ia/dominio/ciencia-tecnologia#InteligenciaArtificial,1.0,False
1neftmf,test,2,http://wfrp.ia/resource/reddit/post/1neftmf,ont_has_ontology_elements,global_counts,,1.0,False
1neftmf,test,2,http://wfrp.ia/resource/reddit/post/1neftmf,ont_count_domain_concepts,global_counts,,1.0,False
1neftmf,test,2,http://wfrp.ia/resource/reddit/post/1neftmf,ont_total_neutro_mentions,global_counts,,1.0,False
1neftmf,test,2,http://wfrp.ia/resource/reddit/post/1neftmf,ont_domain_score,global_counts,,1.0,False
1neftmf,test,2,http://wfrp.ia/resource/reddit/post/1neftmf,ont_domain_density,global_counts,,0.0625,True
1ne4fz6,test,2,http://wfrp.ia/resource/reddit/post/1ne4fz6,ont_InteligenciaArtificial_Neutro,ai,http://wfrp.ia/dominio/ciencia-tecnologia#InteligenciaArtificial,2.0,False
1ne4fz6,test,2,http://wfrp.ia/resource/reddit/post/1ne4fz6,ont_has_ontology_elements,global_counts,,1.0,False
1ne4fz6,test,2,http://wfrp.ia/resource/reddit/post/1ne4fz6,ont_count_domain_concepts,global_counts,,1.0,False
1ne4fz6,test,2,http://wfrp.ia/resource/reddit/post/1ne4fz6,ont_total_neutro_mentions,global_counts,,2.0,False
1ne4fz6,test,2,http://wfrp.ia/resource/reddit/post/1ne4fz6,ont_domain_score,global_counts,,1.5,False
1ne4fz6,test,2,http://wfrp.ia/resource/reddit/post/1ne4fz6,ont_domain_density,global_counts,,0.03571428571428571,True
1nibeql,test,2,http://wfrp.ia/resource/reddit/post/1nibeql,ont_InteligenciaArtificial_Neutro,ai,http://wfrp.ia/dominio/ciencia-tecnologia#InteligenciaArtificial,3.0,False
1nibeql,test,2,http://wfrp.ia/resource/reddit/post/1nibeql,ont_has_ontology_elements,global_counts,,1.0,False
1nibeql,test,2,http://wfrp.ia/resource/reddit/post/1nibeql,ont_count_domain_concepts,global_counts,,1.0,False
1nibeql,test,2,http://wfrp.ia/resource/reddit/post/1nibeql,ont_total_neutro_mentions,global_counts,,3.0,False
1nibeql,test,2,http://wfrp.ia/resource/reddit/post/1nibeql,ont_domain_score,global_counts,,3.0,False
1nibeql,test,2,http://wfrp.ia/resource/reddit/post/1nibeql,ont_domain_density,global_counts,,0.02857142857142857,True
1nirter,test,0,http://wfrp.ia/resource/reddit/post/1nirter,ont_InteligenciaArtificial_Neutro,ai,http://wfrp.ia/dominio/ciencia-tecnologia#InteligenciaArtificial,1.0,False
1nirter,test,0,http://wfrp.ia/resource/reddit/post/1nirter,ont_Datos_Neutro,data,http://wfrp.ia/dominio/ciencia-tecnologia#Datos,1.0,False
1nirter,test,0,http://wfrp.ia/resource/reddit/post/1nirter,ont_Automatizacion_Neutro,automation,http://wfrp.ia/dominio/ciencia-tecnologia#Automatizacion,1.0,False
1nirter,test,0,http://wfrp.ia/resource/reddit/post/1nirter,ont_has_ontology_elements,global_counts,,1.0,False
1nirter,test,0,http://wfrp.ia/resource/reddit/post/1nirter,ont_count_domain_concepts,global_counts,,3.0,False
1nirter,test,0,http://wfrp.ia/resource/reddit/post/1nirter,ont_total_neutro_mentions,global_counts,,3.0,False
1nirter,test,0,http://wfrp.ia/resource/reddit/post/1nirter,ont_domain_score,global_counts,,3.0,False
1nirter,test,0,http://wfrp.ia/resource/reddit/post/1nirter,ont_domain_density,global_counts,,0.13636363636363635,True
1nihv2k,test,1,http://wfrp.ia/resource/reddit/post/1nihv2k,ont_InteligenciaArtificial_Positivo,ai,http://wfrp.ia/dominio/ciencia-tecnologia#InteligenciaArtificial,1.0,False
1nihv2k,test,1,http://wfrp.ia/resource/reddit/post/1nihv2k,ont_Futuro_Neutro,future,http://wfrp.ia/dominio/ciencia-tecnologia#Futuro,1.0,False
1nihv2k,test,1,http://wfrp.ia/resource/reddit/post/1nihv2k,ont_Datos_Neutro,data,http://wfrp.ia/dominio/ciencia-tecnologia#Datos,1.0,False
1nihv2k,test,1,http://wfrp.ia/resource/reddit/post/1nihv2k,ont_has_ontology_elements,global_counts,,1.0,False
1nihv2k,test,1,http://wfrp.ia/resource/reddit/post/1nihv2k,ont_count_domain_concepts,global_counts,,3.0,False
1nihv2k,test,1,http://wfrp.ia/resource/reddit/post/1nihv2k,ont_total_positivo_mentions,global_counts,,1.0,False
1nihv2k,test,1,http://wfrp.ia/resource/reddit/post/1nihv2k,ont_total_neutro_mentions,global_counts,,2.0,False
1nihv2k,test,1,http://wfrp.ia/resource/reddit/post/1nihv2k,ont_domain_score,global_counts,,3.0,False
1nihv2k,test,1,http://wfrp.ia/resource/reddit/post/1nihv2k,ont_domain_density,global_counts,,0.016129032258064516,True
1nikn67,test,2,http://wfrp.ia/resource/reddit/post/1nikn67,ont_InteligenciaArtificial_Neutro,ai,http://wfrp.ia/dominio/ciencia-tecnologia#InteligenciaArtificial,1.0,False
1nikn67,test,2,http://wfrp.ia/resource/reddit/post/1nikn67,ont_has_ontology_elements,global_counts,,1.0,False
1nikn67,test,2,http://wfrp.ia/resource/reddit/post/1nikn67,ont_count_domain_concepts,global_counts,,1.0,False
1nikn67,test,2,http://wfrp.ia/resource/reddit/post/1nikn67,ont_total_neutro_mentions,global_counts,,1.0,False
1nikn67,test,2,http://wfrp.ia/resource/reddit/post/1nikn67,ont_domain_score,global_counts,,0.5,False
1nikn67,test,2,http://wfrp.ia/resource/reddit/post/1nikn67,ont_domain_density,global_counts,,0.06666666666666667,True
1nii41n,test,1,http://wfrp.ia/resource/reddit/post/1nii41n,ont_InteligenciaArtificial_Positivo,ai,http://wfrp.ia/dominio/ciencia-tecnologia#InteligenciaArtificial,2.0,False
1nii41n,test,1,http://wfrp.ia/resource/reddit/post/1nii41n,ont_InteligenciaArtificial_Neutro,ai,http://wfrp.ia/dominio/ciencia-tecnologia#InteligenciaArtificial,6.0,False
1nii41n,test,1,http://wfrp.ia/resource/reddit/post/1nii41n,ont_Datos_Neutro,data,http://wfrp.ia/dominio/ciencia-tecnologia#Datos,9.0,False
1nii41n,test,1,http://wfrp.ia/resource/reddit/post/1nii41n,ont_has_ontology_elements,global_counts,,1.0,False
1nii41n,test,1,http://wfrp.ia/resource/reddit/post/1nii41n,ont_count_domain_concepts,global_counts,,2.0,False
1nii41n,test,1,http://wfrp.ia/resource/reddit/post/1nii41n,ont_total_positivo_mentions,global_counts,,2.0,False
1nii41n,test,1,http://wfrp.ia/resource/reddit/post/1nii41n,ont_total_neutro_mentions,global_counts,,15.0,False
1nii41n,test,1,http://wfrp.ia/resource/reddit/post/1nii41n,ont_domain_score,global_counts,,9.5,False
1nii41n,test,1,http://wfrp.ia/resource/reddit/post/1nii41n,ont_domain_density,global_counts,,0.00881057268722467,True
1nibfqs,test,2,http://wfrp.ia/resource/reddit/post/1nibfqs,ont_has_ontology_elements,global_counts,,1.0,False
1njb1ni,test,2,http://wfrp.ia/resource/reddit/post/1njb1ni,ont_InteligenciaArtificial_Neutro,ai,http://wfrp.ia/dominio/ciencia-tecnologia#InteligenciaArtificial,3.0,False
1njb1ni,test,2,http://wfrp.ia/resource/reddit/post/1njb1ni,ont_has_ontology_elements,global_counts,,1.0,False
1njb1ni,test,2,http://wfrp.ia/resource/reddit/post/1njb1ni,ont_count_domain_concepts,global_counts,,1.0,False
1njb1ni,test,2,http://wfrp.ia/resource/reddit/post/1njb1ni,ont_total_neutro_mentions,global_counts,,3.0,False
1njb1ni,test,2,http://wfrp.ia/resource/reddit/post/1njb1ni,ont_domain_score,global_counts,,3.0,False
1njb1ni,test,2,http://wfrp.ia/resource/reddit/post/1njb1ni,ont_domain_density,global_counts,,0.011904761904761904,True
1njcvyp,test,0,http://wfrp.ia/resource/reddit/post/1njcvyp,ont_InteligenciaArtificial_Positivo,ai,http://wfrp.ia/dominio/ciencia-tecnologia#InteligenciaArtificial,1.0,False
1njcvyp,test,0,http://wfrp.ia/resource/reddit/post/1njcvyp,ont_InteligenciaArtificial_Neutro,ai,http://wfrp.ia/dominio/ciencia-tecnologia#InteligenciaArtificial,1.0,False
1njcvyp,test,0,http://wfrp.ia/resource/reddit/post/1njcvyp,ont_Algoritmo_Neutro,algorithm,http://wfrp.ia/dominio/ciencia-tecnologia#Algoritmo,2.0,False
1njcvyp,test,0,http://wfrp.ia/resource/reddit/post/1njcvyp,ont_has_ontology_elements,global_counts,,1.0,False
1njcvyp,test,0,http://wfrp.ia/resource/reddit/post/1njcvyp,ont_count_domain_concepts,global_counts,,2.0,False
1njcvyp,test,0,http://wfrp.ia/resource/reddit/post/1njcvyp,ont_total_positivo_mentions,global_counts,,1.0,False
1njcvyp,test,0,http://wfrp.ia/resource/reddit/post/1njcvyp,ont_total_neutro_mentions,global_counts,,3.0,False
1njcvyp,test,0,http://wfrp.ia/resource/reddit/post/1njcvyp,ont_domain_score,global_counts,,3.0,False
1njcvyp,test,0,http://wfrp.ia/resource/reddit/post/1njcvyp,ont_domain_density,global_counts,,0.008849557522123894,True
1njhwo0,test,1,http://wfrp.ia/resource/reddit/post/1njhwo0,ont_InteligenciaArtificial_Neutro,ai,http://wfrp.ia/dominio/ciencia-tecnologia#InteligenciaArtificial,1.0,False
1njhwo0,test,1,http://wfrp.ia/resource/reddit/post/1njhwo0,ont_has_ontology_elements,global_counts,,1.0,False
1njhwo0,test,1,http://wfrp.ia/resource/reddit/post/1njhwo0,ont_count_domain_concepts,global_counts,,1.0,False
1njhwo0,test,1,http://wfrp.ia/resource/reddit/post/1njhwo0,ont_total_neutro_mentions,global_counts,,1.0,False
1njhwo0,test,1,http://wfrp.ia/resource/reddit/post/1njhwo0,ont_domain_score,global_counts,,1.0,False
1njhwo0,test,1,http://wfrp.ia/resource/reddit/post/1njhwo0,ont_domain_density,global_counts,,0.1111111111111111,True
1njddp4,test,2,http://wfrp.ia/resource/reddit/post/1njddp4,ont_InteligenciaArtificial_Neutro,ai,http://wfrp.ia/dominio/ciencia-tecnologia#InteligenciaArtificial,1.0,False
1njddp4,test,2,http://wfrp.ia/resource/reddit/post/1njddp4,ont_Futuro_Neutro,future,http://wfrp.ia/dominio/ciencia-tecnologia#Futuro,1.0,False
1njddp4,test,2,http://wfrp.ia/resource/reddit/post/1njddp4,ont_Algoritmo_Neutro,algorithm,http://wfrp.ia/dominio/ciencia-tecnologia#Algoritmo,12.0,False
1njddp4,test,2,http://wfrp.ia/resource/reddit/post/1njddp4,ont_Robot_Neutro,robot,http://wfrp.ia/dominio/ciencia-tecnologia#Robot,5.0,False
1njddp4,test,2,http://wfrp.ia/resource/reddit/post/1njddp4,ont_has_ontology_elements,global_counts,,1.0,False
1njddp4,test,2,http://wfrp.ia/resource/reddit/post/1njddp4,ont_count_domain_concepts,global_counts,,5.0,False
1njddp4,test,2,http://wfrp.ia/resource/reddit/post/1njddp4,ont_total_neutro_mentions,global_counts,,19.0,False
1njddp4,test,2,http://wfrp.ia/resource/reddit/post/1njddp4,ont_domain_score,global_counts,,7.5,False
1njddp4,test,2,http://wfrp.ia/resource/reddit/post/1njddp4,ont_domain_density,global_counts,,0.011441647597254004,True
1njit8e,test,1,http://wfrp.ia/resource/reddit/post/1njit8e,ont_InteligenciaArtificial_Positivo,ai,http://wfrp.ia/dominio/ciencia-tecnologia#InteligenciaArtificial,1.0,False
1njit8e,test,1,http://wfrp.ia/resource/reddit/post/1njit8e,ont_InteligenciaArtificial_Neutro,ai,http://wfrp.ia/dominio/ciencia-tecnologia#InteligenciaArtificial,6.0,False
1njit8e,test,1,http://wfrp.ia/resource/reddit/post/1njit8e,ont_Tecnologia_Neutro,technology,http://wfrp.ia/dominio/ciencia-tecnologia#Tecnologia,1.0,True
1njit8e,test,1,http://wfrp.ia/resource/reddit/post/1njit8e,ont_Datos_Neutro,data,http://wfrp.ia/dominio/ciencia-tecnologia#Datos,4.0,False
1njit8e,test,1,http://wfrp.ia/resource/reddit/post/1njit8e,ont_Algoritmo_Neutro,algorithm,http://wfrp.ia/dominio/ciencia-tecnologia#Algoritmo,1.0,False
1njit8e,test,1,http://wfrp.ia/resource/reddit/post/1njit8e,ont_has_ontology_elements,global_counts,,1.0,False
1njit8e,test,1,http://wfrp.ia/resource/reddit/post/1njit8e,ont_count_domain_concepts,global_counts,,4.0,False
1njit8e,test,1,http://wfrp.ia/resource/reddit/post/1njit8e,ont_total_positivo_mentions,global_counts,,1.0,False
1njit8e,test,1,http://wfrp.ia/resource/reddit/post/1njit8e,ont_total_neutro_mentions,global_counts,,12.0,False
1njit8e,test,1,http://wfrp.ia/resource/reddit/post/1njit8e,ont_domain_score,global_counts,,10.0,False
1njit8e,test,1,http://wfrp.ia/resource/reddit/post/1njit8e,ont_domain_density,global_counts,,0.011461318051575931,True
1nd70x5,test,1,http://wfrp.ia/resource/reddit/post/1nd70x5,ont_InteligenciaArtificial_Positivo,ai,http://wfrp.ia/dominio/ciencia-tecnologia#InteligenciaArtificial,1.0,False
1nd70x5,test,1,http://wfrp.ia/resource/reddit/post/1nd70x5,ont_InteligenciaArtificial_Neutro,ai,http://wfrp.ia/dominio/ciencia-tecnologia#InteligenciaArtificial,4.0,False
1nd70x5,test,1,http://wfrp.ia/resource/reddit/post/1nd70x5,ont_has_ontology_elements,global_counts,,1.0,False
1nd70x5,test,1,http://wfrp.ia/resource/reddit/post/1nd70x5,ont_count_domain_concepts,global_counts,,2.0,False
1nd70x5,test,1,http://wfrp.ia/resource/reddit/post/1nd70x5,ont_total_positivo_mentions,global_counts,,1.0,False
1nd70x5,test,1,http://wfrp.ia/resource/reddit/post/1nd70x5,ont_total_neutro_mentions,global_counts,,4.0,False
1nd70x5,test,1,http://wfrp.ia/resource/reddit/post/1nd70x5,ont_domain_score,global_counts,,5.5,False
1nd70x5,test,1,http://wfrp.ia/resource/reddit/post/1nd70x5,ont_domain_density,global_counts,,0.013888888888888888,True
1ndi26r,test,2,http://wfrp.ia/resource/reddit/post/1ndi26r,ont_InteligenciaArtificial_Positivo,ai,http://wfrp.ia/dominio/ciencia-tecnologia#InteligenciaArtificial,1.0,False
1ndi26r,test,2,http://wfrp.ia/resource/reddit/post/1ndi26r,ont_has_ontology_elements,global_counts,,1.0,False
1ndi26r,test,2,http://wfrp.ia/resource/reddit/post/1ndi26r,ont_count_domain_concepts,global_counts,,1.0,False
1ndi26r,test,2,http://wfrp.ia/resource/reddit/post/1ndi26r,ont_total_positivo_mentions,global_counts,,1.0,False
1ndi26r,test,2,http://wfrp.ia/resource/reddit/post/1ndi26r,ont_domain_score,global_counts,,1.0,False
1ndi26r,test,2,http://wfrp.ia/resource/reddit/post/1ndi26r,ont_domain_density,global_counts,,0.058823529411764705,True
1ndee5b,test,2,http://wfrp.ia/resource/reddit/post/1ndee5b,ont_InteligenciaArtificial_Neutro,ai,http://wfrp.ia/dominio/ciencia-tecnologia#InteligenciaArtificial,12.0,False
1ndee5b,test,2,http://wfrp.ia/resource/reddit/post/1ndee5b,ont_has_ontology_elements,global_counts,,1.0,False
1ndee5b,test,2,http://wfrp.ia/resource/reddit/post/1ndee5b,ont_count_domain_concepts,global_counts,,1.0,False
1ndee5b,test,2,http://wfrp.ia/resource/reddit/post/1ndee5b,ont_total_neutro_mentions,global_counts,,12.0,False
1ndee5b,test,2,http://wfrp.ia/resource/reddit/post/1ndee5b,ont_domain_score,global_counts,,14.0,False
1ndee5b,test,2,http://wfrp.ia/resource/reddit/post/1ndee5b,ont_domain_density,global_counts,,0.005208333333333333,True
1naogof,test,1,http://wfrp.ia/resource/reddit/post/1naogof,ont_InteligenciaArtificial_Neutro,ai,http://wfrp.ia/dominio/ciencia-tecnologia#InteligenciaArtificial,1.0,False
1naogof,test,1,http://wfrp.ia/resource/reddit/post/1naogof,ont_has_ontology_elements,global_counts,,1.0,False
1naogof,test,1,http://wfrp.ia/resource/reddit/post/1naogof,ont_count_domain_concepts,global_counts,,1.0,False
1naogof,test,1,http://wfrp.ia/resource/reddit/post/1naogof,ont_total_neutro_mentions,global_counts,,1.0,False
1naogof,test,1,http://wfrp.ia/resource/reddit/post/1naogof,ont_domain_score,global_counts,,0.5,False
1naogof,test,1,http://wfrp.ia/resource/reddit/post/1naogof,ont_domain_density,global_counts,,0.125,True
1nchgmd,test,1,http://wfrp.ia/resource/reddit/post/1nchgmd,ont_InteligenciaArtificial_Positivo,ai,http://wfrp.ia/dominio/ciencia-tecnologia#InteligenciaArtificial,2.0,False
1nchgmd,test,1,http://wfrp.ia/resource/reddit/post/1nchgmd,ont_InteligenciaArtificial_Neutro,ai,http://wfrp.ia/dominio/ciencia-tecnologia#InteligenciaArtificial,5.0,False
1nchgmd,test,1,http://wfrp.ia/resource/reddit/post/1nchgmd,ont_Etica_Positivo,ethics,http://wfrp.ia/dominio/ciencia-tecnologia#Etica,1.0,False
1nchgmd,test,1,http://wfrp.ia/resource/reddit/post/1nchgmd,ont_has_ontology_elements,global_counts,,1.0,False
1nchgmd,test,1,http://wfrp.ia/resource/reddit/post/1nchgmd,ont_count_domain_concepts,global_counts,,2.0,False
1nchgmd,test,1,http://wfrp.ia/resource/reddit/post/1nchgmd,ont_total_positivo_mentions,global_counts,,3.0,False
1nchgmd,test,1,http://wfrp.ia/resource/reddit/post/1nchgmd,ont_total_neutro_mentions,global_counts,,5.0,False
1nchgmd,test,1,http://wfrp.ia/resource/reddit/post/1nchgmd,ont_domain_score,global_counts,,8.0,False
1nchgmd,test,1,http://wfrp.ia/resource/reddit/post/1nchgmd,ont_domain_density,global_counts,,0.016,True
1ncgzxa,test,1,http://wfrp.ia/resource/reddit/post/1ncgzxa,ont_InteligenciaArtificial_Neutro,ai,http://wfrp.ia/dominio/ciencia-tecnologia#InteligenciaArtificial,1.0,False
1ncgzxa,test,1,http://wfrp.ia/resource/reddit/post/1ncgzxa,ont_has_ontology_elements,global_counts,,1.0,False
1ncgzxa,test,1,http://wfrp.ia/resource/reddit/post/1ncgzxa,ont_count_domain_concepts,global_counts,,1.0,False
1ncgzxa,test,1,http://wfrp.ia/resource/reddit/post/1ncgzxa,ont_total_neutro_mentions,global_counts,,1.0,False
1ncgzxa,test,1,http://wfrp.ia/resource/reddit/post/1ncgzxa,ont_domain_score,global_counts,,1.0,False
1ncgzxa,test,1,http://wfrp.ia/resource/reddit/post/1ncgzxa,ont_domain_density,global_counts,,0.1111111111111111,True
1nc8va5,test,1,http://wfrp.ia/resource/reddit/post/1nc8va5,ont_InteligenciaArtificial_Neutro,ai,http://wfrp.ia/dominio/ciencia-tecnologia#InteligenciaArtificial,5.0,False
1nc8va5,test,1,http://wfrp.ia/resource/reddit/post/1nc8va5,ont_AprendizajeAutomatico_Neutro,ml,http://wfrp.ia/dominio/ciencia-tecnologia#AprendizajeAutomatico,2.0,False
1nc8va5,test,1,http://wfrp.ia/resource/reddit/post/1nc8va5,ont_Tecnologia_Neutro,technology,http://wfrp.ia/dominio/ciencia-tecnologia#Tecnologia,2.0,True
1nc8va5,test,1,http://wfrp.ia/resource/reddit/post/1nc8va5,ont_Robot_Neutro,robot,http://wfrp.ia/dominio/ciencia-tecnologia#Robot,1.0,False
1nc8va5,test,1,http://wfrp.ia/resource/reddit/post/1nc8va5,ont_has_ontology_elements,global_counts,,1.0,False
1nc8va5,test,1,http://wfrp.ia/resource/reddit/post/1nc8va5,ont_count_domain_concepts,global_counts,,5.0,False
1nc8va5,test,1,http://wfrp.ia/resource/reddit/post/1nc8va5,ont_total_neutro_mentions,global_counts,,10.0,False
1nc8va5,test,1,http://wfrp.ia/resource/reddit/post/1nc8va5,ont_domain_score,global_counts,,12.0,False
1nc8va5,test,1,http://wfrp.ia/resource/reddit/post/1nc8va5,ont_domain_density,global_counts,,0.018867924528301886,True
1nbjfs9,test,1,http://wfrp.ia/resource/reddit/post/1nbjfs9,,,,0.0,False
1nbprn1,test,1,http://wfrp.ia/resource/reddit/post/1nbprn1,ont_InteligenciaArtificial_Neutro,ai,http://wfrp.ia/dominio/ciencia-tecnologia#InteligenciaArtificial,2.0,False
1nbprn1,test,1,http://wfrp.ia/resource/reddit/post/1nbprn1,ont_has_ontology_elements,global_counts,,1.0,False
1nbprn1,test,1,http://wfrp.ia/resource/reddit/post/1nbprn1,ont_count_domain_concepts,global_counts,,1.0,False
1nbprn1,test,1,http://wfrp.ia/resource/reddit/post/1nbprn1,ont_total_neutro_mentions,global_counts,,2.0,False
1nbprn1,test,1,http://wfrp.ia/resource/reddit/post/1nbprn1,ont_domain_score,global_counts,,1.5,False
1nbprn1,test,1,http://wfrp.ia/resource/reddit/post/1nbprn1,ont_domain_density,global_counts,,0.14285714285714285,True
1nhuxay,test,0,http://wfrp.ia/resource/reddit/post/1nhuxay,ont_InteligenciaArtificial_Neutro,ai,http://wfrp.ia/dominio/ciencia-tecnologia#InteligenciaArtificial,2.0,False
1nhuxay,test,0,http://wfrp.ia/resource/reddit/post/1nhuxay,ont_Datos_Positivo,data,http://wfrp.ia/dominio/ciencia-tecnologia#Datos,1.0,False
1nhuxay,test,0,http://wfrp.ia/resource/reddit/post/1nhuxay,ont_Datos_Neutro,data,http://wfrp.ia/dominio/ciencia-tecnologia#Datos,1.0,False
1nhuxay,test,0,http://wfrp.ia/resource/reddit/post/1nhuxay,ont_Etica_Positivo,ethics,http://wfrp.ia/dominio/ciencia-tecnologia#Etica,1.0,False
1nhuxay,test,0,http://wfrp.ia/resource/reddit/post/1nhuxay,ont_has_ontology_elements,global_counts,,1.0,False
1nhuxay,test,0,http://wfrp.ia/resource/reddit/post/1nhuxay,ont_count_domain_concepts,global_counts,,3.0,False
1nhuxay,test,0,http://wfrp.ia/resource/reddit/post/1nhuxay,ont_total_positivo_mentions,global_counts,,2.0,False
1nhuxay,test,0,http://wfrp.ia/resource/reddit/post/1nhuxay,ont_total_neutro_mentions,global_counts,,3.0,False
1nhuxay,test,0,http://wfrp.ia/resource/reddit/post/1nhuxay,ont_domain_score,global_counts,,4.0,False
1nhuxay,test,0,http://wfrp.ia/resource/reddit/post/1nhuxay,ont_domain_density,global_counts,,0.021739130434782608,True
1ni7b0d,test,1,http://wfrp.ia/resource/reddit/post/1ni7b0d,ont_InteligenciaArtificial_Neutro,ai,http://wfrp.ia/dominio/ciencia-tecnologia#InteligenciaArtificial,4.0,False
1ni7b0d,test,1,http://wfrp.ia/resource/reddit/post/1ni7b0d,ont_has_ontology_elements,global_counts,,1.0,False
1ni7b0d,test,1,http://wfrp.ia/resource/reddit/post/1ni7b0d,ont_count_domain_concepts,global_counts,,2.0,False
1ni7b0d,test,1,http://wfrp.ia/resource/reddit/post/1ni7b0d,ont_total_neutro_mentions,global_counts,,4.0,False
1ni7b0d,test,1,http://wfrp.ia/resource/reddit/post/1ni7b0d,ont_domain_score,global_counts,,5.0,False
1ni7b0d,test,1,http://wfrp.ia/resource/reddit/post/1ni7b0d,ont_domain_density,global_counts,,0.0072992700729927005,True
1nfbzja,test,1,http://wfrp.ia/resource/reddit/post/1nfbzja,ont_InteligenciaArtificial_Neutro,ai,http://wfrp.ia/dominio/ciencia-tecnologia#InteligenciaArtificial,3.0,False
1nfbzja,test,1,http://wfrp.ia/resource/reddit/post/1nfbzja,ont_Datos_Neutro,data,http://wfrp.ia/dominio/ciencia-tecnologia#Datos,1.0,False
1nfbzja,test,1,http://wfrp.ia/resource/reddit/post/1nfbzja,ont_Robot_Neutro,robot,http://wfrp.ia/dominio/ciencia-tecnologia#Robot,2.0,False
1nfbzja,test,1,http://wfrp.ia/resource/reddit/post/1nfbzja,ont_has_ontology_elements,global_counts,,1.0,False
1nfbzja,test,1,http://wfrp.ia/resource/reddit/post/1nfbzja,ont_count_domain_concepts,global_counts,,3.0,False
1nfbzja,test,1,http://wfrp.ia/resource/reddit/post/1nfbzja,ont_total_neutro_mentions,global_counts,,6.0,False
1nfbzja,test,1,http://wfrp.ia/resource/reddit/post/1nfbzja,ont_domain_score,global_counts,,4.5,False
1nfbzja,test,1,http://wfrp.ia/resource/reddit/post/1nfbzja,ont_domain_density,global_counts,,0.02112676056338028,True
1nf6lnv,test,2,http://wfrp.ia/resource/reddit/post/1nf6lnv,ont_InteligenciaArtificial_Neutro,ai,http://wfrp.ia/dominio/ciencia-tecnologia#InteligenciaArtificial,1.0,False
1nf6lnv,test,2,http://wfrp.ia/resource/reddit/post/1nf6lnv,ont_has_ontology_elements,global_counts,,1.0,False
1nf6lnv,test,2,http://wfrp.ia/resource/reddit/post/1nf6lnv,ont_count_domain_concepts,global_counts,,1.0,False
1nf6lnv,test,2,http://wfrp.ia/resource/reddit/post/1nf6lnv,ont_total_neutro_mentions,global_counts,,1.0,False
1nf6lnv,test,2,http://wfrp.ia/resource/reddit/post/1nf6lnv,ont_domain_score,global_counts,,0.5,False
1nf6lnv,test,2,http://wfrp.ia/resource/reddit/post/1nf6lnv,ont_domain_density,global_counts,,0.034482758620689655,True
1nfp6es,test,1,http://wfrp.ia/resource/reddit/post/1nfp6es,ont_InteligenciaArtificial_Neutro,ai,http://wfrp.ia/dominio/ciencia-tecnologia#InteligenciaArtificial,3.0,False
1nfp6es,test,1,http://wfrp.ia/resource/reddit/post/1nfp6es,ont_has_ontology_elements,global_counts,,1.0,False
1nfp6es,test,1,http://wfrp.ia/resource/reddit/post/1nfp6es,ont_count_domain_concepts,global_counts,,1.0,False
1nfp6es,test,1,http://wfrp.ia/resource/reddit/post/1nfp6es,ont_total_neutro_mentions,global_counts,,3.0,False
1nfp6es,test,1,http://wfrp.ia/resource/reddit/post/1nfp6es,ont_domain_score,global_counts,,2.5,False
1nfp6es,test,1,http://wfrp.ia/resource/reddit/post/1nfp6es,ont_domain_density,global_counts,,0.05263157894736842,True
1nfy0jz,test,2,http://wfrp.ia/resource/reddit/post/1nfy0jz,ont_InteligenciaArtificial_Neutro,ai,http://wfrp.ia/dominio/ciencia-tecnologia#InteligenciaArtificial,1.0,False
1nfy0jz,test,2,http://wfrp.ia/resource/reddit/post/1nfy0jz,ont_has_ontology_elements,global_counts,,1.0,False
1nfy0jz,test,2,http://wfrp.ia/resource/reddit/post/1nfy0jz,ont_count_domain_concepts,global_counts,,1.0,False
1nfy0jz,test,2,http://wfrp.ia/resource/reddit/post/1nfy0jz,ont_total_neutro_mentions,global_counts,,1.0,False
1nfy0jz,test,2,http://wfrp.ia/resource/reddit/post/1nfy0jz,ont_domain_score,global_counts,,1.0,False
1nfy0jz,test,2,http://wfrp.ia/resource/reddit/post/1nfy0jz,ont_domain_density,global_counts,,0.021739130434782608,True
1nasvya,test,2,http://wfrp.ia/resource/reddit/post/1nasvya,ont_InteligenciaArtificial_Neutro,ai,http://wfrp.ia/dominio/ciencia-tecnologia#InteligenciaArtificial,1.0,False
1nasvya,test,2,http://wfrp.ia/resource/reddit/post/1nasvya,ont_has_ontology_elements,global_counts,,1.0,False
1nasvya,test,2,http://wfrp.ia/resource/reddit/post/1nasvya,ont_count_domain_concepts,global_counts,,2.0,False
1nasvya,test,2,http://wfrp.ia/resource/reddit/post/1nasvya,ont_total_neutro_mentions,global_counts,,1.0,False
1nasvya,test,2,http://wfrp.ia/resource/reddit/post/1nasvya,ont_domain_score,global_counts,,3.0,False
1nasvya,test,2,http://wfrp.ia/resource/reddit/post/1nasvya,ont_domain_density,global_counts,,0.2857142857142857,True
1ngbhha,test,2,http://wfrp.ia/resource/reddit/post/1ngbhha,ont_InteligenciaArtificial_Neutro,ai,http://wfrp.ia/dominio/ciencia-tecnologia#InteligenciaArtificial,2.0,False
1ngbhha,test,2,http://wfrp.ia/resource/reddit/post/1ngbhha,ont_has_ontology_elements,global_counts,,1.0,False
1ngbhha,test,2,http://wfrp.ia/resource/reddit/post/1ngbhha,ont_count_domain_concepts,global_counts,,1.0,False
1ngbhha,test,2,http://wfrp.ia/resource/reddit/post/1ngbhha,ont_total_neutro_mentions,global_counts,,2.0,False
1ngbhha,test,2,http://wfrp.ia/resource/reddit/post/1ngbhha,ont_domain_score,global_counts,,3.0,False
1ngbhha,test,2,http://wfrp.ia/resource/reddit/post/1ngbhha,ont_domain_density,global_counts,,0.023255813953488372,True
1n9aaer,test,2,http://wfrp.ia/resource/reddit/post/1n9aaer,ont_InteligenciaArtificial_Neutro,ai,http://wfrp.ia/dominio/ciencia-tecnologia#InteligenciaArtificial,1.0,False
1n9aaer,test,2,http://wfrp.ia/resource/reddit/post/1n9aaer,ont_has_ontology_elements,global_counts,,1.0,False
1n9aaer,test,2,http://wfrp.ia/resource/reddit/post/1n9aaer,ont_count_domain_concepts,global_counts,,1.0,False
1n9aaer,test,2,http://wfrp.ia/resource/reddit/post/1n9aaer,ont_total_neutro_mentions,global_counts,,1.0,False
1n9aaer,test,2,http://wfrp.ia/resource/reddit/post/1n9aaer,ont_domain_score,global_counts,,1.0,False
1n9aaer,test,2,http://wfrp.ia/resource/reddit/post/1n9aaer,ont_domain_density,global_counts,,0.125,True
1n73fgy,test,1,http://wfrp.ia/resource/reddit/post/1n73fgy,ont_InteligenciaArtificial_Neutro,ai,http://wfrp.ia/dominio/ciencia-tecnologia#InteligenciaArtificial,1.0,False
1n73fgy,test,1,http://wfrp.ia/resource/reddit/post/1n73fgy,ont_has_ontology_elements,global_counts,,1.0,False
1n73fgy,test,1,http://wfrp.ia/resource/reddit/post/1n73fgy,ont_count_domain_concepts,global_counts,,1.0,False
1n73fgy,test,1,http://wfrp.ia/resource/reddit/post/1n73fgy,ont_total_neutro_mentions,global_counts,,1.0,False
1n73fgy,test,1,http://wfrp.ia/resource/reddit/post/1n73fgy,ont_domain_score,global_counts,,1.0,False
1n73fgy,test,1,http://wfrp.ia/resource/reddit/post/1n73fgy,ont_domain_density,global_counts,,0.08333333333333333,True
1n6ru58,test,2,http://wfrp.ia/resource/reddit/post/1n6ru58,,,,0.0,False
1ne5tpg,test,2,http://wfrp.ia/resource/reddit/post/1ne5tpg,ont_has_ontology_elements,global_counts,,1.0,False
1neh6fg,test,0,http://wfrp.ia/resource/reddit/post/1neh6fg,,,,0.0,False
1n7aryr,test,2,http://wfrp.ia/resource/reddit/post/1n7aryr,ont_Tecnologia_Neutro,technology,http://wfrp.ia/dominio/ciencia-tecnologia#Tecnologia,2.0,True
1n7aryr,test,2,http://wfrp.ia/resource/reddit/post/1n7aryr,ont_has_ontology_elements,global_counts,,1.0,False
1n7aryr,test,2,http://wfrp.ia/resource/reddit/post/1n7aryr,ont_count_domain_concepts,global_counts,,2.0,False
1n7aryr,test,2,http://wfrp.ia/resource/reddit/post/1n7aryr,ont_total_neutro_mentions,global_counts,,2.0,False
1n7aryr,test,2,http://wfrp.ia/resource/reddit/post/1n7aryr,ont_domain_score,global_counts,,2.0,False
1n7aryr,test,2,http://wfrp.ia/resource/reddit/post/1n7aryr,ont_domain_density,global_counts,,0.031746031746031744,True
1n8tz3u,test,2,http://wfrp.ia/resource/reddit/post/1n8tz3u,ont_has_ontology_elements,global_counts,,1.0,False
1n8m14t,test,2,http://wfrp.ia/resource/reddit/post/1n8m14t,ont_InteligenciaArtificial_Neutro,ai,http://wfrp.ia/dominio/ciencia-tecnologia#InteligenciaArtificial,1.0,False
1n8m14t,test,2,http://wfrp.ia/resource/reddit/post/1n8m14t,ont_Innovacion_Neutro,innovation,http://wfrp.ia/dominio/ciencia-tecnologia#Innovacion,1.0,True
1n8m14t,test,2,http://wfrp.ia/resource/reddit/post/1n8m14t,ont_has_ontology_elements,global_counts,,1.0,False
1n8m14t,test,2,http://wfrp.ia/resource/reddit/post/1n8m14t,ont_count_domain_concepts,global_counts,,3.0,False
1n8m14t,test,2,http://wfrp.ia/resource/reddit/post/1n8m14t,ont_total_neutro_mentions,global_counts,,2.0,False
1n8m14t,test,2,http://wfrp.ia/resource/reddit/post/1n8m14t,ont_domain_score,global_counts,,2.5,False
1n8m14t,test,2,http://wfrp.ia/resource/reddit/post/1n8m14t,ont_domain_density,global_counts,,0.020689655172413793,True
1n9pw7o,test,0,http://wfrp.ia/resource/reddit/post/1n9pw7o,,,,0.0,False
1n6s0vb,test,2,http://wfrp.ia/resource/reddit/post/1n6s0vb,ont_Automatizacion_Neutro,automation,http://wfrp.ia/dominio/ciencia-tecnologia#Automatizacion,1.0,False
1n6s0vb,test,2,http://wfrp.ia/resource/reddit/post/1n6s0vb,ont_has_ontology_elements,global_counts,,1.0,False
1n6s0vb,test,2,http://wfrp.ia/resource/reddit/post/1n6s0vb,ont_count_domain_concepts,global_counts,,2.0,False
1n6s0vb,test,2,http://wfrp.ia/resource/reddit/post/1n6s0vb,ont_total_neutro_mentions,global_counts,,1.0,False
1n6s0vb,test,2,http://wfrp.ia/resource/reddit/post/1n6s0vb,ont_domain_score,global_counts,,2.0,False
1n6s0vb,test,2,http://wfrp.ia/resource/reddit/post/1n6s0vb,ont_domain_density,global_counts,,0.012048192771084338,True
1n6pu8u,test,2,http://wfrp.ia/resource/reddit/post/1n6pu8u,,,,0.0,False
1n6qk3s,test,2,http://wfrp.ia/resource/reddit/post/1n6qk3s,ont_InteligenciaArtificial_Neutro,ai,http://wfrp.ia/dominio/ciencia-tecnologia#InteligenciaArtificial,1.0,False
1n6qk3s,test,2,http://wfrp.ia/resource/reddit/post/1n6qk3s,ont_has_ontology_elements,global_counts,,1.0,False
1n6qk3s,test,2,http://wfrp.ia/resource/reddit/post/1n6qk3s,ont_count_domain_concepts,global_counts,,1.0,False
1n6qk3s,test,2,http://wfrp.ia/resource/reddit/post/1n6qk3s,ont_total_neutro_mentions,global_counts,,1.0,False
1n6qk3s,test,2,http://wfrp.ia/resource/reddit/post/1n6qk3s,ont_domain_score,global_counts,,1.0,False
1n6qk3s,test,2,http://wfrp.ia/resource/reddit/post/1n6qk3s,ont_domain_density,global_counts,,0.02127659574468085,True
1ncjryh,test,2,http://wfrp.ia/resource/reddit/post/1ncjryh,ont_has_ontology_elements,global_counts,,1.0,False
1ncjryh,test,2,http://wfrp.ia/resource/reddit/post/1ncjryh,ont_count_domain_concepts,global_counts,,2.0,False
1ncjryh,test,2,http://wfrp.ia/resource/reddit/post/1ncjryh,ont_domain_score,global_counts,,2.0,False
1ncjryh,test,2,http://wfrp.ia/resource/reddit/post/1ncjryh,ont_domain_density,global_counts,,0.02631578947368421,True
1n68dhc,test,2,http://wfrp.ia/resource/reddit/post/1n68dhc,ont_has_ontology_elements,global_counts,,1.0,False
1na6r24,test,0,http://wfrp.ia/resource/reddit/post/1na6r24,ont_InteligenciaArtificial_Neutro,ai,http://wfrp.ia/dominio/ciencia-tecnologia#InteligenciaArtificial,1.0,False
1na6r24,test,0,http://wfrp.ia/resource/reddit/post/1na6r24,ont_has_ontology_elements,global_counts,,1.0,False
1na6r24,test,0,http://wfrp.ia/resource/reddit/post/1na6r24,ont_count_domain_concepts,global_counts,,2.0,False
1na6r24,test,0,http://wfrp.ia/resource/reddit/post/1na6r24,ont_total_neutro_mentions,global_counts,,1.0,False
1na6r24,test,0,http://wfrp.ia/resource/reddit/post/1na6r24,ont_domain_score,global_counts,,1.5,False
1na6r24,test,0,http://wfrp.ia/resource/reddit/post/1na6r24,ont_domain_density,global_counts,,0.005714285714285714,True
1na31du,test,2,http://wfrp.ia/resource/reddit/post/1na31du,ont_has_ontology_elements,global_counts,,1.0,False
1na31du,test,2,http://wfrp.ia/resource/reddit/post/1na31du,ont_count_domain_concepts,global_counts,,1.0,False
1na31du,test,2,http://wfrp.ia/resource/reddit/post/1na31du,ont_domain_score,global_counts,,1.0,False
1na31du,test,2,http://wfrp.ia/resource/reddit/post/1na31du,ont_domain_density,global_counts,,0.004347826086956522,True
1ni5d24,test,2,http://wfrp.ia/resource/reddit/post/1ni5d24,ont_Robot_Neutro,robot,http://wfrp.ia/dominio/ciencia-tecnologia#Robot,1.0,False
1ni5d24,test,2,http://wfrp.ia/resource/reddit/post/1ni5d24,ont_has_ontology_elements,global_counts,,1.0,False
1ni5d24,test,2,http://wfrp.ia/resource/reddit/post/1ni5d24,ont_count_domain_concepts,global_counts,,1.0,False
1ni5d24,test,2,http://wfrp.ia/resource/reddit/post/1ni5d24,ont_total_neutro_mentions,global_counts,,1.0,False
1ni5d24,test,2,http://wfrp.ia/resource/reddit/post/1ni5d24,ont_domain_score,global_counts,,1.0,False
1ni5d24,test,2,http://wfrp.ia/resource/reddit/post/1ni5d24,ont_domain_density,global_counts,,0.009345794392523364,True
1nhww85,test,1,http://wfrp.ia/resource/reddit/post/1nhww85,ont_InteligenciaArtificial_Neutro,ai,http://wfrp.ia/dominio/ciencia-tecnologia#InteligenciaArtificial,2.0,False
1nhww85,test,1,http://wfrp.ia/resource/reddit/post/1nhww85,ont_has_ontology_elements,global_counts,,1.0,False
1nhww85,test,1,http://wfrp.ia/resource/reddit/post/1nhww85,ont_count_domain_concepts,global_counts,,2.0,False
1nhww85,test,1,http://wfrp.ia/resource/reddit/post/1nhww85,ont_total_neutro_mentions,global_counts,,2.0,False
1nhww85,test,1,http://wfrp.ia/resource/reddit/post/1nhww85,ont_domain_score,global_counts,,3.0,False
1nhww85,test,1,http://wfrp.ia/resource/reddit/post/1nhww85,ont_domain_density,global_counts,,0.1111111111111111,True
1nhpm6x,test,2,http://wfrp.ia/resource/reddit/post/1nhpm6x,ont_has_ontology_elements,global_counts,,1.0,False
1ni18qv,test,1,http://wfrp.ia/resource/reddit/post/1ni18qv,ont_AprendizajeAutomatico_Neutro,ml,http://wfrp.ia/dominio/ciencia-tecnologia#AprendizajeAutomatico,1.0,False
1ni18qv,test,1,http://wfrp.ia/resource/reddit/post/1ni18qv,ont_Datos_Neutro,data,http://wfrp.ia/dominio/ciencia-tecnologia#Datos,1.0,False
1ni18qv,test,1,http://wfrp.ia/resource/reddit/post/1ni18qv,ont_Automatizacion_Positivo,automation,http://wfrp.ia/dominio/ciencia-tecnologia#Automatizacion,1.0,False
1ni18qv,test,1,http://wfrp.ia/resource/reddit/post/1ni18qv,ont_has_ontology_elements,global_counts,,1.0,False
1ni18qv,test,1,http://wfrp.ia/resource/reddit/post/1ni18qv,ont_count_domain_concepts,global_counts,,3.0,False
1ni18qv,test,1,http://wfrp.ia/resource/reddit/post/1ni18qv,ont_total_positivo_mentions,global_counts,,1.0,False
1ni18qv,test,1,http://wfrp.ia/resource/reddit/post/1ni18qv,ont_total_neutro_mentions,global_counts,,2.0,False
1ni18qv,test,1,http://wfrp.ia/resource/reddit/post/1ni18qv,ont_domain_score,global_counts,,2.5,False
1ni18qv,test,1,http://wfrp.ia/resource/reddit/post/1ni18qv,ont_domain_density,global_counts,,0.0410958904109589,True
1n4u1qq,test,2,http://wfrp.ia/resource/reddit/post/1n4u1qq,ont_InteligenciaArtificial_Neutro,ai,http://wfrp.ia/dominio/ciencia-tecnologia#InteligenciaArtificial,5.0,False
1n4u1qq,test,2,http://wfrp.ia/resource/reddit/post/1n4u1qq,ont_Automatizacion_Neutro,automation,http://wfrp.ia/dominio/ciencia-tecnologia#Automatizacion,2.0,False
1n4u1qq,test,2,http://wfrp.ia/resource/reddit/post/1n4u1qq,ont_has_ontology_elements,global_counts,,1.0,False
1n4u1qq,test,2,http://wfrp.ia/resource/reddit/post/1n4u1qq,ont_count_domain_concepts,global_counts,,3.0,False
1n4u1qq,test,2,http://wfrp.ia/resource/reddit/post/1n4u1qq,ont_total_neutro_mentions,global_counts,,7.0,False
1n4u1qq,test,2,http://wfrp.ia/resource/reddit/post/1n4u1qq,ont_domain_score,global_counts,,7.0,False
1n4u1qq,test,2,http://wfrp.ia/resource/reddit/post/1n4u1qq,ont_domain_density,global_counts,,0.018518518518518517,True
1n4w7bj,test,2,http://wfrp.ia/resource/reddit/post/1n4w7bj,ont_InteligenciaArtificial_Neutro,ai,http://wfrp.ia/dominio/ciencia-tecnologia#InteligenciaArtificial,8.0,False
1n4w7bj,test,2,http://wfrp.ia/resource/reddit/post/1n4w7bj,ont_Futuro_Neutro,future,http://wfrp.ia/dominio/ciencia-tecnologia#Futuro,1.0,False
1n4w7bj,test,2,http://wfrp.ia/resource/reddit/post/1n4w7bj,ont_has_ontology_elements,global_counts,,1.0,False
1n4w7bj,test,2,http://wfrp.ia/resource/reddit/post/1n4w7bj,ont_count_domain_concepts,global_counts,,3.0,False
1n4w7bj,test,2,http://wfrp.ia/resource/reddit/post/1n4w7bj,ont_total_neutro_mentions,global_counts,,9.0,False
1n4w7bj,test,2,http://wfrp.ia/resource/reddit/post/1n4w7bj,ont_domain_score,global_counts,,10.0,False
1n4w7bj,test,2,http://wfrp.ia/resource/reddit/post/1n4w7bj,ont_domain_density,global_counts,,0.022058823529411766,True
1n44yhl,test,2,http://wfrp.ia/resource/reddit/post/1n44yhl,ont_has_ontology_elements,global_counts,,1.0,False
1n44yhl,test,2,http://wfrp.ia/resource/reddit/post/1n44yhl,ont_count_domain_concepts,global_counts,,1.0,False
1n44yhl,test,2,http://wfrp.ia/resource/reddit/post/1n44yhl,ont_domain_score,global_counts,,1.0,False
1n44yhl,test,2,http://wfrp.ia/resource/reddit/post/1n44yhl,ont_domain_density,global_counts,,0.009523809523809525,True
1n7jpmd,test,1,http://wfrp.ia/resource/reddit/post/1n7jpmd,ont_Datos_Neutro,data,http://wfrp.ia/dominio/ciencia-tecnologia#Datos,1.0,False
1n7jpmd,test,1,http://wfrp.ia/resource/reddit/post/1n7jpmd,ont_has_ontology_elements,global_counts,,1.0,False
1n7jpmd,test,1,http://wfrp.ia/resource/reddit/post/1n7jpmd,ont_count_domain_concepts,global_counts,,1.0,False
1n7jpmd,test,1,http://wfrp.ia/resource/reddit/post/1n7jpmd,ont_total_neutro_mentions,global_counts,,1.0,False
1n7jpmd,test,1,http://wfrp.ia/resource/reddit/post/1n7jpmd,ont_domain_score,global_counts,,1.0,False
1n7jpmd,test,1,http://wfrp.ia/resource/reddit/post/1n7jpmd,ont_domain_density,global_counts,,0.045454545454545456,True
1n8syrd,test,2,http://wfrp.ia/resource/reddit/post/1n8syrd,ont_InteligenciaArtificial_Neutro,ai,http://wfrp.ia/dominio/ciencia-tecnologia#InteligenciaArtificial,1.0,False
1n8syrd,test,2,http://wfrp.ia/resource/reddit/post/1n8syrd,ont_has_ontology_elements,global_counts,,1.0,False
1n8syrd,test,2,http://wfrp.ia/resource/reddit/post/1n8syrd,ont_count_domain_concepts,global_counts,,1.0,False
1n8syrd,test,2,http://wfrp.ia/resource/reddit/post/1n8syrd,ont_total_neutro_mentions,global_counts,,1.0,False
1n8syrd,test,2,http://wfrp.ia/resource/reddit/post/1n8syrd,ont_domain_score,global_counts,,1.0,False
1n8syrd,test,2,http://wfrp.ia/resource/reddit/post/1n8syrd,ont_domain_density,global_counts,,0.038461538461538464,True
1n88yn1,test,1,http://wfrp.ia/resource/reddit/post/1n88yn1,,,,0.0,False
1n9fsu4,test,2,http://wfrp.ia/resource/reddit/post/1n9fsu4,ont_Tecnologia_Neutro,technology,http://wfrp.ia/dominio/ciencia-tecnologia#Tecnologia,1.0,True
1n9fsu4,test,2,http://wfrp.ia/resource/reddit/post/1n9fsu4,ont_has_ontology_elements,global_counts,,1.0,False
1n9fsu4,test,2,http://wfrp.ia/resource/reddit/post/1n9fsu4,ont_count_domain_concepts,global_counts,,1.0,False
1n9fsu4,test,2,http://wfrp.ia/resource/reddit/post/1n9fsu4,ont_total_neutro_mentions,global_counts,,1.0,False
1n9fsu4,test,2,http://wfrp.ia/resource/reddit/post/1n9fsu4,ont_domain_score,global_counts,,1.0,False
1n9fsu4,test,2,http://wfrp.ia/resource/reddit/post/1n9fsu4,ont_domain_density,global_counts,,0.1,True
1nen45w,test,1,http://wfrp.ia/resource/reddit/post/1nen45w,ont_Datos_Neutro,data,http://wfrp.ia/dominio/ciencia-tecnologia#Datos,1.0,False
1nen45w,test,1,http://wfrp.ia/resource/reddit/post/1nen45w,ont_has_ontology_elements,global_counts,,1.0,False
1nen45w,test,1,http://wfrp.ia/resource/reddit/post/1nen45w,ont_count_domain_concepts,global_counts,,1.0,False
1nen45w,test,1,http://wfrp.ia/resource/reddit/post/1nen45w,ont_total_neutro_mentions,global_counts,,1.0,False
1nen45w,test,1,http://wfrp.ia/resource/reddit/post/1nen45w,ont_domain_score,global_counts,,1.0,False
1nen45w,test,1,http://wfrp.ia/resource/reddit/post/1nen45w,ont_domain_density,global_counts,,0.1111111111111111,True
1ne874g,test,1,http://wfrp.ia/resource/reddit/post/1ne874g,ont_InteligenciaArtificial_Neutro,ai,http://wfrp.ia/dominio/ciencia-tecnologia#InteligenciaArtificial,1.0,False
1ne874g,test,1,http://wfrp.ia/resource/reddit/post/1ne874g,ont_has_ontology_elements,global_counts,,1.0,False
1ne874g,test,1,http://wfrp.ia/resource/reddit/post/1ne874g,ont_count_domain_concepts,global_counts,,1.0,False
1ne874g,test,1,http://wfrp.ia/resource/reddit/post/1ne874g,ont_total_neutro_mentions,global_counts,,1.0,False
1ne874g,test,1,http://wfrp.ia/resource/reddit/post/1ne874g,ont_domain_score,global_counts,,1.0,False
1ne874g,test,1,http://wfrp.ia/resource/reddit/post/1ne874g,ont_domain_density,global_counts,,0.058823529411764705,True
1nijiz7,test,2,http://wfrp.ia/resource/reddit/post/1nijiz7,ont_Algoritmo_Neutro,algorithm,http://wfrp.ia/dominio/ciencia-tecnologia#Algoritmo,1.0,False
1nijiz7,test,2,http://wfrp.ia/resource/reddit/post/1nijiz7,ont_has_ontology_elements,global_counts,,1.0,False
1nijiz7,test,2,http://wfrp.ia/resource/reddit/post/1nijiz7,ont_count_domain_concepts,global_counts,,1.0,False
1nijiz7,test,2,http://wfrp.ia/resource/reddit/post/1nijiz7,ont_total_neutro_mentions,global_counts,,1.0,False
1nijiz7,test,2,http://wfrp.ia/resource/reddit/post/1nijiz7,ont_domain_score,global_counts,,1.0,False
1nijiz7,test,2,http://wfrp.ia/resource/reddit/post/1nijiz7,ont_domain_density,global_counts,,0.08333333333333333,True
1nizjbi,test,1,http://wfrp.ia/resource/reddit/post/1nizjbi,ont_InteligenciaArtificial_Neutro,ai,http://wfrp.ia/dominio/ciencia-tecnologia#InteligenciaArtificial,1.0,False
1nizjbi,test,1,http://wfrp.ia/resource/reddit/post/1nizjbi,ont_Robot_Neutro,robot,http://wfrp.ia/dominio/ciencia-tecnologia#Robot,1.0,False
1nizjbi,test,1,http://wfrp.ia/resource/reddit/post/1nizjbi,ont_has_ontology_elements,global_counts,,1.0,False
1nizjbi,test,1,http://wfrp.ia/resource/reddit/post/1nizjbi,ont_count_domain_concepts,global_counts,,2.0,False
1nizjbi,test,1,http://wfrp.ia/resource/reddit/post/1nizjbi,ont_total_neutro_mentions,global_counts,,2.0,False
1nizjbi,test,1,http://wfrp.ia/resource/reddit/post/1nizjbi,ont_domain_score,global_counts,,2.0,False
1nizjbi,test,1,http://wfrp.ia/resource/reddit/post/1nizjbi,ont_domain_density,global_counts,,0.15384615384615385,True
1njfhkd,test,0,http://wfrp.ia/resource/reddit/post/1njfhkd,ont_InteligenciaArtificial_Neutro,ai,http://wfrp.ia/dominio/ciencia-tecnologia#InteligenciaArtificial,1.0,False
1njfhkd,test,0,http://wfrp.ia/resource/reddit/post/1njfhkd,ont_has_ontology_elements,global_counts,,1.0,False
1njfhkd,test,0,http://wfrp.ia/resource/reddit/post/1njfhkd,ont_count_domain_concepts,global_counts,,1.0,False
1njfhkd,test,0,http://wfrp.ia/resource/reddit/post/1njfhkd,ont_total_neutro_mentions,global_counts,,1.0,False
1njfhkd,test,0,http://wfrp.ia/resource/reddit/post/1njfhkd,ont_domain_score,global_counts,,1.0,False
1njfhkd,test,0,http://wfrp.ia/resource/reddit/post/1njfhkd,ont_domain_density,global_counts,,0.043478260869565216,True
1njblbt,test,2,http://wfrp.ia/resource/reddit/post/1njblbt,,,,0.0,False
1njcfii,test,0,http://wfrp.ia/resource/reddit/post/1njcfii,ont_InteligenciaArtificial_Neutro,ai,http://wfrp.ia/dominio/ciencia-tecnologia#InteligenciaArtificial,1.0,False
1njcfii,test,0,http://wfrp.ia/resource/reddit/post/1njcfii,ont_Robot_Neutro,robot,http://wfrp.ia/dominio/ciencia-tecnologia#Robot,1.0,False
1njcfii,test,0,http://wfrp.ia/resource/reddit/post/1njcfii,ont_Etica_Positivo,ethics,http://wfrp.ia/dominio/ciencia-tecnologia#Etica,1.0,False
1njcfii,test,0,http://wfrp.ia/resource/reddit/post/1njcfii,ont_has_ontology_elements,global_counts,,1.0,False
1njcfii,test,0,http://wfrp.ia/resource/reddit/post/1njcfii,ont_count_domain_concepts,global_counts,,3.0,False
1njcfii,test,0,http://wfrp.ia/resource/reddit/post/1njcfii,ont_total_positivo_mentions,global_counts,,1.0,False
1njcfii,test,0,http://wfrp.ia/resource/reddit/post/1njcfii,ont_total_neutro_mentions,global_counts,,2.0,False
1njcfii,test,0,http://wfrp.ia/resource/reddit/post/1njcfii,ont_domain_score,global_counts,,3.0,False
1njcfii,test,0,http://wfrp.ia/resource/reddit/post/1njcfii,ont_domain_density,global_counts,,0.3,True
1ndo4n3,test,1,http://wfrp.ia/resource/reddit/post/1ndo4n3,ont_Datos_Neutro,data,http://wfrp.ia/dominio/ciencia-tecnologia#Datos,1.0,False
1ndo4n3,test,1,http://wfrp.ia/resource/reddit/post/1ndo4n3,ont_has_ontology_elements,global_counts,,1.0,False
1ndo4n3,test,1,http://wfrp.ia/resource/reddit/post/1ndo4n3,ont_count_domain_concepts,global_counts,,1.0,False
1ndo4n3,test,1,http://wfrp.ia/resource/reddit/post/1ndo4n3,ont_total_neutro_mentions,global_counts,,1.0,False
1ndo4n3,test,1,http://wfrp.ia/resource/reddit/post/1ndo4n3,ont_domain_score,global_counts,,1.0,False
1ndo4n3,test,1,http://wfrp.ia/resource/reddit/post/1ndo4n3,ont_domain_density,global_counts,,0.1111111111111111,True
1ndhdhb,test,0,http://wfrp.ia/resource/reddit/post/1ndhdhb,ont_InteligenciaArtificial_Neutro,ai,http://wfrp.ia/dominio/ciencia-tecnologia#InteligenciaArtificial,1.0,False
1ndhdhb,test,0,http://wfrp.ia/resource/reddit/post/1ndhdhb,ont_has_ontology_elements,global_counts,,1.0,False
1ndhdhb,test,0,http://wfrp.ia/resource/reddit/post/1ndhdhb,ont_count_domain_concepts,global_counts,,1.0,False
1ndhdhb,test,0,http://wfrp.ia/resource/reddit/post/1ndhdhb,ont_total_neutro_mentions,global_counts,,1.0,False
1ndhdhb,test,0,http://wfrp.ia/resource/reddit/post/1ndhdhb,ont_domain_score,global_counts,,1.0,False
1ndhdhb,test,0,http://wfrp.ia/resource/reddit/post/1ndhdhb,ont_domain_density,global_counts,,0.06666666666666667,True
1naqo43,test,2,http://wfrp.ia/resource/reddit/post/1naqo43,ont_Tecnologia_Positivo,technology,http://wfrp.ia/dominio/ciencia-tecnologia#Tecnologia,1.0,False
1naqo43,test,2,http://wfrp.ia/resource/reddit/post/1naqo43,ont_has_ontology_elements,global_counts,,1.0,False
1naqo43,test,2,http://wfrp.ia/resource/reddit/post/1naqo43,ont_count_domain_concepts,global_counts,,1.0,False
1naqo43,test,2,http://wfrp.ia/resource/reddit/post/1naqo43,ont_total_positivo_mentions,global_counts,,1.0,False
1naqo43,test,2,http://wfrp.ia/resource/reddit/post/1naqo43,ont_domain_score,global_counts,,1.0,False
1naqo43,test,2,http://wfrp.ia/resource/reddit/post/1naqo43,ont_domain_density,global_counts,,0.05555555555555555,True
1ncj1v4,test,1,http://wfrp.ia/resource/reddit/post/1ncj1v4,ont_Etica_Positivo,ethics,http://wfrp.ia/dominio/ciencia-tecnologia#Etica,1.0,False
1ncj1v4,test,1,http://wfrp.ia/resource/reddit/post/1ncj1v4,ont_has_ontology_elements,global_counts,,1.0,False
1ncj1v4,test,1,http://wfrp.ia/resource/reddit/post/1ncj1v4,ont_count_domain_concepts,global_counts,,2.0,False
1ncj1v4,test,1,http://wfrp.ia/resource/reddit/post/1ncj1v4,ont_total_positivo_mentions,global_counts,,1.0,False
1ncj1v4,test,1,http://wfrp.ia/resource/reddit/post/1ncj1v4,ont_domain_score,global_counts,,2.0,False
1ncj1v4,test,1,http://wfrp.ia/resource/reddit/post/1ncj1v4,ont_domain_density,global_counts,,0.015151515151515152,True
1n5siza,test,1,http://wfrp.ia/resource/reddit/post/1n5siza,ont_Datos_Neutro,data,http://wfrp.ia/dominio/ciencia-tecnologia#Datos,1.0,False
1n5siza,test,1,http://wfrp.ia/resource/reddit/post/1n5siza,ont_has_ontology_elements,global_counts,,1.0,False
1n5siza,test,1,http://wfrp.ia/resource/reddit/post/1n5siza,ont_count_domain_concepts,global_counts,,1.0,False
1n5siza,test,1,http://wfrp.ia/resource/reddit/post/1n5siza,ont_total_neutro_mentions,global_counts,,1.0,False
1n5siza,test,1,http://wfrp.ia/resource/reddit/post/1n5siza,ont_domain_score,global_counts,,1.0,False
1n5siza,test,1,http://wfrp.ia/resource/reddit/post/1n5siza,ont_domain_density,global_counts,,0.09090909090909091,True
1na1q8g,test,2,http://wfrp.ia/resource/reddit/post/1na1q8g,ont_InteligenciaArtificial_Neutro,ai,http://wfrp.ia/dominio/ciencia-tecnologia#InteligenciaArtificial,1.0,False
1na1q8g,test,2,http://wfrp.ia/resource/reddit/post/1na1q8g,ont_has_ontology_elements,global_counts,,1.0,False
1na1q8g,test,2,http://wfrp.ia/resource/reddit/post/1na1q8g,ont_count_domain_concepts,global_counts,,1.0,False
1na1q8g,test,2,http://wfrp.ia/resource/reddit/post/1na1q8g,ont_total_neutro_mentions,global_counts,,1.0,False
1na1q8g,test,2,http://wfrp.ia/resource/reddit/post/1na1q8g,ont_domain_score,global_counts,,1.0,False
1na1q8g,test,2,http://wfrp.ia/resource/reddit/post/1na1q8g,ont_domain_density,global_counts,,0.009523809523809525,True
1nglvjj,test,1,http://wfrp.ia/resource/reddit/post/1nglvjj,ont_InteligenciaArtificial_Neutro,ai,http://wfrp.ia/dominio/ciencia-tecnologia#InteligenciaArtificial,2.0,False
1nglvjj,test,1,http://wfrp.ia/resource/reddit/post/1nglvjj,ont_has_ontology_elements,global_counts,,1.0,False
1nglvjj,test,1,http://wfrp.ia/resource/reddit/post/1nglvjj,ont_count_domain_concepts,global_counts,,1.0,False
1nglvjj,test,1,http://wfrp.ia/resource/reddit/post/1nglvjj,ont_total_neutro_mentions,global_counts,,2.0,False
1nglvjj,test,1,http://wfrp.ia/resource/reddit/post/1nglvjj,ont_domain_score,global_counts,,3.0,False
1nglvjj,test,1,http://wfrp.ia/resource/reddit/post/1nglvjj,ont_domain_density,global_counts,,0.03333333333333333,True
1n484lr,test,1,http://wfrp.ia/resource/reddit/post/1n484lr,ont_Datos_Neutro,data,http://wfrp.ia/dominio/ciencia-tecnologia#Datos,1.0,False
1n484lr,test,1,http://wfrp.ia/resource/reddit/post/1n484lr,ont_has_ontology_elements,global_counts,,1.0,False
1n484lr,test,1,http://wfrp.ia/resource/reddit/post/1n484lr,ont_count_domain_concepts,global_counts,,1.0,False
1n484lr,test,1,http://wfrp.ia/resource/reddit/post/1n484lr,ont_total_neutro_mentions,global_counts,,1.0,False
1n484lr,test,1,http://wfrp.ia/resource/reddit/post/1n484lr,ont_domain_score,global_counts,,1.0,False
1n484lr,test,1,http://wfrp.ia/resource/reddit/post/1n484lr,ont_domain_density,global_counts,,0.09090909090909091,True
1kkfjn0,test,2,http://wfrp.ia/resource/reddit/post/1kkfjn0,ont_Tecnologia_Neutro,technology,http://wfrp.ia/dominio/ciencia-tecnologia#Tecnologia,1.0,True
1kkfjn0,test,2,http://wfrp.ia/resource/reddit/post/1kkfjn0,ont_has_ontology_elements,global_counts,,1.0,False
1kkfjn0,test,2,http://wfrp.ia/resource/reddit/post/1kkfjn0,ont_count_domain_concepts,global_counts,,1.0,False
1kkfjn0,test,2,http://wfrp.ia/resource/reddit/post/1kkfjn0,ont_total_neutro_mentions,global_counts,,1.0,False
1kkfjn0,test,2,http://wfrp.ia/resource/reddit/post/1kkfjn0,ont_domain_score,global_counts,,1.0,False
1kkfjn0,test,2,http://wfrp.ia/resource/reddit/post/1kkfjn0,ont_domain_density,global_counts,,0.016129032258064516,True
1lpqrkh,test,2,http://wfrp.ia/resource/reddit/post/1lpqrkh,ont_Datos_Neutro,data,http://wfrp.ia/dominio/ciencia-tecnologia#Datos,1.0,False
1lpqrkh,test,2,http://wfrp.ia/resource/reddit/post/1lpqrkh,ont_has_ontology_elements,global_counts,,1.0,False
1lpqrkh,test,2,http://wfrp.ia/resource/reddit/post/1lpqrkh,ont_count_domain_concepts,global_counts,,1.0,False
1lpqrkh,test,2,http://wfrp.ia/resource/reddit/post/1lpqrkh,ont_total_neutro_mentions,global_counts,,1.0,False
1lpqrkh,test,2,http://wfrp.ia/resource/reddit/post/1lpqrkh,ont_domain_score,global_counts,,1.0,False
1lpqrkh,test,2,http://wfrp.ia/resource/reddit/post/1lpqrkh,ont_domain_density,global_counts,,0.0056179775280898875,True
1mb7qot,test,0,http://wfrp.ia/resource/reddit/post/1mb7qot,ont_Tecnologia_Neutro,technology,http://wfrp.ia/dominio/ciencia-tecnologia#Tecnologia,2.0,True
1mb7qot,test,0,http://wfrp.ia/resource/reddit/post/1mb7qot,ont_has_ontology_elements,global_counts,,1.0,False
1mb7qot,test,0,http://wfrp.ia/resource/reddit/post/1mb7qot,ont_count_domain_concepts,global_counts,,1.0,False
1mb7qot,test,0,http://wfrp.ia/resource/reddit/post/1mb7qot,ont_total_neutro_mentions,global_counts,,2.0,False
1mb7qot,test,0,http://wfrp.ia/resource/reddit/post/1mb7qot,ont_domain_score,global_counts,,1.0,False
1mb7qot,test,0,http://wfrp.ia/resource/reddit/post/1mb7qot,ont_domain_density,global_counts,,0.011111111111111112,True
1mj2c7a,test,2,http://wfrp.ia/resource/reddit/post/1mj2c7a,ont_Futuro_Neutro,future,http://wfrp.ia/dominio/ciencia-tecnologia#Futuro,1.0,False
1mj2c7a,test,2,http://wfrp.ia/resource/reddit/post/1mj2c7a,ont_Robot_Neutro,robot,http://wfrp.ia/dominio/ciencia-tecnologia#Robot,1.0,False
1mj2c7a,test,2,http://wfrp.ia/resource/reddit/post/1mj2c7a,ont_has_ontology_elements,global_counts,,1.0,False
1mj2c7a,test,2,http://wfrp.ia/resource/reddit/post/1mj2c7a,ont_count_domain_concepts,global_counts,,2.0,False
1mj2c7a,test,2,http://wfrp.ia/resource/reddit/post/1mj2c7a,ont_total_neutro_mentions,global_counts,,2.0,False
1mj2c7a,test,2,http://wfrp.ia/resource/reddit/post/1mj2c7a,ont_domain_score,global_counts,,2.0,False
1mj2c7a,test,2,http://wfrp.ia/resource/reddit/post/1mj2c7a,ont_domain_density,global_counts,,0.14285714285714285,True
1mx8y7f,test,1,http://wfrp.ia/resource/reddit/post/1mx8y7f,ont_InteligenciaArtificial_Neutro,ai,http://wfrp.ia/dominio/ciencia-tecnologia#InteligenciaArtificial,5.0,False
1mx8y7f,test,1,http://wfrp.ia/resource/reddit/post/1mx8y7f,ont_Tecnologia_Neutro,technology,http://wfrp.ia/dominio/ciencia-tecnologia#Tecnologia,1.0,True
1mx8y7f,test,1,http://wfrp.ia/resource/reddit/post/1mx8y7f,ont_has_ontology_elements,global_counts,,1.0,False
1mx8y7f,test,1,http://wfrp.ia/resource/reddit/post/1mx8y7f,ont_count_domain_concepts,global_counts,,2.0,False
1mx8y7f,test,1,http://wfrp.ia/resource/reddit/post/1mx8y7f,ont_total_neutro_mentions,global_counts,,6.0,False
1mx8y7f,test,1,http://wfrp.ia/resource/reddit/post/1mx8y7f,ont_domain_score,global_counts,,7.5,False
1mx8y7f,test,1,http://wfrp.ia/resource/reddit/post/1mx8y7f,ont_domain_density,global_counts,,0.014084507042253521,True
1lcs2t2,test,2,http://wfrp.ia/resource/reddit/post/1lcs2t2,ont_InteligenciaArtificial_Neutro,ai,http://wfrp.ia/dominio/ciencia-tecnologia#InteligenciaArtificial,1.0,False
1lcs2t2,test,2,http://wfrp.ia/resource/reddit/post/1lcs2t2,ont_has_ontology_elements,global_counts,,1.0,False
1lcs2t2,test,2,http://wfrp.ia/resource/reddit/post/1lcs2t2,ont_count_domain_concepts,global_counts,,1.0,False
1lcs2t2,test,2,http://wfrp.ia/resource/reddit/post/1lcs2t2,ont_total_neutro_mentions,global_counts,,1.0,False
1lcs2t2,test,2,http://wfrp.ia/resource/reddit/post/1lcs2t2,ont_domain_score,global_counts,,1.0,False
1lcs2t2,test,2,http://wfrp.ia/resource/reddit/post/1lcs2t2,ont_domain_density,global_counts,,0.1,True
1l35ozi,test,2,http://wfrp.ia/resource/reddit/post/1l35ozi,ont_Futuro_Neutro,future,http://wfrp.ia/dominio/ciencia-tecnologia#Futuro,1.0,False
1l35ozi,test,2,http://wfrp.ia/resource/reddit/post/1l35ozi,ont_has_ontology_elements,global_counts,,1.0,False
1l35ozi,test,2,http://wfrp.ia/resource/reddit/post/1l35ozi,ont_count_domain_concepts,global_counts,,1.0,False
1l35ozi,test,2,http://wfrp.ia/resource/reddit/post/1l35ozi,ont_total_neutro_mentions,global_counts,,1.0,False
1l35ozi,test,2,http://wfrp.ia/resource/reddit/post/1l35ozi,ont_domain_score,global_counts,,1.0,False
1l35ozi,test,2,http://wfrp.ia/resource/reddit/post/1l35ozi,ont_domain_density,global_counts,,0.09090909090909091,True
1lfluxv,test,1,http://wfrp.ia/resource/reddit/post/1lfluxv,ont_InteligenciaArtificial_Neutro,ai,http://wfrp.ia/dominio/ciencia-tecnologia#InteligenciaArtificial,9.0,False
1lfluxv,test,1,http://wfrp.ia/resource/reddit/post/1lfluxv,ont_Datos_Neutro,data,http://wfrp.ia/dominio/ciencia-tecnologia#Datos,1.0,False
1lfluxv,test,1,http://wfrp.ia/resource/reddit/post/1lfluxv,ont_Robot_Neutro,robot,http://wfrp.ia/dominio/ciencia-tecnologia#Robot,1.0,False
1lfluxv,test,1,http://wfrp.ia/resource/reddit/post/1lfluxv,ont_has_ontology_elements,global_counts,,1.0,False
1lfluxv,test,1,http://wfrp.ia/resource/reddit/post/1lfluxv,ont_count_domain_concepts,global_counts,,3.0,False
1lfluxv,test,1,http://wfrp.ia/resource/reddit/post/1lfluxv,ont_total_neutro_mentions,global_counts,,11.0,False
1lfluxv,test,1,http://wfrp.ia/resource/reddit/post/1lfluxv,ont_domain_score,global_counts,,8.0,False
1lfluxv,test,1,http://wfrp.ia/resource/reddit/post/1lfluxv,ont_domain_density,global_counts,,0.022058823529411766,True
1ljm719,test,2,http://wfrp.ia/resource/reddit/post/1ljm719,ont_InteligenciaArtificial_Neutro,ai,http://wfrp.ia/dominio/ciencia-tecnologia#InteligenciaArtificial,6.0,False
1ljm719,test,2,http://wfrp.ia/resource/reddit/post/1ljm719,ont_Futuro_Neutro,future,http://wfrp.ia/dominio/ciencia-tecnologia#Futuro,1.0,False
1ljm719,test,2,http://wfrp.ia/resource/reddit/post/1ljm719,ont_Robot_Neutro,robot,http://wfrp.ia/dominio/ciencia-tecnologia#Robot,2.0,False
1ljm719,test,2,http://wfrp.ia/resource/reddit/post/1ljm719,ont_Automatizacion_Neutro,automation,http://wfrp.ia/dominio/ciencia-tecnologia#Automatizacion,1.0,False
1ljm719,test,2,http://wfrp.ia/resource/reddit/post/1ljm719,ont_has_ontology_elements,global_counts,,1.0,False
1ljm719,test,2,http://wfrp.ia/resource/reddit/post/1ljm719,ont_count_domain_concepts,global_counts,,4.0,False
1ljm719,test,2,http://wfrp.ia/resource/reddit/post/1ljm719,ont_total_neutro_mentions,global_counts,,10.0,False
1ljm719,test,2,http://wfrp.ia/resource/reddit/post/1ljm719,ont_domain_score,global_counts,,14.0,False
1ljm719,test,2,http://wfrp.ia/resource/reddit/post/1ljm719,ont_domain_density,global_counts,,0.034782608695652174,True
1lhocqt,test,2,http://wfrp.ia/resource/reddit/post/1lhocqt,ont_Futuro_Neutro,future,http://wfrp.ia/dominio/ciencia-tecnologia#Futuro,3.0,False
1lhocqt,test,2,http://wfrp.ia/resource/reddit/post/1lhocqt,ont_has_ontology_elements,global_counts,,1.0,False
1lhocqt,test,2,http://wfrp.ia/resource/reddit/post/1lhocqt,ont_count_domain_concepts,global_counts,,1.0,False
1lhocqt,test,2,http://wfrp.ia/resource/reddit/post/1lhocqt,ont_total_neutro_mentions,global_counts,,3.0,False
1lhocqt,test,2,http://wfrp.ia/resource/reddit/post/1lhocqt,ont_domain_score,global_counts,,1.0,False
1lhocqt,test,2,http://wfrp.ia/resource/reddit/post/1lhocqt,ont_domain_density,global_counts,,0.025,True
1n919bv,test,2,http://wfrp.ia/resource/reddit/post/1n919bv,ont_Futuro_Neutro,future,http://wfrp.ia/dominio/ciencia-tecnologia#Futuro,1.0,False
1n919bv,test,2,http://wfrp.ia/resource/reddit/post/1n919bv,ont_has_ontology_elements,global_counts,,1.0,False
1n919bv,test,2,http://wfrp.ia/resource/reddit/post/1n919bv,ont_count_domain_concepts,global_counts,,1.0,False
1n919bv,test,2,http://wfrp.ia/resource/reddit/post/1n919bv,ont_total_neutro_mentions,global_counts,,1.0,False
1n919bv,test,2,http://wfrp.ia/resource/reddit/post/1n919bv,ont_domain_score,global_counts,,1.0,False
1n919bv,test,2,http://wfrp.ia/resource/reddit/post/1n919bv,ont_domain_density,global_counts,,0.013157894736842105,True
1n992pw,test,1,http://wfrp.ia/resource/reddit/post/1n992pw,ont_Futuro_Neutro,future,http://wfrp.ia/dominio/ciencia-tecnologia#Futuro,1.0,False
1n992pw,test,1,http://wfrp.ia/resource/reddit/post/1n992pw,ont_has_ontology_elements,global_counts,,1.0,False
1n992pw,test,1,http://wfrp.ia/resource/reddit/post/1n992pw,ont_count_domain_concepts,global_counts,,1.0,False
1n992pw,test,1,http://wfrp.ia/resource/reddit/post/1n992pw,ont_total_neutro_mentions,global_counts,,1.0,False
1n992pw,test,1,http://wfrp.ia/resource/reddit/post/1n992pw,ont_domain_score,global_counts,,1.0,False
1n992pw,test,1,http://wfrp.ia/resource/reddit/post/1n992pw,ont_domain_density,global_counts,,0.1,True
1nixkqa,test,2,http://wfrp.ia/resource/reddit/post/1nixkqa,ont_InteligenciaArtificial_Positivo,ai,http://wfrp.ia/dominio/ciencia-tecnologia#InteligenciaArtificial,1.0,False
1nixkqa,test,2,http://wfrp.ia/resource/reddit/post/1nixkqa,ont_Tecnologia_Neutro,technology,http://wfrp.ia/dominio/ciencia-tecnologia#Tecnologia,1.0,True
1nixkqa,test,2,http://wfrp.ia/resource/reddit/post/1nixkqa,ont_has_ontology_elements,global_counts,,1.0,False
1nixkqa,test,2,http://wfrp.ia/resource/reddit/post/1nixkqa,ont_count_domain_concepts,global_counts,,2.0,False
1nixkqa,test,2,http://wfrp.ia/resource/reddit/post/1nixkqa,ont_total_positivo_mentions,global_counts,,1.0,False
1nixkqa,test,2,http://wfrp.ia/resource/reddit/post/1nixkqa,ont_total_neutro_mentions,global_counts,,1.0,False
1nixkqa,test,2,http://wfrp.ia/resource/reddit/post/1nixkqa,ont_domain_score,global_counts,,2.0,False
1nixkqa,test,2,http://wfrp.ia/resource/reddit/post/1nixkqa,ont_domain_density,global_counts,,0.03278688524590164,True
1nihj7x,test,1,http://wfrp.ia/resource/reddit/post/1nihj7x,ont_InteligenciaArtificial_Neutro,ai,http://wfrp.ia/dominio/ciencia-tecnologia#InteligenciaArtificial,1.0,False
1nihj7x,test,1,http://wfrp.ia/resource/reddit/post/1nihj7x,ont_Futuro_Positivo,future,http://wfrp.ia/dominio/ciencia-tecnologia#Futuro,2.0,False
1nihj7x,test,1,http://wfrp.ia/resource/reddit/post/1nihj7x,ont_Datos_Neutro,data,http://wfrp.ia/dominio/ciencia-tecnologia#Datos,1.0,False
1nihj7x,test,1,http://wfrp.ia/resource/reddit/post/1nihj7x,ont_has_ontology_elements,global_counts,,1.0,False
1nihj7x,test,1,http://wfrp.ia/resource/reddit/post/1nihj7x,ont_count_domain_concepts,global_counts,,4.0,False
1nihj7x,test,1,http://wfrp.ia/resource/reddit/post/1nihj7x,ont_total_positivo_mentions,global_counts,,2.0,False
1nihj7x,test,1,http://wfrp.ia/resource/reddit/post/1nihj7x,ont_total_neutro_mentions,global_counts,,2.0,False
1nihj7x,test,1,http://wfrp.ia/resource/reddit/post/1nihj7x,ont_domain_score,global_counts,,4.0,False
1nihj7x,test,1,http://wfrp.ia/resource/reddit/post/1nihj7x,ont_domain_density,global_counts,,0.01532567049808429,True
1njag76,test,2,http://wfrp.ia/resource/reddit/post/1njag76,ont_InteligenciaArtificial_Positivo,ai,http://wfrp.ia/dominio/ciencia-tecnologia#InteligenciaArtificial,1.0,False
1njag76,test,2,http://wfrp.ia/resource/reddit/post/1njag76,ont_has_ontology_elements,global_counts,,1.0,False
1njag76,test,2,http://wfrp.ia/resource/reddit/post/1njag76,ont_count_domain_concepts,global_counts,,1.0,False
1njag76,test,2,http://wfrp.ia/resource/reddit/post/1njag76,ont_total_positivo_mentions,global_counts,,1.0,False
1njag76,test,2,http://wfrp.ia/resource/reddit/post/1njag76,ont_domain_score,global_counts,,1.0,False
1njag76,test,2,http://wfrp.ia/resource/reddit/post/1njag76,ont_domain_density,global_counts,,0.09090909090909091,True
1nd765v,test,2,http://wfrp.ia/resource/reddit/post/1nd765v,ont_Futuro_Neutro,future,http://wfrp.ia/dominio/ciencia-tecnologia#Futuro,2.0,False
1nd765v,test,2,http://wfrp.ia/resource/reddit/post/1nd765v,ont_has_ontology_elements,global_counts,,1.0,False
1nd765v,test,2,http://wfrp.ia/resource/reddit/post/1nd765v,ont_count_domain_concepts,global_counts,,1.0,False
1nd765v,test,2,http://wfrp.ia/resource/reddit/post/1nd765v,ont_total_neutro_mentions,global_counts,,2.0,False
1nd765v,test,2,http://wfrp.ia/resource/reddit/post/1nd765v,ont_domain_score,global_counts,,1.0,False
1nd765v,test,2,http://wfrp.ia/resource/reddit/post/1nd765v,ont_domain_density,global_counts,,0.01818181818181818,True
1naot41,test,1,http://wfrp.ia/resource/reddit/post/1naot41,ont_InteligenciaArtificial_Neutro,ai,http://wfrp.ia/dominio/ciencia-tecnologia#InteligenciaArtificial,3.0,False
1naot41,test,1,http://wfrp.ia/resource/reddit/post/1naot41,ont_has_ontology_elements,global_counts,,1.0,False
1naot41,test,1,http://wfrp.ia/resource/reddit/post/1naot41,ont_count_domain_concepts,global_counts,,1.0,False
1naot41,test,1,http://wfrp.ia/resource/reddit/post/1naot41,ont_total_neutro_mentions,global_counts,,3.0,False
1naot41,test,1,http://wfrp.ia/resource/reddit/post/1naot41,ont_domain_score,global_counts,,2.5,False
1naot41,test,1,http://wfrp.ia/resource/reddit/post/1naot41,ont_domain_density,global_counts,,0.04,True
1naou57,test,1,http://wfrp.ia/resource/reddit/post/1naou57,ont_InteligenciaArtificial_Neutro,ai,http://wfrp.ia/dominio/ciencia-tecnologia#InteligenciaArtificial,2.0,False
1naou57,test,1,http://wfrp.ia/resource/reddit/post/1naou57,ont_has_ontology_elements,global_counts,,1.0,False
1naou57,test,1,http://wfrp.ia/resource/reddit/post/1naou57,ont_count_domain_concepts,global_counts,,1.0,False
1naou57,test,1,http://wfrp.ia/resource/reddit/post/1naou57,ont_total_neutro_mentions,global_counts,,2.0,False
1naou57,test,1,http://wfrp.ia/resource/reddit/post/1naou57,ont_domain_score,global_counts,,2.0,False
1naou57,test,1,http://wfrp.ia/resource/reddit/post/1naou57,ont_domain_density,global_counts,,0.029411764705882353,True
1nbw0dy,test,1,http://wfrp.ia/resource/reddit/post/1nbw0dy,ont_Futuro_Neutro,future,http://wfrp.ia/dominio/ciencia-tecnologia#Futuro,3.0,False
1nbw0dy,test,1,http://wfrp.ia/resource/reddit/post/1nbw0dy,ont_has_ontology_elements,global_counts,,1.0,False
1nbw0dy,test,1,http://wfrp.ia/resource/reddit/post/1nbw0dy,ont_count_domain_concepts,global_counts,,1.0,False
1nbw0dy,test,1,http://wfrp.ia/resource/reddit/post/1nbw0dy,ont_total_neutro_mentions,global_counts,,3.0,False
1nbw0dy,test,1,http://wfrp.ia/resource/reddit/post/1nbw0dy,ont_domain_score,global_counts,,1.0,False
1nbw0dy,test,1,http://wfrp.ia/resource/reddit/post/1nbw0dy,ont_domain_density,global_counts,,0.006024096385542169,True
1na1qit,test,2,http://wfrp.ia/resource/reddit/post/1na1qit,ont_InteligenciaArtificial_Neutro,ai,http://wfrp.ia/dominio/ciencia-tecnologia#InteligenciaArtificial,5.0,False
1na1qit,test,2,http://wfrp.ia/resource/reddit/post/1na1qit,ont_Tecnologia_Neutro,technology,http://wfrp.ia/dominio/ciencia-tecnologia#Tecnologia,3.0,True
1na1qit,test,2,http://wfrp.ia/resource/reddit/post/1na1qit,ont_Futuro_Neutro,future,http://wfrp.ia/dominio/ciencia-tecnologia#Futuro,1.0,False
1na1qit,test,2,http://wfrp.ia/resource/reddit/post/1na1qit,ont_Robot_Neutro,robot,http://wfrp.ia/dominio/ciencia-tecnologia#Robot,3.0,False
1na1qit,test,2,http://wfrp.ia/resource/reddit/post/1na1qit,ont_has_ontology_elements,global_counts,,1.0,False
1na1qit,test,2,http://wfrp.ia/resource/reddit/post/1na1qit,ont_count_domain_concepts,global_counts,,5.0,False
1na1qit,test,2,http://wfrp.ia/resource/reddit/post/1na1qit,ont_total_neutro_mentions,global_counts,,12.0,False
1na1qit,test,2,http://wfrp.ia/resource/reddit/post/1na1qit,ont_domain_score,global_counts,,11.0,False
1na1qit,test,2,http://wfrp.ia/resource/reddit/post/1na1qit,ont_domain_density,global_counts,,0.01893939393939394,True
1n9x2ft,test,1,http://wfrp.ia/resource/reddit/post/1n9x2ft,ont_InteligenciaArtificial_Negativo,ai,http://wfrp.ia/dominio/ciencia-tecnologia#InteligenciaArtificial,1.0,True
1n9x2ft,test,1,http://wfrp.ia/resource/reddit/post/1n9x2ft,ont_InteligenciaArtificial_Neutro,ai,http://wfrp.ia/dominio/ciencia-tecnologia#InteligenciaArtificial,7.0,False
1n9x2ft,test,1,http://wfrp.ia/resource/reddit/post/1n9x2ft,ont_Tecnologia_Neutro,technology,http://wfrp.ia/dominio/ciencia-tecnologia#Tecnologia,4.0,True
1n9x2ft,test,1,http://wfrp.ia/resource/reddit/post/1n9x2ft,ont_Futuro_Neutro,future,http://wfrp.ia/dominio/ciencia-tecnologia#Futuro,1.0,False
1n9x2ft,test,1,http://wfrp.ia/resource/reddit/post/1n9x2ft,ont_Algoritmo_Neutro,algorithm,http://wfrp.ia/dominio/ciencia-tecnologia#Algoritmo,1.0,False
1n9x2ft,test,1,http://wfrp.ia/resource/reddit/post/1n9x2ft,ont_has_ontology_elements,global_counts,,1.0,False
1n9x2ft,test,1,http://wfrp.ia/resource/reddit/post/1n9x2ft,ont_count_domain_concepts,global_counts,,4.0,False
1n9x2ft,test,1,http://wfrp.ia/resource/reddit/post/1n9x2ft,ont_total_negativo_mentions,global_counts,,1.0,True
1n9x2ft,test,1,http://wfrp.ia/resource/reddit/post/1n9x2ft,ont_total_neutro_mentions,global_counts,,13.0,False
1n9x2ft,test,1,http://wfrp.ia/resource/reddit/post/1n9x2ft,ont_domain_score,global_counts,,13.0,False
1n9x2ft,test,1,http://wfrp.ia/resource/reddit/post/1n9x2ft,ont_domain_density,global_counts,,0.008948545861297539,True
1na2lxx,test,1,http://wfrp.ia/resource/reddit/post/1na2lxx,ont_InteligenciaArtificial_Neutro,ai,http://wfrp.ia/dominio/ciencia-tecnologia#InteligenciaArtificial,2.0,False
1na2lxx,test,1,http://wfrp.ia/resource/reddit/post/1na2lxx,ont_Tecnologia_Neutro,technology,http://wfrp.ia/dominio/ciencia-tecnologia#Tecnologia,3.0,True
1na2lxx,test,1,http://wfrp.ia/resource/reddit/post/1na2lxx,ont_has_ontology_elements,global_counts,,1.0,False
1na2lxx,test,1,http://wfrp.ia/resource/reddit/post/1na2lxx,ont_count_domain_concepts,global_counts,,2.0,False
1na2lxx,test,1,http://wfrp.ia/resource/reddit/post/1na2lxx,ont_total_neutro_mentions,global_counts,,5.0,False
1na2lxx,test,1,http://wfrp.ia/resource/reddit/post/1na2lxx,ont_domain_score,global_counts,,3.0,False
1na2lxx,test,1,http://wfrp.ia/resource/reddit/post/1na2lxx,ont_domain_density,global_counts,,0.011363636363636364,True
1nabu2n,test,2,http://wfrp.ia/resource/reddit/post/1nabu2n,ont_Tecnologia_Neutro,technology,http://wfrp.ia/dominio/ciencia-tecnologia#Tecnologia,2.0,True
1nabu2n,test,2,http://wfrp.ia/resource/reddit/post/1nabu2n,ont_has_ontology_elements,global_counts,,1.0,False
1nabu2n,test,2,http://wfrp.ia/resource/reddit/post/1nabu2n,ont_count_domain_concepts,global_counts,,1.0,False
1nabu2n,test,2,http://wfrp.ia/resource/reddit/post/1nabu2n,ont_total_neutro_mentions,global_counts,,2.0,False
1nabu2n,test,2,http://wfrp.ia/resource/reddit/post/1nabu2n,ont_domain_score,global_counts,,1.0,False
1nabu2n,test,2,http://wfrp.ia/resource/reddit/post/1nabu2n,ont_domain_density,global_counts,,0.008849557522123894,True
1nahoa3,test,0,http://wfrp.ia/resource/reddit/post/1nahoa3,ont_Tecnologia_Neutro,technology,http://wfrp.ia/dominio/ciencia-tecnologia#Tecnologia,2.0,True
1nahoa3,test,0,http://wfrp.ia/resource/reddit/post/1nahoa3,ont_Futuro_Positivo,future,http://wfrp.ia/dominio/ciencia-tecnologia#Futuro,1.0,False
1nahoa3,test,0,http://wfrp.ia/resource/reddit/post/1nahoa3,ont_Futuro_Neutro,future,http://wfrp.ia/dominio/ciencia-tecnologia#Futuro,3.0,False
1nahoa3,test,0,http://wfrp.ia/resource/reddit/post/1nahoa3,ont_has_ontology_elements,global_counts,,1.0,False
1nahoa3,test,0,http://wfrp.ia/resource/reddit/post/1nahoa3,ont_count_domain_concepts,global_counts,,2.0,False
1nahoa3,test,0,http://wfrp.ia/resource/reddit/post/1nahoa3,ont_total_positivo_mentions,global_counts,,1.0,False
1nahoa3,test,0,http://wfrp.ia/resource/reddit/post/1nahoa3,ont_total_neutro_mentions,global_counts,,5.0,False
1nahoa3,test,0,http://wfrp.ia/resource/reddit/post/1nahoa3,ont_domain_score,global_counts,,3.0,False
1nahoa3,test,0,http://wfrp.ia/resource/reddit/post/1nahoa3,ont_domain_density,global_counts,,0.006172839506172839,True
1n9zxvs,test,2,http://wfrp.ia/resource/reddit/post/1n9zxvs,ont_InteligenciaArtificial_Positivo,ai,http://wfrp.ia/dominio/ciencia-tecnologia#InteligenciaArtificial,1.0,False
1n9zxvs,test,2,http://wfrp.ia/resource/reddit/post/1n9zxvs,ont_InteligenciaArtificial_Neutro,ai,http://wfrp.ia/dominio/ciencia-tecnologia#InteligenciaArtificial,2.0,False
1n9zxvs,test,2,http://wfrp.ia/resource/reddit/post/1n9zxvs,ont_has_ontology_elements,global_counts,,1.0,False
1n9zxvs,test,2,http://wfrp.ia/resource/reddit/post/1n9zxvs,ont_count_domain_concepts,global_counts,,1.0,False
1n9zxvs,test,2,http://wfrp.ia/resource/reddit/post/1n9zxvs,ont_total_positivo_mentions,global_counts,,1.0,False
1n9zxvs,test,2,http://wfrp.ia/resource/reddit/post/1n9zxvs,ont_total_neutro_mentions,global_counts,,2.0,False
1n9zxvs,test,2,http://wfrp.ia/resource/reddit/post/1n9zxvs,ont_domain_score,global_counts,,3.0,False
1n9zxvs,test,2,http://wfrp.ia/resource/reddit/post/1n9zxvs,ont_domain_density,global_counts,,0.010309278350515464,True
1ni1n4a,test,2,http://wfrp.ia/resource/reddit/post/1ni1n4a,ont_Etica_Positivo,ethics,http://wfrp.ia/dominio/ciencia-tecnologia#Etica,1.0,False
1ni1n4a,test,2,http://wfrp.ia/resource/reddit/post/1ni1n4a,ont_Innovacion_Neutro,innovation,http://wfrp.ia/dominio/ciencia-tecnologia#Innovacion,1.0,True
1ni1n4a,test,2,http://wfrp.ia/resource/reddit/post/1ni1n4a,ont_has_ontology_elements,global_counts,,1.0,False
1ni1n4a,test,2,http://wfrp.ia/resource/reddit/post/1ni1n4a,ont_count_domain_concepts,global_counts,,2.0,False
1ni1n4a,test,2,http://wfrp.ia/resource/reddit/post/1ni1n4a,ont_total_positivo_mentions,global_counts,,1.0,False
1ni1n4a,test,2,http://wfrp.ia/resource/reddit/post/1ni1n4a,ont_total_neutro_mentions,global_counts,,1.0,False
1ni1n4a,test,2,http://wfrp.ia/resource/reddit/post/1ni1n4a,ont_domain_score,global_counts,,2.0,False
1ni1n4a,test,2,http://wfrp.ia/resource/reddit/post/1ni1n4a,ont_domain_density,global_counts,,0.011834319526627219,True
1nhu7qk,test,1,http://wfrp.ia/resource/reddit/post/1nhu7qk,ont_InteligenciaArtificial_Neutro,ai,http://wfrp.ia/dominio/ciencia-tecnologia#InteligenciaArtificial,1.0,False
1nhu7qk,test,1,http://wfrp.ia/resource/reddit/post/1nhu7qk,ont_Tecnologia_Neutro,technology,http://wfrp.ia/dominio/ciencia-tecnologia#Tecnologia,1.0,True
1nhu7qk,test,1,http://wfrp.ia/resource/reddit/post/1nhu7qk,ont_Futuro_Neutro,future,http://wfrp.ia/dominio/ciencia-tecnologia#Futuro,1.0,False
1nhu7qk,test,1,http://wfrp.ia/resource/reddit/post/1nhu7qk,ont_has_ontology_elements,global_counts,,1.0,False
1nhu7qk,test,1,http://wfrp.ia/resource/reddit/post/1nhu7qk,ont_count_domain_concepts,global_counts,,3.0,False
1nhu7qk,test,1,http://wfrp.ia/resource/reddit/post/1nhu7qk,ont_total_neutro_mentions,global_counts,,3.0,False
1nhu7qk,test,1,http://wfrp.ia/resource/reddit/post/1nhu7qk,ont_domain_score,global_counts,,3.0,False
1nhu7qk,test,1,http://wfrp.ia/resource/reddit/post/1nhu7qk,ont_domain_density,global_counts,,0.061224489795918366,True
1nhz773,test,2,http://wfrp.ia/resource/reddit/post/1nhz773,ont_Tecnologia_Neutro,technology,http://wfrp.ia/dominio/ciencia-tecnologia#Tecnologia,1.0,True
1nhz773,test,2,http://wfrp.ia/resource/reddit/post/1nhz773,ont_Futuro_Neutro,future,http://wfrp.ia/dominio/ciencia-tecnologia#Futuro,1.0,False
1nhz773,test,2,http://wfrp.ia/resource/reddit/post/1nhz773,ont_Innovacion_Neutro,innovation,http://wfrp.ia/dominio/ciencia-tecnologia#Innovacion,1.0,True
1nhz773,test,2,http://wfrp.ia/resource/reddit/post/1nhz773,ont_has_ontology_elements,global_counts,,1.0,False
1nhz773,test,2,http://wfrp.ia/resource/reddit/post/1nhz773,ont_count_domain_concepts,global_counts,,3.0,False
1nhz773,test,2,http://wfrp.ia/resource/reddit/post/1nhz773,ont_total_neutro_mentions,global_counts,,3.0,False
1nhz773,test,2,http://wfrp.ia/resource/reddit/post/1nhz773,ont_domain_score,global_counts,,3.0,False
1nhz773,test,2,http://wfrp.ia/resource/reddit/post/1nhz773,ont_domain_density,global_counts,,0.02,True
1nfi9i2,test,0,http://wfrp.ia/resource/reddit/post/1nfi9i2,ont_Tecnologia_Neutro,technology,http://wfrp.ia/dominio/ciencia-tecnologia#Tecnologia,4.0,True
1nfi9i2,test,0,http://wfrp.ia/resource/reddit/post/1nfi9i2,ont_Futuro_Neutro,future,http://wfrp.ia/dominio/ciencia-tecnologia#Futuro,1.0,False
1nfi9i2,test,0,http://wfrp.ia/resource/reddit/post/1nfi9i2,ont_has_ontology_elements,global_counts,,1.0,False
1nfi9i2,test,0,http://wfrp.ia/resource/reddit/post/1nfi9i2,ont_count_domain_concepts,global_counts,,2.0,False
1nfi9i2,test,0,http://wfrp.ia/resource/reddit/post/1nfi9i2,ont_total_neutro_mentions,global_counts,,5.0,False
1nfi9i2,test,0,http://wfrp.ia/resource/reddit/post/1nfi9i2,ont_domain_score,global_counts,,2.0,False
1nfi9i2,test,0,http://wfrp.ia/resource/reddit/post/1nfi9i2,ont_domain_density,global_counts,,0.003179650238473768,True
1nfwjl3,test,1,http://wfrp.ia/resource/reddit/post/1nfwjl3,ont_Futuro_Neutro,future,http://wfrp.ia/dominio/ciencia-tecnologia#Futuro,1.0,False
1nfwjl3,test,1,http://wfrp.ia/resource/reddit/post/1nfwjl3,ont_Robot_Neutro,robot,http://wfrp.ia/dominio/ciencia-tecnologia#Robot,1.0,False
1nfwjl3,test,1,http://wfrp.ia/resource/reddit/post/1nfwjl3,ont_has_ontology_elements,global_counts,,1.0,False
1nfwjl3,test,1,http://wfrp.ia/resource/reddit/post/1nfwjl3,ont_count_domain_concepts,global_counts,,2.0,False
1nfwjl3,test,1,http://wfrp.ia/resource/reddit/post/1nfwjl3,ont_total_neutro_mentions,global_counts,,2.0,False
1nfwjl3,test,1,http://wfrp.ia/resource/reddit/post/1nfwjl3,ont_domain_score,global_counts,,2.0,False
1nfwjl3,test,1,http://wfrp.ia/resource/reddit/post/1nfwjl3,ont_domain_density,global_counts,,0.07142857142857142,True
1ng7gfo,test,2,http://wfrp.ia/resource/reddit/post/1ng7gfo,ont_InteligenciaArtificial_Positivo,ai,http://wfrp.ia/dominio/ciencia-tecnologia#InteligenciaArtificial,1.0,False
1ng7gfo,test,2,http://wfrp.ia/resource/reddit/post/1ng7gfo,ont_InteligenciaArtificial_Neutro,ai,http://wfrp.ia/dominio/ciencia-tecnologia#InteligenciaArtificial,2.0,False
1ng7gfo,test,2,http://wfrp.ia/resource/reddit/post/1ng7gfo,ont_AprendizajeAutomatico_Neutro,ml,http://wfrp.ia/dominio/ciencia-tecnologia#AprendizajeAutomatico,2.0,False
1ng7gfo,test,2,http://wfrp.ia/resource/reddit/post/1ng7gfo,ont_Futuro_Neutro,future,http://wfrp.ia/dominio/ciencia-tecnologia#Futuro,3.0,False
1ng7gfo,test,2,http://wfrp.ia/resource/reddit/post/1ng7gfo,ont_Datos_Positivo,data,http://wfrp.ia/dominio/ciencia-tecnologia#Datos,1.0,False
1ng7gfo,test,2,http://wfrp.ia/resource/reddit/post/1ng7gfo,ont_Datos_Neutro,data,http://wfrp.ia/dominio/ciencia-tecnologia#Datos,1.0,False
1ng7gfo,test,2,http://wfrp.ia/resource/reddit/post/1ng7gfo,ont_has_ontology_elements,global_counts,,1.0,False
1ng7gfo,test,2,http://wfrp.ia/resource/reddit/post/1ng7gfo,ont_count_domain_concepts,global_counts,,4.0,False
1ng7gfo,test,2,http://wfrp.ia/resource/reddit/post/1ng7gfo,ont_total_positivo_mentions,global_counts,,2.0,False
1ng7gfo,test,2,http://wfrp.ia/resource/reddit/post/1ng7gfo,ont_total_neutro_mentions,global_counts,,8.0,False
1ng7gfo,test,2,http://wfrp.ia/resource/reddit/post/1ng7gfo,ont_domain_score,global_counts,,8.5,False
1ng7gfo,test,2,http://wfrp.ia/resource/reddit/post/1ng7gfo,ont_domain_density,global_counts,,0.018957345971563982,True
1nfwmku,test,1,http://wfrp.ia/resource/reddit/post/1nfwmku,ont_InteligenciaArtificial_Neutro,ai,http://wfrp.ia/dominio/ciencia-tecnologia#InteligenciaArtificial,1.0,False
1nfwmku,test,1,http://wfrp.ia/resource/reddit/post/1nfwmku,ont_has_ontology_elements,global_counts,,1.0,False
1nfwmku,test,1,http://wfrp.ia/resource/reddit/post/1nfwmku,ont_count_domain_concepts,global_counts,,1.0,False
1nfwmku,test,1,http://wfrp.ia/resource/reddit/post/1nfwmku,ont_total_neutro_mentions,global_counts,,1.0,False
1nfwmku,test,1,http://wfrp.ia/resource/reddit/post/1nfwmku,ont_domain_score,global_counts,,1.0,False
1nfwmku,test,1,http://wfrp.ia/resource/reddit/post/1nfwmku,ont_domain_density,global_counts,,0.1,True
1ngckbz,test,0,http://wfrp.ia/resource/reddit/post/1ngckbz,ont_InteligenciaArtificial_Neutro,ai,http://wfrp.ia/dominio/ciencia-tecnologia#InteligenciaArtificial,2.0,False
1ngckbz,test,0,http://wfrp.ia/resource/reddit/post/1ngckbz,ont_has_ontology_elements,global_counts,,1.0,False
1ngckbz,test,0,http://wfrp.ia/resource/reddit/post/1ngckbz,ont_count_domain_concepts,global_counts,,2.0,False
1ngckbz,test,0,http://wfrp.ia/resource/reddit/post/1ngckbz,ont_total_neutro_mentions,global_counts,,2.0,False
1ngckbz,test,0,http://wfrp.ia/resource/reddit/post/1ngckbz,ont_domain_score,global_counts,,2.0,False
1ngckbz,test,0,http://wfrp.ia/resource/reddit/post/1ngckbz,ont_domain_density,global_counts,,0.16666666666666666,True
1ngbon9,test,1,http://wfrp.ia/resource/reddit/post/1ngbon9,ont_InteligenciaArtificial_Neutro,ai,http://wfrp.ia/dominio/ciencia-tecnologia#InteligenciaArtificial,1.0,False
1ngbon9,test,1,http://wfrp.ia/resource/reddit/post/1ngbon9,ont_Tecnologia_Neutro,technology,http://wfrp.ia/dominio/ciencia-tecnologia#Tecnologia,1.0,True
1ngbon9,test,1,http://wfrp.ia/resource/reddit/post/1ngbon9,ont_has_ontology_elements,global_counts,,1.0,False
1ngbon9,test,1,http://wfrp.ia/resource/reddit/post/1ngbon9,ont_count_domain_concepts,global_counts,,3.0,False
1ngbon9,test,1,http://wfrp.ia/resource/reddit/post/1ngbon9,ont_total_neutro_mentions,global_counts,,2.0,False
1ngbon9,test,1,http://wfrp.ia/resource/reddit/post/1ngbon9,ont_domain_score,global_counts,,3.0,False
1ngbon9,test,1,http://wfrp.ia/resource/reddit/post/1ngbon9,ont_domain_density,global_counts,,0.009966777408637873,True
1ng3ucv,test,2,http://wfrp.ia/resource/reddit/post/1ng3ucv,ont_InteligenciaArtificial_Neutro,ai,http://wfrp.ia/dominio/ciencia-tecnologia#InteligenciaArtificial,10.0,False
1ng3ucv,test,2,http://wfrp.ia/resource/reddit/post/1ng3ucv,ont_Tecnologia_Neutro,technology,http://wfrp.ia/dominio/ciencia-tecnologia#Tecnologia,6.0,True
1ng3ucv,test,2,http://wfrp.ia/resource/reddit/post/1ng3ucv,ont_Datos_Neutro,data,http://wfrp.ia/dominio/ciencia-tecnologia#Datos,3.0,False
1ng3ucv,test,2,http://wfrp.ia/resource/reddit/post/1ng3ucv,ont_Robot_Neutro,robot,http://wfrp.ia/dominio/ciencia-tecnologia#Robot,1.0,False
1ng3ucv,test,2,http://wfrp.ia/resource/reddit/post/1ng3ucv,ont_Automatizacion_Neutro,automation,http://wfrp.ia/dominio/ciencia-tecnologia#Automatizacion,1.0,False
1ng3ucv,test,2,http://wfrp.ia/resource/reddit/post/1ng3ucv,ont_Innovacion_Neutro,innovation,http://wfrp.ia/dominio/ciencia-tecnologia#Innovacion,1.0,True
1ng3ucv,test,2,http://wfrp.ia/resource/reddit/post/1ng3ucv,ont_has_ontology_elements,global_counts,,1.0,False
1ng3ucv,test,2,http://wfrp.ia/resource/reddit/post/1ng3ucv,ont_count_domain_concepts,global_counts,,9.0,False
1ng3ucv,test,2,http://wfrp.ia/resource/reddit/post/1ng3ucv,ont_total_neutro_mentions,global_counts,,22.0,False
1ng3ucv,test,2,http://wfrp.ia/resource/reddit/post/1ng3ucv,ont_domain_score,global_counts,,19.5,False
1ng3ucv,test,2,http://wfrp.ia/resource/reddit/post/1ng3ucv,ont_domain_density,global_counts,,0.012145748987854251,True
1nfvzc9,test,0,http://wfrp.ia/resource/reddit/post/1nfvzc9,ont_InteligenciaArtificial_Positivo,ai,http://wfrp.ia/dominio/ciencia-tecnologia#InteligenciaArtificial,1.0,False
1nfvzc9,test,0,http://wfrp.ia/resource/reddit/post/1nfvzc9,ont_InteligenciaArtificial_Neutro,ai,http://wfrp.ia/dominio/ciencia-tecnologia#InteligenciaArtificial,3.0,False
1nfvzc9,test,0,http://wfrp.ia/resource/reddit/post/1nfvzc9,ont_Futuro_Neutro,future,http://wfrp.ia/dominio/ciencia-tecnologia#Futuro,1.0,False
1nfvzc9,test,0,http://wfrp.ia/resource/reddit/post/1nfvzc9,ont_Datos_Neutro,data,http://wfrp.ia/dominio/ciencia-tecnologia#Datos,1.0,False
1nfvzc9,test,0,http://wfrp.ia/resource/reddit/post/1nfvzc9,ont_has_ontology_elements,global_counts,,1.0,False
1nfvzc9,test,0,http://wfrp.ia/resource/reddit/post/1nfvzc9,ont_count_domain_concepts,global_counts,,4.0,False
1nfvzc9,test,0,http://wfrp.ia/resource/reddit/post/1nfvzc9,ont_total_positivo_mentions,global_counts,,1.0,False
1nfvzc9,test,0,http://wfrp.ia/resource/reddit/post/1nfvzc9,ont_total_neutro_mentions,global_counts,,5.0,False
1nfvzc9,test,0,http://wfrp.ia/resource/reddit/post/1nfvzc9,ont_domain_score,global_counts,,7.0,False
1nfvzc9,test,0,http://wfrp.ia/resource/reddit/post/1nfvzc9,ont_domain_density,global_counts,,0.02247191011235955,True
1ng5zl7,test,2,http://wfrp.ia/resource/reddit/post/1ng5zl7,ont_InteligenciaArtificial_Positivo,ai,http://wfrp.ia/dominio/ciencia-tecnologia#InteligenciaArtificial,1.0,False
1ng5zl7,test,2,http://wfrp.ia/resource/reddit/post/1ng5zl7,ont_InteligenciaArtificial_Neutro,ai,http://wfrp.ia/dominio/ciencia-tecnologia#InteligenciaArtificial,4.0,False
1ng5zl7,test,2,http://wfrp.ia/resource/reddit/post/1ng5zl7,ont_Tecnologia_Neutro,technology,http://wfrp.ia/dominio/ciencia-tecnologia#Tecnologia,1.0,True
1ng5zl7,test,2,http://wfrp.ia/resource/reddit/post/1ng5zl7,ont_Futuro_Neutro,future,http://wfrp.ia/dominio/ciencia-tecnologia#Futuro,1.0,False
1ng5zl7,test,2,http://wfrp.ia/resource/reddit/post/1ng5zl7,ont_has_ontology_elements,global_counts,,1.0,False
1ng5zl7,test,2,http://wfrp.ia/resource/reddit/post/1ng5zl7,ont_count_domain_concepts,global_counts,,3.0,False
1ng5zl7,test,2,http://wfrp.ia/resource/reddit/post/1ng5zl7,ont_total_positivo_mentions,global_counts,,1.0,False
1ng5zl7,test,2,http://wfrp.ia/resource/reddit/post/1ng5zl7,ont_total_neutro_mentions,global_counts,,6.0,False
1ng5zl7,test,2,http://wfrp.ia/resource/reddit/post/1ng5zl7,ont_domain_score,global_counts,,7.0,False
1ng5zl7,test,2,http://wfrp.ia/resource/reddit/post/1ng5zl7,ont_domain_density,global_counts,,0.014354066985645933,True
1ngzopy,test,1,http://wfrp.ia/resource/reddit/post/1ngzopy,ont_InteligenciaArtificial_Neutro,ai,http://wfrp.ia/dominio/ciencia-tecnologia#InteligenciaArtificial,2.0,False
1ngzopy,test,1,http://wfrp.ia/resource/reddit/post/1ngzopy,ont_Datos_Neutro,data,http://wfrp.ia/dominio/ciencia-tecnologia#Datos,1.0,False
1ngzopy,test,1,http://wfrp.ia/resource/reddit/post/1ngzopy,ont_has_ontology_elements,global_counts,,1.0,False
1ngzopy,test,1,http://wfrp.ia/resource/reddit/post/1ngzopy,ont_count_domain_concepts,global_counts,,2.0,False
1ngzopy,test,1,http://wfrp.ia/resource/reddit/post/1ngzopy,ont_total_neutro_mentions,global_counts,,3.0,False
1ngzopy,test,1,http://wfrp.ia/resource/reddit/post/1ngzopy,ont_domain_score,global_counts,,3.0,False
1ngzopy,test,1,http://wfrp.ia/resource/reddit/post/1ngzopy,ont_domain_density,global_counts,,0.05,True
1ngxjtm,test,1,http://wfrp.ia/resource/reddit/post/1ngxjtm,ont_InteligenciaArtificial_Neutro,ai,http://wfrp.ia/dominio/ciencia-tecnologia#InteligenciaArtificial,18.0,False
1ngxjtm,test,1,http://wfrp.ia/resource/reddit/post/1ngxjtm,ont_Robot_Neutro,robot,http://wfrp.ia/dominio/ciencia-tecnologia#Robot,1.0,False
1ngxjtm,test,1,http://wfrp.ia/resource/reddit/post/1ngxjtm,ont_has_ontology_elements,global_counts,,1.0,False
1ngxjtm,test,1,http://wfrp.ia/resource/reddit/post/1ngxjtm,ont_count_domain_concepts,global_counts,,2.0,False
1ngxjtm,test,1,http://wfrp.ia/resource/reddit/post/1ngxjtm,ont_total_neutro_mentions,global_counts,,19.0,False
1ngxjtm,test,1,http://wfrp.ia/resource/reddit/post/1ngxjtm,ont_domain_score,global_counts,,19.0,False
1ngxjtm,test,1,http://wfrp.ia/resource/reddit/post/1ngxjtm,ont_domain_density,global_counts,,0.007272727272727273,True
1nh99ng,test,2,http://wfrp.ia/resource/reddit/post/1nh99ng,ont_InteligenciaArtificial_Neutro,ai,http://wfrp.ia/dominio/ciencia-tecnologia#InteligenciaArtificial,2.0,False
1nh99ng,test,2,http://wfrp.ia/resource/reddit/post/1nh99ng,ont_has_ontology_elements,global_counts,,1.0,False
1nh99ng,test,2,http://wfrp.ia/resource/reddit/post/1nh99ng,ont_count_domain_concepts,global_counts,,1.0,False
1nh99ng,test,2,http://wfrp.ia/resource/reddit/post/1nh99ng,ont_total_neutro_mentions,global_counts,,2.0,False
1nh99ng,test,2,http://wfrp.ia/resource/reddit/post/1nh99ng,ont_domain_score,global_counts,,2.0,False
1nh99ng,test,2,http://wfrp.ia/resource/reddit/post/1nh99ng,ont_domain_density,global_counts,,0.022222222222222223,True
1ngk5mn,test,2,http://wfrp.ia/resource/reddit/post/1ngk5mn,ont_InteligenciaArtificial_Neutro,ai,http://wfrp.ia/dominio/ciencia-tecnologia#InteligenciaArtificial,1.0,False
1ngk5mn,test,2,http://wfrp.ia/resource/reddit/post/1ngk5mn,ont_has_ontology_elements,global_counts,,1.0,False
1ngk5mn,test,2,http://wfrp.ia/resource/reddit/post/1ngk5mn,ont_count_domain_concepts,global_counts,,1.0,False
1ngk5mn,test,2,http://wfrp.ia/resource/reddit/post/1ngk5mn,ont_total_neutro_mentions,global_counts,,1.0,False
1ngk5mn,test,2,http://wfrp.ia/resource/reddit/post/1ngk5mn,ont_domain_score,global_counts,,1.0,False
1ngk5mn,test,2,http://wfrp.ia/resource/reddit/post/1ngk5mn,ont_domain_density,global_counts,,0.03225806451612903,True
1n8v1rg,test,1,http://wfrp.ia/resource/reddit/post/1n8v1rg,ont_InteligenciaArtificial_Neutro,ai,http://wfrp.ia/dominio/ciencia-tecnologia#InteligenciaArtificial,1.0,False
1n8v1rg,test,1,http://wfrp.ia/resource/reddit/post/1n8v1rg,ont_has_ontology_elements,global_counts,,1.0,False
1n8v1rg,test,1,http://wfrp.ia/resource/reddit/post/1n8v1rg,ont_count_domain_concepts,global_counts,,1.0,False
1n8v1rg,test,1,http://wfrp.ia/resource/reddit/post/1n8v1rg,ont_total_neutro_mentions,global_counts,,1.0,False
1n8v1rg,test,1,http://wfrp.ia/resource/reddit/post/1n8v1rg,ont_domain_score,global_counts,,1.0,False
1n8v1rg,test,1,http://wfrp.ia/resource/reddit/post/1n8v1rg,ont_domain_density,global_counts,,0.06666666666666667,True
1n8n1lb,test,1,http://wfrp.ia/resource/reddit/post/1n8n1lb,ont_Datos_Neutro,data,http://wfrp.ia/dominio/ciencia-tecnologia#Datos,1.0,False
1n8n1lb,test,1,http://wfrp.ia/resource/reddit/post/1n8n1lb,ont_has_ontology_elements,global_counts,,1.0,False
1n8n1lb,test,1,http://wfrp.ia/resource/reddit/post/1n8n1lb,ont_count_domain_concepts,global_counts,,1.0,False
1n8n1lb,test,1,http://wfrp.ia/resource/reddit/post/1n8n1lb,ont_total_neutro_mentions,global_counts,,1.0,False
1n8n1lb,test,1,http://wfrp.ia/resource/reddit/post/1n8n1lb,ont_domain_score,global_counts,,1.0,False
1n8n1lb,test,1,http://wfrp.ia/resource/reddit/post/1n8n1lb,ont_domain_density,global_counts,,0.045454545454545456,True
1n86s3w,test,2,http://wfrp.ia/resource/reddit/post/1n86s3w,ont_InteligenciaArtificial_Neutro,ai,http://wfrp.ia/dominio/ciencia-tecnologia#InteligenciaArtificial,1.0,False
1n86s3w,test,2,http://wfrp.ia/resource/reddit/post/1n86s3w,ont_has_ontology_elements,global_counts,,1.0,False
1n86s3w,test,2,http://wfrp.ia/resource/reddit/post/1n86s3w,ont_count_domain_concepts,global_counts,,1.0,False
1n86s3w,test,2,http://wfrp.ia/resource/reddit/post/1n86s3w,ont_total_neutro_mentions,global_counts,,1.0,False
1n86s3w,test,2,http://wfrp.ia/resource/reddit/post/1n86s3w,ont_domain_score,global_counts,,1.0,False
1n86s3w,test,2,http://wfrp.ia/resource/reddit/post/1n86s3w,ont_domain_density,global_counts,,0.08333333333333333,True
1nb4bli,test,2,http://wfrp.ia/resource/reddit/post/1nb4bli,ont_Tecnologia_Neutro,technology,http://wfrp.ia/dominio/ciencia-tecnologia#Tecnologia,1.0,True
1nb4bli,test,2,http://wfrp.ia/resource/reddit/post/1nb4bli,ont_has_ontology_elements,global_counts,,1.0,False
1nb4bli,test,2,http://wfrp.ia/resource/reddit/post/1nb4bli,ont_count_domain_concepts,global_counts,,1.0,False
1nb4bli,test,2,http://wfrp.ia/resource/reddit/post/1nb4bli,ont_total_neutro_mentions,global_counts,,1.0,False
1nb4bli,test,2,http://wfrp.ia/resource/reddit/post/1nb4bli,ont_domain_score,global_counts,,1.0,False
1nb4bli,test,2,http://wfrp.ia/resource/reddit/post/1nb4bli,ont_domain_density,global_counts,,0.045454545454545456,True
1nc9itd,test,1,http://wfrp.ia/resource/reddit/post/1nc9itd,,,,0.0,False
1n4cu3k,test,2,http://wfrp.ia/resource/reddit/post/1n4cu3k,ont_InteligenciaArtificial_Neutro,ai,http://wfrp.ia/dominio/ciencia-tecnologia#InteligenciaArtificial,2.0,False
1n4cu3k,test,2,http://wfrp.ia/resource/reddit/post/1n4cu3k,ont_Datos_Neutro,data,http://wfrp.ia/dominio/ciencia-tecnologia#Datos,1.0,False
1n4cu3k,test,2,http://wfrp.ia/resource/reddit/post/1n4cu3k,ont_has_ontology_elements,global_counts,,1.0,False
1n4cu3k,test,2,http://wfrp.ia/resource/reddit/post/1n4cu3k,ont_count_domain_concepts,global_counts,,2.0,False
1n4cu3k,test,2,http://wfrp.ia/resource/reddit/post/1n4cu3k,ont_total_neutro_mentions,global_counts,,3.0,False
1n4cu3k,test,2,http://wfrp.ia/resource/reddit/post/1n4cu3k,ont_domain_score,global_counts,,3.0,False
1n4cu3k,test,2,http://wfrp.ia/resource/reddit/post/1n4cu3k,ont_domain_density,global_counts,,0.06060606060606061,True
1n99nua,test,2,http://wfrp.ia/resource/reddit/post/1n99nua,,,,0.0,False
1n75mz6,test,2,http://wfrp.ia/resource/reddit/post/1n75mz6,ont_Datos_Neutro,data,http://wfrp.ia/dominio/ciencia-tecnologia#Datos,1.0,False
1n75mz6,test,2,http://wfrp.ia/resource/reddit/post/1n75mz6,ont_has_ontology_elements,global_counts,,1.0,False
1n75mz6,test,2,http://wfrp.ia/resource/reddit/post/1n75mz6,ont_count_domain_concepts,global_counts,,1.0,False
1n75mz6,test,2,http://wfrp.ia/resource/reddit/post/1n75mz6,ont_total_neutro_mentions,global_counts,,1.0,False
1n75mz6,test,2,http://wfrp.ia/resource/reddit/post/1n75mz6,ont_domain_score,global_counts,,1.0,False
1n75mz6,test,2,http://wfrp.ia/resource/reddit/post/1n75mz6,ont_domain_density,global_counts,,0.07692307692307693,True
1n6q3nr,test,2,http://wfrp.ia/resource/reddit/post/1n6q3nr,,,,0.0,False
1negfc1,test,1,http://wfrp.ia/resource/reddit/post/1negfc1,,,,0.0,False
1nig7mp,test,1,http://wfrp.ia/resource/reddit/post/1nig7mp,,,,0.0,False
1nbo2dp,test,0,http://wfrp.ia/resource/reddit/post/1nbo2dp,,,,0.0,False
1nfb488,test,2,http://wfrp.ia/resource/reddit/post/1nfb488,ont_InteligenciaArtificial_Neutro,ai,http://wfrp.ia/dominio/ciencia-tecnologia#InteligenciaArtificial,1.0,False
1nfb488,test,2,http://wfrp.ia/resource/reddit/post/1nfb488,ont_has_ontology_elements,global_counts,,1.0,False
1nfb488,test,2,http://wfrp.ia/resource/reddit/post/1nfb488,ont_count_domain_concepts,global_counts,,1.0,False
1nfb488,test,2,http://wfrp.ia/resource/reddit/post/1nfb488,ont_total_neutro_mentions,global_counts,,1.0,False
1nfb488,test,2,http://wfrp.ia/resource/reddit/post/1nfb488,ont_domain_score,global_counts,,1.0,False
1nfb488,test,2,http://wfrp.ia/resource/reddit/post/1nfb488,ont_domain_density,global_counts,,0.1,True
1nf7ez8,test,1,http://wfrp.ia/resource/reddit/post/1nf7ez8,ont_InteligenciaArtificial_Neutro,ai,http://wfrp.ia/dominio/ciencia-tecnologia#InteligenciaArtificial,1.0,False
1nf7ez8,test,1,http://wfrp.ia/resource/reddit/post/1nf7ez8,ont_has_ontology_elements,global_counts,,1.0,False
1nf7ez8,test,1,http://wfrp.ia/resource/reddit/post/1nf7ez8,ont_count_domain_concepts,global_counts,,1.0,False
1nf7ez8,test,1,http://wfrp.ia/resource/reddit/post/1nf7ez8,ont_total_neutro_mentions,global_counts,,1.0,False
1nf7ez8,test,1,http://wfrp.ia/resource/reddit/post/1nf7ez8,ont_domain_score,global_counts,,1.0,False
1nf7ez8,test,1,http://wfrp.ia/resource/reddit/post/1nf7ez8,ont_domain_density,global_counts,,0.07142857142857142,True
1nfpo5j,test,1,http://wfrp.ia/resource/reddit/post/1nfpo5j,,,,0.0,False
